1 0.539 0.755 0.538 0.756 0.535 0.756 0.532 0.759 0.532 0.76 0.531 0.761 0.531 0.762 0.532 0.763 0.532 0.765 0.535 0.767 0.538 0.767 0.539 0.768 0.541 0.768 0.542 0.767 0.544 0.767 0.547 0.765 0.547 0.763 0.548 0.762 0.548 0.761 0.547 0.76 0.547 0.759 0.544 0.756 0.542 0.756 0.541 0.755
1 0.493 0.727 0.492 0.728 0.491 0.728 0.488 0.73 0.488 0.731 0.486 0.732 0.486 0.734 0.488 0.735 0.488 0.736 0.49 0.738 0.492 0.738 0.493 0.738 0.495 0.738 0.496 0.738 0.498 0.738 0.5 0.736 0.5 0.735 0.501 0.734 0.501 0.732 0.5 0.731 0.5 0.73 0.498 0.728 0.496 0.728 0.495 0.727
1 0.545 0.722 0.544 0.723 0.543 0.723 0.54 0.725 0.54 0.726 0.539 0.727 0.539 0.729 0.54 0.73 0.54 0.73 0.542 0.732 0.544 0.732 0.545 0.733 0.547 0.733 0.548 0.732 0.55 0.732 0.552 0.73 0.552 0.73 0.553 0.729 0.553 0.727 0.552 0.726 0.552 0.724 0.55 0.723 0.548 0.723 0.547 0.722
1 0.514 0.711 0.512 0.712 0.511 0.712 0.508 0.714 0.508 0.715 0.507 0.716 0.507 0.718 0.508 0.719 0.508 0.72 0.51 0.721 0.512 0.721 0.514 0.722 0.516 0.722 0.517 0.721 0.519 0.721 0.521 0.72 0.521 0.719 0.522 0.718 0.522 0.716 0.521 0.715 0.521 0.713 0.519 0.712 0.517 0.712 0.516 0.711
1 0.231 0.709 0.23 0.709 0.228 0.709 0.224 0.712 0.224 0.714 0.223 0.715 0.223 0.717 0.224 0.718 0.224 0.72 0.227 0.722 0.23 0.722 0.231 0.723 0.233 0.723 0.234 0.722 0.238 0.722 0.241 0.72 0.241 0.718 0.242 0.717 0.242 0.715 0.241 0.714 0.241 0.712 0.238 0.709 0.234 0.709 0.233 0.709
1 0.47 0.705 0.469 0.706 0.468 0.706 0.465 0.709 0.465 0.709 0.464 0.71 0.464 0.712 0.465 0.713 0.465 0.714 0.467 0.716 0.469 0.716 0.47 0.716 0.472 0.716 0.473 0.716 0.475 0.716 0.477 0.714 0.477 0.713 0.478 0.712 0.478 0.71 0.477 0.709 0.477 0.708 0.475 0.706 0.473 0.706 0.472 0.705
1 0.162 0.704 0.161 0.705 0.159 0.705 0.155 0.708 0.155 0.709 0.154 0.71 0.154 0.712 0.155 0.713 0.155 0.715 0.158 0.717 0.161 0.717 0.162 0.718 0.165 0.718 0.166 0.717 0.169 0.717 0.172 0.715 0.172 0.713 0.173 0.712 0.173 0.71 0.172 0.709 0.172 0.707 0.169 0.705 0.166 0.705 0.165 0.704
1 0.394 0.702 0.393 0.702 0.392 0.702 0.389 0.705 0.389 0.705 0.388 0.706 0.388 0.709 0.389 0.709 0.389 0.71 0.391 0.712 0.393 0.712 0.394 0.712 0.396 0.712 0.397 0.712 0.399 0.712 0.401 0.71 0.401 0.709 0.402 0.709 0.402 0.706 0.401 0.705 0.401 0.704 0.399 0.702 0.397 0.702 0.396 0.702
1 0.254 0.701 0.253 0.702 0.251 0.702 0.247 0.705 0.247 0.706 0.246 0.707 0.246 0.709 0.247 0.71 0.247 0.712 0.25 0.714 0.253 0.714 0.254 0.715 0.256 0.715 0.257 0.714 0.26 0.714 0.264 0.712 0.264 0.71 0.265 0.709 0.265 0.707 0.264 0.706 0.264 0.704 0.26 0.702 0.257 0.702 0.256 0.701
1 0.362 0.7 0.361 0.701 0.359 0.701 0.356 0.703 0.356 0.705 0.355 0.705 0.355 0.707 0.356 0.708 0.356 0.709 0.359 0.712 0.361 0.712 0.362 0.712 0.365 0.712 0.366 0.712 0.368 0.712 0.371 0.709 0.371 0.708 0.372 0.707 0.372 0.705 0.371 0.705 0.371 0.703 0.368 0.701 0.366 0.701 0.365 0.7
1 0.298 0.7 0.297 0.701 0.295 0.701 0.291 0.704 0.291 0.705 0.29 0.706 0.29 0.709 0.291 0.709 0.291 0.711 0.294 0.713 0.297 0.713 0.298 0.714 0.3 0.714 0.301 0.713 0.304 0.713 0.307 0.711 0.307 0.709 0.308 0.709 0.308 0.706 0.307 0.705 0.307 0.703 0.304 0.701 0.301 0.701 0.3 0.7
1 0.496 0.699 0.495 0.7 0.493 0.7 0.49 0.702 0.49 0.704 0.489 0.705 0.489 0.706 0.49 0.707 0.49 0.709 0.493 0.711 0.495 0.711 0.496 0.712 0.498 0.712 0.499 0.711 0.501 0.711 0.504 0.709 0.504 0.707 0.505 0.706 0.505 0.705 0.504 0.704 0.504 0.702 0.501 0.7 0.499 0.7 0.498 0.699
1 0.521 0.696 0.52 0.697 0.518 0.697 0.515 0.699 0.515 0.701 0.514 0.702 0.514 0.703 0.515 0.704 0.515 0.705 0.518 0.708 0.52 0.708 0.521 0.709 0.523 0.709 0.524 0.708 0.526 0.708 0.529 0.705 0.529 0.704 0.53 0.703 0.53 0.702 0.529 0.701 0.529 0.699 0.526 0.697 0.524 0.697 0.523 0.696
1 0.538 0.69 0.536 0.691 0.534 0.691 0.531 0.693 0.531 0.695 0.53 0.695 0.53 0.697 0.531 0.698 0.531 0.699 0.534 0.702 0.536 0.702 0.538 0.702 0.54 0.702 0.541 0.702 0.543 0.702 0.546 0.699 0.546 0.698 0.547 0.697 0.547 0.695 0.546 0.695 0.546 0.693 0.543 0.691 0.541 0.691 0.54 0.69
1 0.611 0.686 0.61 0.687 0.609 0.687 0.606 0.689 0.606 0.69 0.605 0.691 0.605 0.693 0.606 0.694 0.606 0.695 0.608 0.696 0.61 0.696 0.611 0.697 0.614 0.697 0.615 0.696 0.617 0.696 0.619 0.695 0.619 0.694 0.62 0.693 0.622 0.695 0.622 0.695 0.624 0.697 0.626 0.697 0.627 0.698 0.629 0.698 0.63 0.697 0.632 0.697 0.634 0.695 0.634 0.695 0.635 0.694 0.635 0.691 0.634 0.691 0.634 0.689 0.632 0.688 0.63 0.688 0.629 0.687 0.627 0.687 0.626 0.688 0.625 0.688 0.622 0.69 0.622 0.691 0.621 0.691 0.619 0.69 0.619 0.688 0.617 0.687 0.615 0.687 0.614 0.686
1 0.394 0.682 0.393 0.683 0.391 0.683 0.388 0.685 0.388 0.687 0.386 0.688 0.386 0.689 0.388 0.69 0.388 0.691 0.391 0.694 0.393 0.694 0.394 0.695 0.396 0.695 0.397 0.694 0.399 0.694 0.402 0.691 0.402 0.69 0.403 0.689 0.403 0.688 0.402 0.687 0.402 0.685 0.399 0.683 0.397 0.683 0.396 0.682
1 0.558 0.68 0.557 0.681 0.556 0.681 0.553 0.684 0.553 0.684 0.552 0.685 0.552 0.688 0.553 0.688 0.553 0.689 0.555 0.691 0.557 0.691 0.558 0.691 0.56 0.691 0.561 0.691 0.564 0.691 0.566 0.689 0.566 0.688 0.567 0.688 0.567 0.685 0.566 0.684 0.566 0.683 0.564 0.681 0.561 0.681 0.56 0.68
1 0.349 0.68 0.348 0.681 0.346 0.681 0.343 0.684 0.343 0.685 0.342 0.686 0.342 0.688 0.343 0.688 0.343 0.69 0.346 0.692 0.348 0.692 0.349 0.693 0.351 0.693 0.352 0.692 0.354 0.692 0.357 0.69 0.357 0.688 0.358 0.688 0.358 0.686 0.357 0.685 0.357 0.684 0.354 0.681 0.352 0.681 0.351 0.68
1 0.489 0.677 0.488 0.678 0.485 0.678 0.482 0.68 0.482 0.682 0.481 0.683 0.481 0.684 0.482 0.685 0.482 0.687 0.485 0.689 0.488 0.689 0.489 0.69 0.491 0.69 0.492 0.689 0.494 0.689 0.497 0.687 0.497 0.685 0.498 0.684 0.498 0.683 0.497 0.682 0.497 0.68 0.494 0.678 0.492 0.678 0.491 0.677
1 0.433 0.674 0.432 0.675 0.43 0.675 0.427 0.677 0.427 0.679 0.426 0.68 0.426 0.681 0.427 0.682 0.427 0.684 0.43 0.686 0.432 0.686 0.433 0.687 0.435 0.687 0.436 0.686 0.439 0.686 0.442 0.684 0.442 0.682 0.443 0.681 0.443 0.68 0.442 0.679 0.442 0.677 0.439 0.675 0.436 0.675 0.435 0.674
1 0.458 0.67 0.457 0.671 0.455 0.671 0.452 0.673 0.452 0.675 0.451 0.676 0.451 0.677 0.452 0.678 0.452 0.68 0.455 0.682 0.457 0.682 0.458 0.683 0.46 0.683 0.461 0.682 0.464 0.682 0.467 0.68 0.467 0.678 0.468 0.677 0.468 0.676 0.467 0.675 0.467 0.673 0.464 0.671 0.461 0.671 0.46 0.67
1 0.534 0.67 0.533 0.67 0.532 0.67 0.529 0.673 0.529 0.673 0.528 0.674 0.528 0.677 0.529 0.677 0.529 0.678 0.531 0.68 0.533 0.68 0.534 0.68 0.536 0.68 0.538 0.68 0.54 0.68 0.542 0.678 0.542 0.677 0.543 0.677 0.543 0.674 0.542 0.673 0.542 0.672 0.54 0.67 0.538 0.67 0.536 0.67
1 0.402 0.669 0.401 0.67 0.399 0.67 0.396 0.672 0.396 0.673 0.395 0.674 0.395 0.676 0.396 0.677 0.396 0.678 0.399 0.68 0.401 0.68 0.402 0.681 0.404 0.681 0.405 0.68 0.407 0.68 0.41 0.678 0.41 0.677 0.411 0.676 0.411 0.674 0.41 0.673 0.41 0.672 0.407 0.67 0.405 0.67 0.404 0.669
1 0.494 0.655 0.493 0.655 0.492 0.655 0.489 0.658 0.489 0.659 0.488 0.659 0.488 0.662 0.489 0.662 0.489 0.663 0.491 0.665 0.493 0.665 0.494 0.666 0.496 0.666 0.497 0.665 0.499 0.665 0.501 0.663 0.501 0.662 0.502 0.662 0.502 0.659 0.501 0.659 0.501 0.657 0.499 0.655 0.497 0.655 0.496 0.655
1 0.3 0.654 0.299 0.655 0.297 0.655 0.293 0.658 0.293 0.659 0.292 0.66 0.292 0.662 0.293 0.663 0.293 0.665 0.296 0.667 0.299 0.667 0.3 0.668 0.302 0.668 0.303 0.667 0.306 0.667 0.309 0.665 0.309 0.663 0.31 0.662 0.31 0.66 0.309 0.659 0.309 0.657 0.306 0.655 0.303 0.655 0.302 0.654
1 0.654 0.65 0.653 0.651 0.652 0.651 0.649 0.653 0.649 0.654 0.648 0.655 0.648 0.657 0.649 0.658 0.649 0.659 0.651 0.66 0.653 0.66 0.654 0.661 0.656 0.661 0.657 0.66 0.659 0.66 0.661 0.659 0.661 0.658 0.662 0.657 0.662 0.655 0.661 0.654 0.661 0.652 0.659 0.651 0.657 0.651 0.656 0.65
1 0.531 0.641 0.53 0.642 0.529 0.642 0.526 0.645 0.526 0.645 0.525 0.646 0.525 0.648 0.521 0.651 0.521 0.652 0.52 0.652 0.52 0.655 0.521 0.655 0.521 0.656 0.523 0.658 0.525 0.658 0.526 0.659 0.528 0.659 0.529 0.658 0.531 0.658 0.533 0.656 0.533 0.655 0.534 0.655 0.534 0.652 0.535 0.652 0.536 0.652 0.539 0.65 0.539 0.649 0.54 0.648 0.54 0.646 0.539 0.645 0.539 0.644 0.536 0.642 0.534 0.642 0.533 0.641
1 0.385 0.638 0.384 0.639 0.382 0.639 0.377 0.643 0.375 0.643 0.372 0.645 0.372 0.647 0.371 0.648 0.371 0.649 0.372 0.65 0.372 0.652 0.375 0.654 0.377 0.654 0.378 0.655 0.38 0.655 0.381 0.654 0.383 0.654 0.389 0.65 0.391 0.65 0.394 0.648 0.394 0.646 0.395 0.645 0.395 0.644 0.394 0.643 0.394 0.641 0.391 0.639 0.389 0.639 0.388 0.638
1 0.35 0.635 0.349 0.636 0.347 0.636 0.344 0.638 0.344 0.64 0.343 0.641 0.343 0.642 0.344 0.643 0.344 0.645 0.347 0.647 0.349 0.647 0.35 0.648 0.352 0.648 0.353 0.647 0.355 0.647 0.358 0.645 0.358 0.643 0.359 0.642 0.359 0.641 0.358 0.64 0.358 0.638 0.355 0.636 0.353 0.636 0.352 0.635
1 0.546 0.632 0.545 0.633 0.544 0.633 0.541 0.635 0.541 0.636 0.54 0.637 0.54 0.639 0.541 0.64 0.541 0.641 0.543 0.642 0.545 0.642 0.546 0.643 0.548 0.643 0.549 0.642 0.551 0.642 0.553 0.641 0.553 0.64 0.554 0.639 0.554 0.637 0.553 0.636 0.553 0.634 0.551 0.633 0.549 0.633 0.548 0.632
1 0.453 0.632 0.452 0.633 0.451 0.633 0.448 0.635 0.448 0.636 0.447 0.637 0.447 0.639 0.448 0.64 0.448 0.641 0.45 0.642 0.452 0.642 0.453 0.643 0.455 0.643 0.456 0.642 0.458 0.642 0.46 0.641 0.46 0.64 0.461 0.639 0.461 0.637 0.46 0.636 0.46 0.634 0.458 0.633 0.456 0.633 0.455 0.632
1 0.402 0.631 0.401 0.632 0.399 0.632 0.396 0.634 0.396 0.636 0.395 0.637 0.395 0.638 0.396 0.639 0.396 0.641 0.399 0.643 0.401 0.643 0.402 0.644 0.401 0.645 0.401 0.646 0.402 0.647 0.402 0.648 0.405 0.651 0.407 0.651 0.408 0.652 0.41 0.652 0.411 0.651 0.414 0.651 0.417 0.648 0.417 0.647 0.418 0.646 0.418 0.645 0.417 0.644 0.417 0.642 0.414 0.64 0.411 0.64 0.41 0.639 0.411 0.638 0.411 0.637 0.41 0.636 0.41 0.634 0.407 0.632 0.405 0.632 0.404 0.631
1 0.495 0.628 0.494 0.629 0.493 0.629 0.49 0.631 0.49 0.632 0.489 0.633 0.489 0.635 0.49 0.636 0.49 0.637 0.492 0.638 0.494 0.638 0.495 0.639 0.497 0.639 0.498 0.638 0.5 0.638 0.502 0.637 0.502 0.636 0.503 0.635 0.503 0.633 0.502 0.632 0.502 0.63 0.5 0.629 0.498 0.629 0.497 0.628
1 0.361 0.62 0.36 0.621 0.358 0.621 0.355 0.623 0.355 0.625 0.354 0.626 0.354 0.627 0.355 0.628 0.355 0.63 0.358 0.632 0.36 0.632 0.362 0.634 0.362 0.634 0.361 0.635 0.361 0.637 0.362 0.638 0.362 0.639 0.366 0.641 0.368 0.641 0.369 0.642 0.371 0.642 0.372 0.641 0.374 0.641 0.377 0.639 0.377 0.638 0.378 0.637 0.378 0.635 0.377 0.634 0.377 0.633 0.374 0.63 0.372 0.63 0.37 0.629 0.37 0.628 0.371 0.627 0.371 0.626 0.37 0.625 0.37 0.623 0.367 0.621 0.365 0.621 0.364 0.62
1 0.666 0.592 0.665 0.593 0.664 0.593 0.66 0.595 0.66 0.596 0.659 0.597 0.659 0.599 0.66 0.6 0.66 0.601 0.662 0.602 0.665 0.602 0.666 0.603 0.668 0.603 0.669 0.602 0.671 0.602 0.673 0.601 0.673 0.6 0.674 0.599 0.674 0.597 0.673 0.596 0.673 0.595 0.671 0.593 0.669 0.593 0.668 0.592
1 0.44 0.591 0.439 0.591 0.436 0.591 0.433 0.594 0.433 0.595 0.432 0.596 0.432 0.598 0.433 0.598 0.433 0.601 0.43 0.603 0.43 0.605 0.429 0.605 0.426 0.605 0.425 0.605 0.423 0.605 0.422 0.605 0.42 0.605 0.417 0.608 0.417 0.609 0.416 0.61 0.416 0.612 0.417 0.612 0.417 0.614 0.42 0.616 0.419 0.617 0.418 0.617 0.415 0.62 0.415 0.621 0.414 0.622 0.414 0.623 0.415 0.624 0.415 0.626 0.418 0.628 0.42 0.628 0.421 0.629 0.423 0.629 0.424 0.628 0.426 0.628 0.429 0.626 0.43 0.627 0.43 0.628 0.433 0.63 0.435 0.63 0.436 0.631 0.439 0.631 0.44 0.63 0.442 0.63 0.445 0.628 0.445 0.627 0.446 0.626 0.446 0.624 0.445 0.623 0.445 0.622 0.442 0.62 0.44 0.62 0.439 0.619 0.436 0.619 0.435 0.62 0.433 0.62 0.43 0.622 0.429 0.621 0.429 0.62 0.426 0.617 0.427 0.616 0.428 0.616 0.431 0.614 0.431 0.612 0.432 0.612 0.435 0.612 0.436 0.612 0.439 0.612 0.44 0.612 0.442 0.612 0.445 0.609 0.445 0.608 0.446 0.607 0.446 0.605 0.445 0.605 0.445 0.602 0.448 0.6 0.448 0.598 0.449 0.598 0.449 0.596 0.448 0.595 0.448 0.594 0.445 0.591 0.443 0.591 0.442 0.591
1 0.328 0.586 0.327 0.587 0.325 0.587 0.322 0.589 0.322 0.591 0.321 0.591 0.321 0.593 0.32 0.594 0.319 0.593 0.317 0.593 0.316 0.594 0.314 0.594 0.31 0.596 0.31 0.598 0.309 0.598 0.309 0.6 0.31 0.601 0.31 0.602 0.314 0.605 0.316 0.605 0.317 0.605 0.319 0.605 0.32 0.606 0.319 0.607 0.319 0.609 0.318 0.609 0.318 0.611 0.319 0.612 0.319 0.613 0.322 0.616 0.324 0.616 0.325 0.616 0.327 0.616 0.328 0.616 0.33 0.616 0.333 0.613 0.333 0.612 0.334 0.611 0.334 0.609 0.333 0.609 0.333 0.607 0.33 0.605 0.328 0.605 0.327 0.604 0.325 0.604 0.324 0.603 0.325 0.602 0.325 0.601 0.326 0.6 0.326 0.598 0.327 0.598 0.328 0.598 0.33 0.598 0.331 0.598 0.333 0.598 0.336 0.595 0.336 0.594 0.338 0.593 0.338 0.591 0.336 0.591 0.336 0.589 0.333 0.587 0.331 0.587 0.33 0.586
1 0.683 0.58 0.682 0.581 0.681 0.581 0.678 0.584 0.678 0.584 0.677 0.585 0.677 0.588 0.678 0.588 0.678 0.589 0.68 0.591 0.682 0.591 0.683 0.591 0.685 0.591 0.686 0.591 0.689 0.591 0.691 0.589 0.691 0.588 0.692 0.588 0.692 0.585 0.691 0.584 0.691 0.583 0.689 0.581 0.686 0.581 0.685 0.58
1 0.406 0.575 0.405 0.576 0.403 0.576 0.4 0.578 0.4 0.58 0.399 0.58 0.399 0.582 0.4 0.583 0.4 0.584 0.401 0.585 0.4 0.586 0.398 0.586 0.395 0.588 0.395 0.59 0.394 0.591 0.394 0.592 0.395 0.593 0.395 0.595 0.398 0.597 0.4 0.597 0.401 0.598 0.403 0.598 0.404 0.597 0.406 0.597 0.409 0.595 0.409 0.593 0.41 0.592 0.41 0.591 0.409 0.59 0.409 0.588 0.408 0.588 0.409 0.587 0.411 0.587 0.415 0.584 0.415 0.583 0.416 0.582 0.416 0.58 0.415 0.58 0.415 0.578 0.411 0.576 0.409 0.576 0.408 0.575
1 0.36 0.57 0.359 0.57 0.357 0.57 0.354 0.573 0.354 0.574 0.353 0.575 0.353 0.577 0.354 0.577 0.354 0.579 0.357 0.581 0.359 0.581 0.36 0.582 0.362 0.582 0.364 0.581 0.366 0.581 0.369 0.579 0.369 0.577 0.37 0.577 0.37 0.575 0.369 0.574 0.369 0.573 0.366 0.57 0.364 0.57 0.362 0.57
1 0.236 0.565 0.235 0.566 0.233 0.566 0.23 0.568 0.23 0.57 0.229 0.57 0.229 0.572 0.23 0.573 0.23 0.574 0.233 0.577 0.235 0.577 0.236 0.577 0.239 0.577 0.24 0.577 0.242 0.577 0.245 0.574 0.245 0.573 0.246 0.572 0.246 0.57 0.245 0.57 0.245 0.568 0.242 0.566 0.24 0.566 0.239 0.565
1 0.734 0.555 0.733 0.556 0.732 0.556 0.729 0.559 0.729 0.559 0.728 0.56 0.728 0.562 0.729 0.563 0.729 0.564 0.731 0.566 0.733 0.566 0.734 0.566 0.736 0.566 0.738 0.566 0.74 0.566 0.742 0.564 0.742 0.563 0.743 0.562 0.743 0.56 0.742 0.559 0.742 0.558 0.74 0.556 0.738 0.556 0.736 0.555
1 0.333 0.553 0.332 0.554 0.33 0.554 0.327 0.556 0.327 0.558 0.326 0.559 0.326 0.56 0.327 0.561 0.327 0.562 0.33 0.565 0.332 0.565 0.333 0.566 0.335 0.566 0.336 0.565 0.339 0.565 0.342 0.562 0.342 0.561 0.343 0.56 0.344 0.56 0.345 0.561 0.345 0.562 0.348 0.565 0.35 0.565 0.351 0.566 0.353 0.566 0.354 0.565 0.356 0.565 0.36 0.562 0.361 0.562 0.361 0.564 0.365 0.566 0.367 0.566 0.368 0.567 0.37 0.567 0.371 0.566 0.373 0.566 0.376 0.564 0.376 0.562 0.377 0.562 0.377 0.56 0.376 0.559 0.376 0.558 0.373 0.555 0.371 0.555 0.37 0.555 0.368 0.555 0.367 0.555 0.365 0.555 0.36 0.559 0.359 0.558 0.359 0.556 0.356 0.554 0.354 0.554 0.353 0.553 0.351 0.553 0.35 0.554 0.348 0.554 0.345 0.556 0.345 0.558 0.344 0.559 0.343 0.559 0.342 0.558 0.342 0.556 0.339 0.554 0.336 0.554 0.335 0.553
1 0.659 0.545 0.658 0.545 0.657 0.545 0.654 0.548 0.654 0.548 0.653 0.549 0.653 0.552 0.654 0.552 0.654 0.553 0.656 0.555 0.658 0.555 0.659 0.555 0.661 0.555 0.662 0.555 0.665 0.555 0.667 0.553 0.667 0.552 0.668 0.552 0.668 0.549 0.667 0.548 0.667 0.547 0.665 0.545 0.662 0.545 0.661 0.545
1 0.74 0.52 0.739 0.52 0.738 0.52 0.734 0.523 0.734 0.523 0.733 0.524 0.733 0.527 0.734 0.527 0.734 0.528 0.736 0.53 0.739 0.53 0.74 0.53 0.742 0.53 0.743 0.53 0.745 0.53 0.747 0.528 0.747 0.527 0.748 0.527 0.748 0.524 0.747 0.523 0.747 0.522 0.745 0.52 0.743 0.52 0.742 0.52
1 0.626 0.513 0.625 0.514 0.624 0.514 0.621 0.516 0.621 0.517 0.62 0.518 0.62 0.52 0.621 0.521 0.621 0.522 0.623 0.523 0.625 0.523 0.626 0.524 0.628 0.524 0.629 0.523 0.631 0.523 0.633 0.522 0.633 0.521 0.634 0.52 0.634 0.518 0.633 0.517 0.633 0.516 0.631 0.514 0.629 0.514 0.628 0.513
1 0.608 0.46 0.607 0.461 0.606 0.461 0.603 0.463 0.603 0.464 0.602 0.465 0.602 0.467 0.603 0.468 0.603 0.469 0.605 0.47 0.607 0.47 0.608 0.471 0.61 0.471 0.611 0.47 0.614 0.47 0.616 0.469 0.616 0.468 0.617 0.467 0.617 0.465 0.616 0.464 0.616 0.462 0.614 0.461 0.611 0.461 0.61 0.46
1 0.154 0.459 0.153 0.459 0.152 0.459 0.149 0.462 0.149 0.462 0.148 0.463 0.148 0.466 0.149 0.466 0.149 0.467 0.151 0.469 0.153 0.469 0.154 0.47 0.156 0.47 0.157 0.469 0.159 0.469 0.161 0.467 0.161 0.466 0.162 0.466 0.162 0.463 0.161 0.462 0.161 0.461 0.159 0.459 0.157 0.459 0.156 0.459
1 0.584 0.455 0.583 0.455 0.582 0.455 0.579 0.458 0.579 0.459 0.578 0.459 0.578 0.462 0.579 0.462 0.579 0.463 0.581 0.465 0.583 0.465 0.584 0.466 0.586 0.466 0.588 0.465 0.59 0.465 0.592 0.463 0.592 0.462 0.593 0.462 0.593 0.459 0.592 0.459 0.592 0.457 0.59 0.455 0.588 0.455 0.586 0.455
1 0.183 0.453 0.182 0.454 0.181 0.454 0.178 0.456 0.178 0.457 0.177 0.458 0.177 0.46 0.178 0.461 0.178 0.462 0.18 0.463 0.182 0.463 0.183 0.464 0.185 0.464 0.186 0.463 0.189 0.463 0.191 0.462 0.191 0.461 0.192 0.46 0.192 0.458 0.191 0.457 0.191 0.455 0.189 0.454 0.186 0.454 0.185 0.453
1 0.145 0.43 0.144 0.431 0.143 0.431 0.14 0.434 0.14 0.434 0.139 0.435 0.139 0.438 0.14 0.438 0.14 0.439 0.142 0.441 0.144 0.441 0.148 0.444 0.15 0.444 0.151 0.445 0.152 0.445 0.153 0.445 0.153 0.446 0.155 0.448 0.157 0.448 0.158 0.448 0.159 0.448 0.16 0.449 0.16 0.45 0.162 0.452 0.165 0.452 0.169 0.455 0.171 0.455 0.172 0.455 0.174 0.455 0.175 0.455 0.177 0.455 0.179 0.453 0.179 0.452 0.18 0.452 0.18 0.449 0.179 0.448 0.179 0.447 0.177 0.445 0.175 0.445 0.171 0.442 0.169 0.442 0.168 0.441 0.167 0.441 0.166 0.441 0.166 0.44 0.164 0.438 0.161 0.438 0.16 0.438 0.159 0.438 0.158 0.437 0.158 0.436 0.156 0.434 0.154 0.434 0.15 0.431 0.148 0.431 0.147 0.43
1 0.646 0.427 0.645 0.427 0.644 0.427 0.641 0.43 0.641 0.43 0.64 0.431 0.64 0.434 0.641 0.434 0.641 0.435 0.643 0.437 0.645 0.437 0.646 0.438 0.648 0.438 0.649 0.437 0.651 0.437 0.653 0.435 0.653 0.434 0.654 0.434 0.654 0.431 0.653 0.43 0.653 0.429 0.651 0.427 0.649 0.427 0.648 0.427
1 0.661 0.416 0.66 0.417 0.659 0.417 0.656 0.42 0.656 0.42 0.655 0.421 0.655 0.423 0.656 0.424 0.656 0.425 0.658 0.427 0.66 0.427 0.661 0.427 0.664 0.427 0.665 0.427 0.667 0.427 0.669 0.425 0.669 0.424 0.67 0.423 0.67 0.421 0.669 0.42 0.669 0.419 0.667 0.417 0.665 0.417 0.664 0.416
1 0.589 0.415 0.588 0.416 0.586 0.416 0.583 0.418 0.583 0.419 0.582 0.42 0.582 0.422 0.583 0.423 0.583 0.423 0.585 0.425 0.588 0.425 0.589 0.426 0.591 0.426 0.592 0.425 0.594 0.425 0.596 0.423 0.596 0.423 0.597 0.422 0.597 0.42 0.596 0.419 0.596 0.417 0.594 0.416 0.592 0.416 0.591 0.415
1 0.646 0.395 0.645 0.395 0.644 0.395 0.641 0.398 0.641 0.398 0.64 0.399 0.64 0.402 0.641 0.402 0.641 0.403 0.643 0.405 0.645 0.405 0.646 0.405 0.648 0.405 0.649 0.405 0.651 0.405 0.653 0.403 0.653 0.402 0.654 0.402 0.654 0.399 0.653 0.398 0.653 0.397 0.651 0.395 0.649 0.395 0.648 0.395
1 0.627 0.383 0.626 0.384 0.625 0.384 0.622 0.386 0.622 0.387 0.621 0.388 0.621 0.39 0.622 0.391 0.622 0.391 0.624 0.393 0.626 0.393 0.627 0.394 0.629 0.394 0.63 0.393 0.632 0.393 0.634 0.391 0.634 0.391 0.635 0.39 0.635 0.388 0.634 0.387 0.634 0.385 0.632 0.384 0.63 0.384 0.629 0.383
1 0.677 0.378 0.676 0.379 0.675 0.379 0.672 0.381 0.672 0.382 0.671 0.383 0.671 0.385 0.672 0.386 0.672 0.387 0.674 0.388 0.676 0.388 0.677 0.389 0.679 0.389 0.68 0.388 0.682 0.388 0.684 0.387 0.684 0.386 0.685 0.385 0.685 0.383 0.684 0.382 0.684 0.38 0.682 0.379 0.68 0.379 0.679 0.378
1 0.636 0.348 0.635 0.349 0.634 0.349 0.631 0.352 0.631 0.352 0.63 0.353 0.63 0.355 0.631 0.356 0.631 0.357 0.633 0.359 0.635 0.359 0.636 0.359 0.639 0.359 0.64 0.359 0.642 0.359 0.644 0.357 0.644 0.356 0.645 0.355 0.645 0.353 0.644 0.352 0.644 0.351 0.642 0.349 0.64 0.349 0.639 0.348
1 0.614 0.345 0.612 0.345 0.611 0.345 0.608 0.348 0.608 0.348 0.607 0.349 0.607 0.352 0.608 0.352 0.608 0.353 0.606 0.355 0.605 0.355 0.602 0.357 0.602 0.358 0.601 0.359 0.601 0.361 0.602 0.362 0.602 0.362 0.604 0.364 0.606 0.364 0.607 0.365 0.606 0.366 0.604 0.366 0.603 0.366 0.602 0.366 0.599 0.369 0.599 0.37 0.598 0.37 0.598 0.373 0.599 0.373 0.599 0.374 0.601 0.376 0.603 0.376 0.604 0.377 0.606 0.377 0.607 0.376 0.609 0.376 0.611 0.374 0.611 0.373 0.612 0.373 0.612 0.37 0.611 0.37 0.611 0.368 0.609 0.366 0.607 0.366 0.606 0.366 0.607 0.365 0.609 0.365 0.61 0.364 0.612 0.364 0.615 0.362 0.615 0.362 0.616 0.361 0.616 0.359 0.615 0.358 0.615 0.356 0.617 0.355 0.619 0.355 0.621 0.353 0.621 0.352 0.622 0.352 0.622 0.349 0.621 0.348 0.621 0.347 0.619 0.345 0.617 0.345 0.616 0.345
