0 0.491 0.894 0.49 0.895 0.488 0.895 0.486 0.895 0.485 0.895 0.484 0.896 0.483 0.896 0.481 0.898 0.48 0.898 0.478 0.899 0.478 0.901 0.476 0.902 0.476 0.904 0.475 0.905 0.475 0.909 0.476 0.91 0.476 0.912 0.477 0.912 0.477 0.913 0.478 0.914 0.478 0.915 0.48 0.916 0.481 0.916 0.483 0.918 0.484 0.918 0.485 0.919 0.486 0.919 0.488 0.92 0.49 0.92 0.491 0.92 0.499 0.92 0.5 0.92 0.502 0.92 0.503 0.919 0.505 0.919 0.509 0.916 0.51 0.916 0.511 0.915 0.511 0.914 0.512 0.913 0.512 0.912 0.514 0.912 0.514 0.91 0.515 0.909 0.515 0.905 0.514 0.904 0.514 0.902 0.511 0.901 0.511 0.899 0.51 0.898 0.509 0.898 0.505 0.895 0.503 0.895 0.502 0.895 0.5 0.895 0.499 0.894
0 0.391 0.822 0.39 0.823 0.388 0.823 0.386 0.823 0.385 0.823 0.384 0.824 0.383 0.824 0.381 0.826 0.38 0.826 0.378 0.827 0.378 0.829 0.376 0.83 0.376 0.832 0.375 0.833 0.375 0.838 0.376 0.838 0.376 0.84 0.377 0.841 0.377 0.841 0.378 0.842 0.378 0.843 0.38 0.845 0.381 0.845 0.383 0.846 0.384 0.846 0.385 0.847 0.386 0.847 0.388 0.848 0.39 0.848 0.391 0.848 0.399 0.848 0.4 0.848 0.402 0.848 0.403 0.847 0.405 0.847 0.409 0.844 0.41 0.844 0.411 0.843 0.411 0.842 0.412 0.841 0.412 0.841 0.414 0.84 0.414 0.838 0.415 0.838 0.415 0.833 0.414 0.832 0.414 0.83 0.411 0.829 0.411 0.827 0.41 0.827 0.409 0.827 0.405 0.823 0.403 0.823 0.402 0.823 0.4 0.823 0.399 0.822
0 0.278 0.805 0.277 0.806 0.274 0.806 0.266 0.812 0.266 0.815 0.265 0.816 0.265 0.821 0.266 0.822 0.266 0.823 0.274 0.83 0.277 0.83 0.278 0.83 0.285 0.83 0.286 0.83 0.289 0.83 0.297 0.823 0.297 0.822 0.298 0.821 0.298 0.816 0.297 0.815 0.297 0.812 0.289 0.806 0.286 0.806 0.285 0.805
0 0.256 0.781 0.255 0.782 0.252 0.782 0.244 0.788 0.244 0.791 0.243 0.791 0.243 0.797 0.244 0.798 0.244 0.799 0.252 0.805 0.255 0.805 0.256 0.806 0.264 0.806 0.265 0.805 0.267 0.805 0.275 0.799 0.275 0.798 0.276 0.797 0.276 0.791 0.275 0.791 0.275 0.788 0.267 0.782 0.265 0.782 0.264 0.781
0 0.397 0.735 0.396 0.736 0.394 0.736 0.392 0.738 0.391 0.738 0.386 0.741 0.385 0.741 0.385 0.741 0.384 0.742 0.384 0.743 0.383 0.744 0.383 0.745 0.382 0.745 0.382 0.747 0.381 0.748 0.381 0.754 0.382 0.755 0.382 0.756 0.383 0.757 0.383 0.758 0.384 0.759 0.384 0.759 0.385 0.76 0.385 0.761 0.386 0.762 0.388 0.762 0.391 0.764 0.392 0.764 0.394 0.766 0.396 0.766 0.397 0.766 0.404 0.766 0.405 0.766 0.407 0.766 0.408 0.765 0.41 0.765 0.411 0.764 0.412 0.764 0.414 0.763 0.414 0.762 0.415 0.762 0.416 0.762 0.417 0.761 0.417 0.76 0.418 0.759 0.418 0.759 0.419 0.758 0.419 0.757 0.42 0.756 0.42 0.755 0.421 0.754 0.421 0.748 0.42 0.747 0.42 0.745 0.419 0.745 0.419 0.744 0.418 0.743 0.418 0.742 0.417 0.741 0.417 0.741 0.416 0.741 0.414 0.739 0.414 0.738 0.412 0.738 0.411 0.738 0.41 0.737 0.408 0.737 0.407 0.736 0.405 0.736 0.404 0.735
0 0.715 0.723 0.714 0.723 0.711 0.723 0.709 0.725 0.708 0.725 0.704 0.728 0.703 0.728 0.703 0.729 0.702 0.73 0.702 0.73 0.701 0.731 0.701 0.732 0.7 0.733 0.7 0.734 0.699 0.735 0.699 0.741 0.7 0.742 0.7 0.744 0.701 0.745 0.701 0.745 0.702 0.746 0.702 0.747 0.703 0.748 0.703 0.748 0.704 0.749 0.705 0.749 0.708 0.752 0.709 0.752 0.711 0.753 0.714 0.753 0.715 0.754 0.722 0.754 0.723 0.753 0.725 0.753 0.726 0.752 0.728 0.752 0.729 0.752 0.73 0.752 0.731 0.751 0.731 0.75 0.732 0.749 0.733 0.749 0.734 0.748 0.734 0.748 0.735 0.747 0.735 0.746 0.736 0.745 0.736 0.745 0.738 0.744 0.738 0.742 0.739 0.741 0.739 0.735 0.738 0.734 0.738 0.733 0.736 0.732 0.736 0.731 0.735 0.73 0.735 0.73 0.734 0.729 0.734 0.728 0.733 0.728 0.731 0.727 0.731 0.726 0.73 0.725 0.729 0.725 0.728 0.724 0.726 0.724 0.725 0.723 0.723 0.723 0.722 0.723
0 0.472 0.692 0.471 0.693 0.468 0.693 0.459 0.699 0.459 0.702 0.458 0.702 0.458 0.708 0.459 0.709 0.459 0.71 0.468 0.716 0.471 0.716 0.472 0.717 0.479 0.717 0.48 0.716 0.482 0.716 0.491 0.71 0.491 0.709 0.492 0.708 0.492 0.702 0.491 0.702 0.491 0.699 0.482 0.693 0.48 0.693 0.479 0.692
0 0.652 0.683 0.651 0.684 0.65 0.684 0.649 0.684 0.648 0.684 0.645 0.687 0.645 0.688 0.644 0.688 0.644 0.689 0.643 0.69 0.643 0.693 0.642 0.694 0.641 0.694 0.64 0.693 0.639 0.693 0.638 0.692 0.631 0.692 0.63 0.693 0.629 0.693 0.628 0.694 0.627 0.694 0.624 0.696 0.624 0.697 0.623 0.698 0.623 0.698 0.622 0.699 0.622 0.704 0.623 0.705 0.623 0.705 0.624 0.706 0.624 0.707 0.627 0.709 0.628 0.709 0.629 0.71 0.63 0.71 0.631 0.711 0.638 0.711 0.639 0.71 0.64 0.71 0.641 0.709 0.642 0.709 0.645 0.707 0.645 0.706 0.646 0.705 0.646 0.705 0.647 0.704 0.647 0.701 0.648 0.7 0.649 0.7 0.65 0.701 0.651 0.701 0.652 0.702 0.657 0.702 0.658 0.702 0.656 0.704 0.656 0.706 0.655 0.707 0.655 0.712 0.656 0.713 0.656 0.715 0.665 0.721 0.668 0.721 0.669 0.722 0.676 0.722 0.677 0.721 0.679 0.721 0.688 0.715 0.688 0.713 0.689 0.712 0.689 0.707 0.688 0.706 0.688 0.704 0.679 0.698 0.677 0.698 0.676 0.697 0.669 0.697 0.668 0.698 0.667 0.698 0.666 0.697 0.667 0.696 0.667 0.695 0.668 0.695 0.668 0.69 0.667 0.689 0.667 0.688 0.666 0.688 0.666 0.687 0.662 0.684 0.661 0.684 0.66 0.684 0.659 0.684 0.658 0.683
0 0.614 0.652 0.612 0.652 0.611 0.652 0.61 0.653 0.609 0.653 0.606 0.655 0.606 0.656 0.605 0.657 0.605 0.658 0.604 0.659 0.604 0.663 0.605 0.664 0.605 0.665 0.606 0.666 0.606 0.666 0.609 0.669 0.61 0.669 0.611 0.67 0.612 0.67 0.614 0.67 0.62 0.67 0.621 0.67 0.622 0.67 0.623 0.669 0.624 0.669 0.627 0.666 0.627 0.666 0.628 0.665 0.628 0.664 0.629 0.663 0.629 0.659 0.628 0.658 0.628 0.657 0.627 0.656 0.627 0.655 0.624 0.653 0.623 0.653 0.622 0.652 0.621 0.652 0.62 0.652
0 0.38 0.647 0.379 0.648 0.376 0.648 0.368 0.654 0.368 0.656 0.367 0.657 0.367 0.662 0.368 0.663 0.368 0.665 0.376 0.671 0.379 0.671 0.38 0.672 0.388 0.672 0.389 0.671 0.391 0.671 0.399 0.665 0.399 0.663 0.4 0.662 0.4 0.657 0.399 0.656 0.399 0.654 0.391 0.648 0.389 0.648 0.388 0.647
0 0.547 0.641 0.546 0.642 0.545 0.642 0.544 0.643 0.543 0.643 0.54 0.645 0.54 0.646 0.539 0.647 0.539 0.648 0.538 0.648 0.538 0.653 0.539 0.654 0.539 0.655 0.54 0.655 0.54 0.656 0.542 0.658 0.54 0.659 0.539 0.659 0.535 0.662 0.535 0.662 0.534 0.663 0.534 0.664 0.533 0.665 0.533 0.67 0.534 0.67 0.534 0.671 0.535 0.672 0.535 0.673 0.539 0.675 0.54 0.675 0.541 0.676 0.542 0.676 0.543 0.677 0.549 0.677 0.55 0.676 0.551 0.676 0.552 0.675 0.553 0.675 0.556 0.673 0.556 0.672 0.557 0.671 0.557 0.67 0.558 0.67 0.558 0.665 0.557 0.664 0.557 0.663 0.556 0.662 0.556 0.662 0.554 0.66 0.556 0.659 0.557 0.659 0.56 0.656 0.56 0.655 0.561 0.655 0.561 0.654 0.562 0.653 0.562 0.648 0.561 0.648 0.561 0.647 0.56 0.646 0.56 0.645 0.557 0.643 0.556 0.643 0.555 0.642 0.554 0.642 0.553 0.641
0 0.462 0.64 0.461 0.641 0.458 0.641 0.45 0.647 0.45 0.649 0.449 0.65 0.449 0.655 0.45 0.656 0.45 0.658 0.458 0.664 0.461 0.664 0.462 0.665 0.47 0.665 0.471 0.664 0.473 0.664 0.481 0.658 0.481 0.656 0.482 0.655 0.482 0.65 0.481 0.649 0.481 0.647 0.473 0.641 0.471 0.641 0.47 0.64
0 0.684 0.63 0.683 0.63 0.682 0.63 0.681 0.631 0.68 0.631 0.677 0.634 0.677 0.634 0.676 0.635 0.676 0.636 0.675 0.637 0.675 0.641 0.676 0.642 0.676 0.643 0.677 0.644 0.677 0.645 0.68 0.647 0.681 0.647 0.682 0.648 0.683 0.648 0.684 0.648 0.69 0.648 0.691 0.649 0.691 0.652 0.692 0.652 0.692 0.653 0.693 0.654 0.693 0.655 0.696 0.657 0.697 0.657 0.698 0.658 0.699 0.658 0.7 0.659 0.706 0.659 0.707 0.658 0.708 0.658 0.709 0.657 0.71 0.657 0.714 0.655 0.714 0.654 0.715 0.653 0.715 0.652 0.716 0.652 0.716 0.647 0.715 0.646 0.715 0.645 0.714 0.645 0.714 0.644 0.71 0.641 0.709 0.641 0.708 0.641 0.707 0.641 0.706 0.64 0.701 0.64 0.7 0.639 0.7 0.637 0.699 0.636 0.699 0.635 0.698 0.634 0.698 0.634 0.695 0.631 0.694 0.631 0.693 0.63 0.692 0.63 0.691 0.63
0 0.579 0.621 0.578 0.622 0.577 0.622 0.576 0.623 0.575 0.623 0.572 0.625 0.572 0.626 0.571 0.627 0.571 0.627 0.57 0.628 0.57 0.633 0.571 0.634 0.571 0.634 0.572 0.635 0.572 0.636 0.575 0.638 0.576 0.638 0.577 0.639 0.578 0.639 0.579 0.64 0.585 0.64 0.586 0.639 0.588 0.639 0.589 0.638 0.59 0.638 0.593 0.636 0.593 0.635 0.594 0.634 0.594 0.634 0.595 0.633 0.595 0.628 0.594 0.627 0.594 0.627 0.593 0.626 0.593 0.625 0.59 0.623 0.589 0.623 0.588 0.622 0.586 0.622 0.585 0.621
0 0.479 0.62 0.478 0.62 0.477 0.62 0.476 0.621 0.475 0.621 0.472 0.623 0.472 0.624 0.471 0.625 0.471 0.626 0.47 0.627 0.47 0.631 0.471 0.632 0.471 0.633 0.472 0.634 0.472 0.634 0.475 0.637 0.476 0.637 0.477 0.638 0.478 0.638 0.479 0.638 0.485 0.638 0.486 0.638 0.488 0.638 0.489 0.637 0.49 0.637 0.493 0.634 0.493 0.634 0.494 0.633 0.494 0.632 0.495 0.631 0.495 0.627 0.494 0.626 0.494 0.625 0.493 0.624 0.493 0.623 0.49 0.621 0.489 0.621 0.488 0.62 0.486 0.62 0.485 0.62
0 0.664 0.612 0.662 0.612 0.661 0.612 0.66 0.613 0.659 0.613 0.656 0.616 0.656 0.616 0.655 0.617 0.655 0.618 0.654 0.619 0.654 0.623 0.655 0.624 0.655 0.625 0.656 0.626 0.656 0.627 0.659 0.629 0.66 0.629 0.661 0.63 0.662 0.63 0.664 0.63 0.67 0.63 0.671 0.63 0.672 0.63 0.673 0.629 0.674 0.629 0.677 0.627 0.677 0.626 0.678 0.625 0.678 0.624 0.679 0.623 0.679 0.619 0.678 0.618 0.678 0.617 0.677 0.616 0.677 0.616 0.674 0.613 0.673 0.613 0.672 0.612 0.671 0.612 0.67 0.612
0 0.612 0.611 0.611 0.612 0.61 0.612 0.609 0.612 0.608 0.612 0.605 0.615 0.605 0.616 0.604 0.616 0.604 0.617 0.603 0.618 0.603 0.623 0.604 0.623 0.604 0.624 0.605 0.625 0.605 0.626 0.608 0.628 0.609 0.628 0.61 0.629 0.611 0.629 0.612 0.63 0.619 0.63 0.62 0.629 0.621 0.629 0.622 0.628 0.623 0.628 0.626 0.626 0.626 0.625 0.627 0.624 0.627 0.623 0.628 0.623 0.628 0.618 0.627 0.617 0.627 0.616 0.626 0.616 0.626 0.615 0.623 0.612 0.622 0.612 0.621 0.612 0.62 0.612 0.619 0.611
0 0.08 0.6 0.079 0.601 0.077 0.601 0.075 0.602 0.074 0.602 0.07 0.605 0.069 0.605 0.069 0.606 0.068 0.607 0.066 0.605 0.065 0.605 0.064 0.605 0.061 0.605 0.06 0.604 0.058 0.604 0.057 0.603 0.05 0.603 0.049 0.604 0.047 0.604 0.045 0.605 0.044 0.605 0.04 0.609 0.039 0.609 0.039 0.609 0.038 0.61 0.038 0.611 0.036 0.612 0.036 0.612 0.035 0.613 0.035 0.615 0.034 0.616 0.034 0.622 0.035 0.623 0.035 0.624 0.036 0.625 0.036 0.626 0.038 0.627 0.038 0.627 0.039 0.628 0.039 0.629 0.04 0.63 0.041 0.63 0.044 0.632 0.045 0.632 0.047 0.634 0.049 0.634 0.05 0.634 0.057 0.634 0.058 0.634 0.06 0.634 0.061 0.633 0.064 0.633 0.065 0.632 0.066 0.632 0.067 0.631 0.067 0.63 0.068 0.63 0.069 0.63 0.07 0.629 0.07 0.628 0.071 0.627 0.072 0.627 0.074 0.629 0.075 0.629 0.077 0.63 0.079 0.63 0.08 0.631 0.088 0.631 0.089 0.63 0.091 0.63 0.092 0.63 0.094 0.63 0.095 0.629 0.096 0.629 0.097 0.628 0.097 0.627 0.098 0.627 0.099 0.627 0.1 0.626 0.1 0.625 0.101 0.624 0.101 0.623 0.102 0.623 0.102 0.622 0.103 0.621 0.103 0.62 0.104 0.619 0.104 0.612 0.103 0.612 0.103 0.61 0.102 0.609 0.102 0.609 0.101 0.608 0.101 0.607 0.1 0.606 0.1 0.605 0.099 0.605 0.097 0.604 0.097 0.603 0.096 0.602 0.095 0.602 0.094 0.602 0.092 0.602 0.091 0.601 0.089 0.601 0.088 0.6
0 0.584 0.598 0.583 0.598 0.582 0.598 0.581 0.599 0.58 0.599 0.578 0.601 0.578 0.602 0.577 0.602 0.577 0.603 0.576 0.604 0.576 0.607 0.577 0.608 0.577 0.609 0.578 0.609 0.578 0.61 0.58 0.612 0.581 0.612 0.582 0.612 0.583 0.612 0.584 0.613 0.591 0.613 0.592 0.612 0.593 0.612 0.595 0.611 0.596 0.611 0.597 0.61 0.597 0.609 0.598 0.609 0.598 0.608 0.599 0.607 0.599 0.604 0.598 0.603 0.598 0.602 0.597 0.602 0.597 0.601 0.596 0.6 0.595 0.6 0.593 0.598 0.592 0.598 0.591 0.598
0 0.529 0.591 0.528 0.592 0.527 0.592 0.522 0.596 0.522 0.601 0.527 0.605 0.528 0.605 0.529 0.605 0.535 0.605 0.536 0.605 0.538 0.605 0.543 0.601 0.543 0.596 0.538 0.592 0.536 0.592 0.535 0.591
0 0.661 0.585 0.66 0.586 0.659 0.586 0.658 0.587 0.657 0.587 0.654 0.589 0.654 0.59 0.653 0.591 0.653 0.591 0.652 0.592 0.652 0.597 0.653 0.598 0.653 0.598 0.654 0.599 0.654 0.6 0.657 0.602 0.658 0.602 0.659 0.603 0.66 0.603 0.661 0.604 0.668 0.604 0.669 0.603 0.67 0.603 0.671 0.602 0.672 0.602 0.675 0.6 0.675 0.599 0.676 0.598 0.676 0.598 0.677 0.597 0.677 0.592 0.676 0.591 0.676 0.591 0.675 0.59 0.675 0.589 0.672 0.587 0.671 0.587 0.67 0.586 0.669 0.586 0.668 0.585
0 0.609 0.58 0.608 0.581 0.607 0.581 0.606 0.582 0.605 0.582 0.603 0.584 0.603 0.584 0.602 0.585 0.602 0.586 0.601 0.587 0.601 0.59 0.602 0.591 0.602 0.591 0.603 0.592 0.603 0.593 0.605 0.595 0.606 0.595 0.607 0.595 0.608 0.595 0.609 0.596 0.616 0.596 0.617 0.595 0.618 0.595 0.62 0.594 0.621 0.594 0.622 0.593 0.622 0.592 0.623 0.591 0.623 0.591 0.624 0.59 0.624 0.587 0.623 0.586 0.623 0.585 0.622 0.584 0.622 0.584 0.621 0.583 0.62 0.583 0.618 0.581 0.617 0.581 0.616 0.58
0 0.511 0.58 0.51 0.58 0.509 0.58 0.508 0.581 0.507 0.581 0.505 0.583 0.505 0.584 0.504 0.584 0.504 0.585 0.503 0.586 0.503 0.589 0.504 0.59 0.504 0.591 0.505 0.591 0.505 0.592 0.507 0.594 0.508 0.594 0.509 0.595 0.51 0.595 0.511 0.595 0.518 0.595 0.519 0.595 0.52 0.595 0.522 0.593 0.523 0.593 0.524 0.592 0.524 0.591 0.525 0.591 0.525 0.59 0.526 0.589 0.526 0.586 0.525 0.585 0.525 0.584 0.524 0.584 0.524 0.583 0.523 0.582 0.522 0.582 0.52 0.58 0.519 0.58 0.518 0.58
0 0.636 0.578 0.635 0.579 0.634 0.579 0.632 0.58 0.632 0.581 0.631 0.582 0.631 0.584 0.632 0.584 0.632 0.585 0.634 0.587 0.633 0.588 0.632 0.588 0.631 0.588 0.63 0.588 0.628 0.59 0.628 0.591 0.627 0.591 0.627 0.593 0.628 0.594 0.628 0.595 0.63 0.596 0.631 0.596 0.632 0.597 0.634 0.597 0.635 0.596 0.636 0.596 0.639 0.595 0.639 0.594 0.64 0.593 0.64 0.591 0.639 0.591 0.639 0.59 0.636 0.588 0.638 0.588 0.639 0.588 0.64 0.587 0.641 0.587 0.643 0.585 0.643 0.584 0.644 0.584 0.644 0.582 0.643 0.581 0.643 0.58 0.641 0.579 0.64 0.579 0.639 0.578
0 0.552 0.576 0.551 0.577 0.55 0.577 0.545 0.58 0.545 0.585 0.55 0.589 0.551 0.589 0.552 0.59 0.558 0.59 0.559 0.589 0.56 0.589 0.566 0.585 0.566 0.58 0.56 0.577 0.559 0.577 0.558 0.576
0 0.435 0.575 0.434 0.576 0.433 0.576 0.432 0.577 0.431 0.577 0.428 0.579 0.428 0.58 0.427 0.58 0.427 0.581 0.426 0.582 0.426 0.587 0.427 0.588 0.427 0.588 0.428 0.589 0.428 0.59 0.431 0.592 0.432 0.592 0.433 0.593 0.434 0.593 0.435 0.594 0.442 0.594 0.443 0.593 0.444 0.593 0.445 0.592 0.446 0.592 0.449 0.59 0.449 0.589 0.45 0.588 0.45 0.588 0.451 0.587 0.451 0.582 0.45 0.581 0.45 0.58 0.449 0.58 0.449 0.579 0.446 0.577 0.445 0.577 0.444 0.576 0.443 0.576 0.442 0.575
0 0.583 0.573 0.582 0.573 0.581 0.573 0.579 0.575 0.579 0.576 0.578 0.577 0.578 0.578 0.579 0.579 0.579 0.58 0.58 0.58 0.578 0.582 0.578 0.587 0.583 0.591 0.584 0.591 0.585 0.591 0.592 0.591 0.593 0.591 0.594 0.591 0.599 0.587 0.599 0.582 0.594 0.578 0.593 0.578 0.59 0.576 0.59 0.575 0.588 0.573 0.586 0.573 0.585 0.573
0 0.482 0.573 0.481 0.573 0.48 0.573 0.475 0.577 0.475 0.582 0.48 0.586 0.481 0.586 0.482 0.587 0.489 0.587 0.49 0.586 0.491 0.586 0.496 0.582 0.496 0.577 0.491 0.573 0.49 0.573 0.489 0.573
0 0.706 0.572 0.705 0.573 0.702 0.573 0.694 0.579 0.694 0.581 0.693 0.582 0.693 0.588 0.694 0.588 0.694 0.59 0.702 0.596 0.705 0.596 0.706 0.597 0.714 0.597 0.715 0.596 0.717 0.596 0.725 0.59 0.725 0.588 0.726 0.588 0.726 0.582 0.725 0.581 0.725 0.579 0.717 0.573 0.715 0.573 0.714 0.572
0 0.512 0.564 0.511 0.565 0.51 0.565 0.505 0.569 0.505 0.573 0.51 0.577 0.511 0.577 0.512 0.578 0.519 0.578 0.52 0.577 0.521 0.577 0.526 0.573 0.526 0.569 0.521 0.565 0.52 0.565 0.519 0.564
0 0.81 0.561 0.809 0.562 0.807 0.562 0.805 0.563 0.804 0.563 0.8 0.566 0.799 0.566 0.799 0.567 0.798 0.568 0.798 0.569 0.797 0.57 0.797 0.57 0.796 0.571 0.796 0.573 0.795 0.573 0.795 0.58 0.796 0.58 0.796 0.582 0.797 0.583 0.797 0.584 0.798 0.584 0.798 0.585 0.799 0.586 0.799 0.587 0.8 0.588 0.801 0.588 0.804 0.59 0.805 0.59 0.807 0.591 0.809 0.591 0.81 0.592 0.818 0.592 0.819 0.591 0.821 0.591 0.822 0.591 0.824 0.591 0.825 0.59 0.826 0.59 0.827 0.589 0.827 0.588 0.828 0.588 0.829 0.588 0.83 0.587 0.83 0.586 0.831 0.585 0.831 0.584 0.832 0.584 0.832 0.583 0.833 0.582 0.833 0.58 0.834 0.58 0.834 0.573 0.833 0.573 0.833 0.571 0.832 0.57 0.832 0.57 0.831 0.569 0.831 0.568 0.83 0.567 0.83 0.566 0.829 0.566 0.827 0.565 0.827 0.564 0.826 0.563 0.825 0.563 0.824 0.562 0.822 0.562 0.821 0.562 0.819 0.562 0.818 0.561
0 0.38 0.559 0.379 0.56 0.378 0.56 0.375 0.562 0.375 0.563 0.374 0.564 0.374 0.567 0.375 0.568 0.375 0.569 0.378 0.571 0.379 0.571 0.38 0.572 0.382 0.572 0.383 0.571 0.385 0.571 0.385 0.57 0.388 0.569 0.388 0.568 0.389 0.567 0.389 0.564 0.388 0.563 0.388 0.562 0.385 0.561 0.385 0.56 0.383 0.56 0.382 0.559
0 0.47 0.557 0.469 0.558 0.468 0.558 0.462 0.562 0.462 0.566 0.468 0.57 0.469 0.57 0.47 0.571 0.476 0.571 0.477 0.57 0.478 0.57 0.483 0.566 0.483 0.562 0.478 0.558 0.477 0.558 0.476 0.557
0 0.402 0.557 0.401 0.558 0.4 0.558 0.399 0.559 0.398 0.559 0.395 0.561 0.395 0.562 0.394 0.562 0.394 0.563 0.393 0.564 0.393 0.569 0.394 0.57 0.394 0.57 0.395 0.571 0.395 0.572 0.397 0.573 0.396 0.574 0.395 0.574 0.394 0.573 0.388 0.573 0.386 0.574 0.385 0.574 0.384 0.575 0.383 0.575 0.38 0.577 0.38 0.578 0.379 0.579 0.379 0.58 0.378 0.58 0.378 0.585 0.379 0.586 0.379 0.587 0.38 0.588 0.38 0.588 0.383 0.591 0.384 0.591 0.385 0.591 0.386 0.591 0.388 0.592 0.394 0.592 0.395 0.591 0.396 0.591 0.397 0.591 0.398 0.591 0.401 0.588 0.401 0.588 0.402 0.587 0.402 0.586 0.403 0.585 0.403 0.58 0.402 0.58 0.402 0.579 0.401 0.578 0.401 0.577 0.399 0.576 0.4 0.575 0.401 0.575 0.402 0.576 0.408 0.576 0.409 0.575 0.41 0.575 0.411 0.574 0.412 0.574 0.416 0.572 0.416 0.571 0.417 0.57 0.417 0.57 0.418 0.569 0.418 0.564 0.417 0.563 0.417 0.562 0.416 0.562 0.416 0.561 0.412 0.559 0.411 0.559 0.41 0.558 0.409 0.558 0.408 0.557
0 0.557 0.555 0.556 0.555 0.555 0.555 0.553 0.557 0.553 0.558 0.552 0.559 0.552 0.56 0.553 0.561 0.553 0.562 0.555 0.563 0.556 0.563 0.557 0.564 0.559 0.564 0.56 0.563 0.561 0.563 0.564 0.562 0.564 0.561 0.565 0.56 0.565 0.559 0.564 0.558 0.564 0.557 0.561 0.555 0.56 0.555 0.559 0.555
0 0.332 0.55 0.331 0.551 0.33 0.551 0.329 0.552 0.328 0.552 0.325 0.554 0.325 0.555 0.324 0.555 0.324 0.556 0.323 0.557 0.323 0.562 0.324 0.562 0.324 0.563 0.325 0.564 0.325 0.565 0.328 0.567 0.329 0.567 0.33 0.568 0.331 0.568 0.332 0.569 0.339 0.569 0.34 0.568 0.341 0.568 0.342 0.567 0.343 0.567 0.346 0.565 0.346 0.564 0.348 0.562 0.349 0.563 0.349 0.564 0.35 0.565 0.35 0.566 0.353 0.568 0.354 0.568 0.355 0.569 0.356 0.569 0.357 0.57 0.364 0.57 0.365 0.569 0.366 0.569 0.367 0.568 0.368 0.568 0.371 0.566 0.371 0.565 0.372 0.564 0.372 0.563 0.373 0.562 0.373 0.558 0.372 0.557 0.372 0.556 0.371 0.555 0.371 0.555 0.368 0.552 0.367 0.552 0.366 0.552 0.365 0.552 0.364 0.551 0.357 0.551 0.356 0.552 0.355 0.552 0.354 0.552 0.353 0.552 0.35 0.555 0.35 0.555 0.348 0.557 0.347 0.556 0.347 0.555 0.346 0.555 0.346 0.554 0.343 0.552 0.342 0.552 0.341 0.551 0.34 0.551 0.339 0.55
0 0.5 0.548 0.499 0.548 0.498 0.548 0.493 0.552 0.493 0.557 0.498 0.561 0.499 0.561 0.5 0.562 0.506 0.562 0.507 0.561 0.508 0.561 0.514 0.557 0.514 0.552 0.508 0.548 0.507 0.548 0.506 0.548
0 0.484 0.545 0.483 0.546 0.482 0.546 0.48 0.548 0.48 0.548 0.479 0.549 0.479 0.551 0.48 0.552 0.48 0.552 0.482 0.554 0.483 0.554 0.484 0.555 0.486 0.555 0.488 0.554 0.489 0.554 0.491 0.552 0.491 0.552 0.492 0.551 0.492 0.549 0.491 0.548 0.491 0.548 0.489 0.546 0.488 0.546 0.486 0.545
0 0.659 0.541 0.658 0.542 0.657 0.542 0.656 0.543 0.655 0.543 0.652 0.545 0.652 0.546 0.651 0.547 0.651 0.548 0.65 0.548 0.65 0.553 0.651 0.554 0.651 0.555 0.652 0.555 0.652 0.556 0.655 0.559 0.656 0.559 0.657 0.559 0.658 0.559 0.659 0.56 0.666 0.56 0.667 0.559 0.668 0.559 0.669 0.559 0.67 0.559 0.673 0.556 0.673 0.555 0.674 0.555 0.674 0.554 0.675 0.553 0.675 0.548 0.674 0.548 0.674 0.547 0.673 0.546 0.673 0.545 0.67 0.543 0.669 0.543 0.668 0.542 0.667 0.542 0.666 0.541
0 0.589 0.535 0.588 0.536 0.586 0.536 0.581 0.54 0.581 0.545 0.586 0.548 0.588 0.548 0.589 0.549 0.595 0.549 0.596 0.548 0.597 0.548 0.602 0.545 0.602 0.54 0.597 0.536 0.596 0.536 0.595 0.535
0 0.572 0.535 0.571 0.536 0.57 0.536 0.568 0.538 0.568 0.538 0.567 0.539 0.567 0.541 0.568 0.541 0.566 0.543 0.565 0.543 0.562 0.545 0.562 0.545 0.561 0.546 0.561 0.548 0.562 0.548 0.562 0.549 0.565 0.551 0.566 0.551 0.567 0.552 0.568 0.552 0.569 0.552 0.569 0.553 0.57 0.554 0.57 0.555 0.572 0.556 0.573 0.556 0.574 0.557 0.576 0.557 0.577 0.556 0.578 0.556 0.58 0.555 0.58 0.554 0.581 0.553 0.581 0.552 0.58 0.551 0.58 0.55 0.578 0.548 0.577 0.548 0.576 0.548 0.575 0.548 0.574 0.547 0.574 0.546 0.573 0.545 0.575 0.544 0.576 0.544 0.578 0.542 0.578 0.541 0.579 0.541 0.579 0.539 0.578 0.538 0.578 0.538 0.576 0.536 0.575 0.536 0.574 0.535
0 0.182 0.535 0.181 0.536 0.178 0.536 0.17 0.542 0.17 0.545 0.169 0.545 0.169 0.551 0.17 0.552 0.17 0.553 0.178 0.559 0.181 0.559 0.182 0.56 0.19 0.56 0.191 0.561 0.189 0.562 0.189 0.565 0.188 0.566 0.188 0.571 0.189 0.572 0.189 0.573 0.197 0.58 0.2 0.58 0.201 0.58 0.208 0.58 0.209 0.58 0.211 0.58 0.22 0.573 0.22 0.572 0.221 0.571 0.221 0.566 0.22 0.565 0.22 0.562 0.211 0.556 0.209 0.556 0.208 0.555 0.201 0.555 0.2 0.556 0.199 0.556 0.198 0.555 0.201 0.553 0.201 0.552 0.202 0.551 0.202 0.545 0.201 0.545 0.201 0.542 0.193 0.536 0.191 0.536 0.19 0.535
0 0.539 0.532 0.538 0.533 0.536 0.533 0.534 0.534 0.534 0.535 0.533 0.536 0.533 0.538 0.534 0.538 0.534 0.539 0.536 0.541 0.538 0.541 0.539 0.541 0.541 0.541 0.542 0.541 0.543 0.541 0.545 0.539 0.545 0.538 0.546 0.538 0.546 0.536 0.545 0.535 0.545 0.534 0.543 0.533 0.542 0.533 0.541 0.532
0 0.471 0.53 0.47 0.53 0.469 0.53 0.467 0.532 0.467 0.533 0.466 0.534 0.466 0.535 0.467 0.536 0.467 0.538 0.465 0.539 0.462 0.538 0.462 0.537 0.46 0.537 0.459 0.536 0.457 0.536 0.456 0.537 0.455 0.537 0.452 0.539 0.452 0.54 0.451 0.541 0.451 0.544 0.452 0.545 0.452 0.545 0.455 0.548 0.456 0.548 0.457 0.548 0.459 0.548 0.46 0.548 0.462 0.548 0.462 0.547 0.466 0.545 0.467 0.545 0.468 0.545 0.469 0.546 0.471 0.546 0.472 0.545 0.473 0.545 0.475 0.544 0.476 0.544 0.477 0.545 0.479 0.545 0.48 0.544 0.481 0.544 0.483 0.542 0.483 0.541 0.484 0.541 0.484 0.539 0.483 0.538 0.483 0.538 0.481 0.536 0.48 0.536 0.478 0.534 0.478 0.534 0.477 0.533 0.477 0.532 0.475 0.53 0.474 0.53 0.473 0.53
0 0.504 0.527 0.503 0.528 0.502 0.528 0.499 0.53 0.499 0.531 0.498 0.532 0.498 0.535 0.499 0.536 0.499 0.537 0.502 0.539 0.503 0.539 0.504 0.54 0.506 0.54 0.507 0.539 0.509 0.539 0.509 0.538 0.511 0.537 0.511 0.536 0.512 0.535 0.512 0.532 0.511 0.531 0.511 0.53 0.509 0.529 0.509 0.528 0.507 0.528 0.506 0.527
0 0.532 0.522 0.531 0.523 0.53 0.523 0.528 0.524 0.527 0.524 0.526 0.523 0.525 0.523 0.524 0.523 0.522 0.523 0.521 0.523 0.52 0.523 0.518 0.525 0.518 0.526 0.517 0.527 0.517 0.528 0.518 0.529 0.518 0.53 0.52 0.531 0.521 0.531 0.522 0.532 0.524 0.532 0.525 0.531 0.526 0.531 0.528 0.53 0.529 0.53 0.53 0.53 0.531 0.53 0.532 0.531 0.534 0.531 0.535 0.53 0.536 0.53 0.539 0.529 0.539 0.528 0.54 0.527 0.54 0.526 0.539 0.525 0.539 0.524 0.536 0.523 0.535 0.523 0.534 0.522
0 0.651 0.515 0.65 0.516 0.649 0.516 0.647 0.517 0.647 0.518 0.646 0.519 0.646 0.52 0.647 0.521 0.647 0.522 0.649 0.523 0.65 0.523 0.651 0.524 0.653 0.524 0.654 0.523 0.655 0.523 0.656 0.523 0.657 0.523 0.657 0.525 0.658 0.526 0.658 0.527 0.657 0.527 0.656 0.527 0.655 0.527 0.654 0.526 0.652 0.526 0.651 0.527 0.65 0.527 0.648 0.528 0.648 0.529 0.647 0.53 0.647 0.531 0.648 0.532 0.648 0.533 0.65 0.534 0.651 0.534 0.652 0.535 0.654 0.535 0.655 0.534 0.656 0.534 0.658 0.533 0.658 0.532 0.659 0.531 0.659 0.53 0.658 0.529 0.658 0.528 0.659 0.527 0.66 0.528 0.661 0.528 0.662 0.529 0.665 0.529 0.666 0.528 0.667 0.528 0.669 0.527 0.669 0.526 0.67 0.525 0.67 0.523 0.669 0.523 0.669 0.522 0.667 0.52 0.666 0.52 0.665 0.52 0.662 0.52 0.661 0.52 0.66 0.52 0.659 0.521 0.658 0.52 0.658 0.519 0.657 0.518 0.657 0.517 0.655 0.516 0.654 0.516 0.653 0.515
0 0.423 0.514 0.422 0.515 0.421 0.515 0.42 0.516 0.419 0.516 0.416 0.518 0.415 0.518 0.414 0.517 0.411 0.517 0.41 0.518 0.409 0.518 0.406 0.52 0.406 0.521 0.405 0.522 0.405 0.525 0.406 0.526 0.406 0.527 0.409 0.529 0.41 0.529 0.411 0.53 0.414 0.53 0.415 0.529 0.417 0.529 0.417 0.528 0.418 0.527 0.419 0.528 0.42 0.528 0.421 0.529 0.422 0.529 0.423 0.53 0.429 0.53 0.43 0.529 0.431 0.529 0.433 0.527 0.434 0.527 0.435 0.527 0.435 0.526 0.436 0.525 0.436 0.524 0.438 0.523 0.438 0.52 0.436 0.52 0.436 0.519 0.435 0.518 0.435 0.517 0.434 0.516 0.433 0.516 0.431 0.515 0.43 0.515 0.429 0.514
0 0.465 0.513 0.464 0.514 0.462 0.514 0.459 0.516 0.459 0.517 0.458 0.518 0.458 0.521 0.459 0.522 0.459 0.523 0.462 0.525 0.464 0.525 0.465 0.526 0.467 0.526 0.468 0.525 0.47 0.525 0.47 0.524 0.472 0.523 0.472 0.522 0.473 0.521 0.473 0.518 0.472 0.517 0.472 0.516 0.47 0.515 0.47 0.514 0.468 0.514 0.467 0.513
0 0.584 0.512 0.583 0.513 0.582 0.513 0.577 0.517 0.577 0.522 0.582 0.526 0.583 0.526 0.584 0.527 0.591 0.527 0.592 0.526 0.593 0.526 0.598 0.522 0.598 0.517 0.593 0.513 0.592 0.513 0.591 0.512
0 0.361 0.512 0.36 0.512 0.359 0.512 0.358 0.513 0.357 0.513 0.354 0.516 0.354 0.516 0.353 0.517 0.351 0.517 0.35 0.518 0.349 0.518 0.348 0.519 0.347 0.519 0.344 0.521 0.344 0.522 0.343 0.523 0.343 0.523 0.342 0.524 0.342 0.529 0.343 0.53 0.343 0.53 0.344 0.531 0.344 0.532 0.347 0.534 0.348 0.534 0.349 0.535 0.35 0.535 0.351 0.536 0.355 0.536 0.356 0.537 0.356 0.538 0.357 0.538 0.357 0.539 0.358 0.54 0.358 0.541 0.361 0.543 0.362 0.543 0.364 0.544 0.365 0.544 0.366 0.545 0.372 0.545 0.373 0.544 0.374 0.544 0.375 0.543 0.376 0.543 0.379 0.541 0.379 0.54 0.38 0.539 0.38 0.538 0.381 0.538 0.381 0.533 0.38 0.532 0.38 0.531 0.379 0.53 0.379 0.53 0.375 0.527 0.375 0.526 0.376 0.525 0.376 0.524 0.377 0.523 0.377 0.519 0.376 0.518 0.376 0.517 0.375 0.516 0.375 0.516 0.372 0.513 0.371 0.513 0.37 0.512 0.369 0.512 0.368 0.512
0 0.626 0.51 0.625 0.511 0.624 0.511 0.623 0.512 0.622 0.512 0.62 0.513 0.62 0.514 0.619 0.515 0.619 0.516 0.618 0.516 0.618 0.52 0.619 0.52 0.619 0.521 0.62 0.522 0.62 0.523 0.622 0.524 0.623 0.524 0.624 0.525 0.625 0.525 0.626 0.526 0.632 0.526 0.633 0.525 0.634 0.525 0.636 0.523 0.638 0.523 0.639 0.523 0.639 0.522 0.64 0.521 0.64 0.52 0.641 0.52 0.641 0.516 0.64 0.516 0.64 0.515 0.639 0.514 0.639 0.513 0.638 0.512 0.636 0.512 0.634 0.511 0.633 0.511 0.632 0.51
0 0.491 0.504 0.49 0.505 0.489 0.505 0.485 0.507 0.485 0.508 0.484 0.509 0.484 0.512 0.485 0.512 0.485 0.513 0.489 0.516 0.49 0.516 0.491 0.516 0.492 0.516 0.493 0.517 0.492 0.518 0.491 0.518 0.488 0.52 0.488 0.521 0.486 0.522 0.486 0.525 0.488 0.526 0.488 0.527 0.491 0.529 0.492 0.529 0.493 0.53 0.495 0.53 0.496 0.529 0.498 0.529 0.498 0.528 0.5 0.527 0.5 0.526 0.501 0.525 0.501 0.522 0.5 0.521 0.5 0.52 0.498 0.519 0.498 0.518 0.496 0.518 0.495 0.517 0.494 0.517 0.493 0.516 0.494 0.516 0.496 0.516 0.496 0.515 0.498 0.513 0.498 0.512 0.499 0.512 0.499 0.509 0.498 0.508 0.498 0.507 0.496 0.505 0.496 0.505 0.494 0.505 0.493 0.504
0 0.472 0.502 0.471 0.503 0.47 0.503 0.467 0.505 0.467 0.506 0.466 0.507 0.466 0.509 0.467 0.51 0.467 0.511 0.469 0.512 0.471 0.512 0.472 0.513 0.474 0.513 0.475 0.512 0.477 0.512 0.479 0.511 0.479 0.51 0.48 0.509 0.48 0.507 0.479 0.506 0.479 0.505 0.477 0.503 0.475 0.503 0.474 0.502
0 0.386 0.501 0.385 0.502 0.384 0.502 0.381 0.504 0.381 0.505 0.38 0.505 0.38 0.509 0.381 0.509 0.381 0.51 0.384 0.512 0.385 0.512 0.386 0.513 0.389 0.513 0.39 0.512 0.392 0.512 0.392 0.512 0.393 0.511 0.394 0.512 0.394 0.512 0.395 0.513 0.395 0.514 0.398 0.516 0.399 0.516 0.4 0.517 0.402 0.517 0.403 0.516 0.405 0.516 0.405 0.516 0.407 0.514 0.407 0.513 0.408 0.512 0.408 0.509 0.407 0.509 0.407 0.508 0.405 0.506 0.405 0.505 0.403 0.505 0.402 0.505 0.4 0.505 0.399 0.505 0.398 0.505 0.396 0.507 0.395 0.506 0.395 0.505 0.394 0.505 0.394 0.504 0.392 0.502 0.392 0.502 0.39 0.502 0.389 0.501
0 0.536 0.498 0.535 0.498 0.534 0.498 0.531 0.501 0.531 0.502 0.53 0.502 0.53 0.505 0.531 0.505 0.531 0.506 0.533 0.508 0.535 0.508 0.536 0.509 0.539 0.509 0.54 0.508 0.542 0.508 0.543 0.509 0.543 0.509 0.542 0.51 0.542 0.512 0.543 0.512 0.543 0.513 0.545 0.515 0.546 0.515 0.547 0.516 0.547 0.516 0.544 0.519 0.544 0.52 0.543 0.52 0.543 0.523 0.544 0.524 0.544 0.525 0.547 0.527 0.548 0.527 0.549 0.528 0.551 0.528 0.552 0.527 0.556 0.527 0.557 0.528 0.559 0.528 0.56 0.527 0.561 0.527 0.564 0.526 0.564 0.525 0.565 0.524 0.565 0.523 0.564 0.522 0.564 0.521 0.561 0.52 0.56 0.52 0.559 0.519 0.556 0.519 0.554 0.517 0.554 0.516 0.552 0.516 0.551 0.516 0.551 0.515 0.553 0.513 0.553 0.512 0.554 0.512 0.554 0.51 0.553 0.509 0.553 0.509 0.551 0.507 0.55 0.507 0.549 0.506 0.547 0.506 0.546 0.507 0.545 0.507 0.544 0.506 0.544 0.505 0.545 0.505 0.545 0.502 0.544 0.502 0.544 0.5 0.542 0.498 0.54 0.498 0.539 0.498
0 0.562 0.496 0.561 0.497 0.56 0.497 0.557 0.499 0.557 0.5 0.556 0.501 0.556 0.503 0.557 0.504 0.557 0.505 0.559 0.506 0.561 0.506 0.562 0.507 0.565 0.507 0.566 0.506 0.568 0.506 0.57 0.505 0.57 0.504 0.571 0.503 0.571 0.501 0.57 0.5 0.57 0.498 0.568 0.497 0.566 0.497 0.565 0.496
0 0.489 0.488 0.488 0.488 0.486 0.488 0.481 0.492 0.481 0.497 0.486 0.501 0.488 0.501 0.489 0.502 0.495 0.502 0.496 0.501 0.497 0.501 0.502 0.497 0.502 0.492 0.497 0.488 0.496 0.488 0.495 0.488
0 0.423 0.488 0.422 0.488 0.421 0.488 0.418 0.491 0.418 0.491 0.417 0.492 0.417 0.495 0.418 0.496 0.418 0.497 0.421 0.499 0.422 0.499 0.423 0.5 0.425 0.5 0.426 0.499 0.428 0.499 0.428 0.498 0.43 0.497 0.43 0.496 0.431 0.495 0.432 0.495 0.433 0.496 0.433 0.497 0.436 0.499 0.438 0.499 0.439 0.5 0.441 0.5 0.442 0.499 0.444 0.499 0.444 0.498 0.446 0.497 0.446 0.496 0.447 0.495 0.447 0.492 0.446 0.491 0.446 0.491 0.444 0.489 0.444 0.488 0.442 0.488 0.441 0.488 0.439 0.488 0.438 0.488 0.436 0.488 0.433 0.491 0.433 0.491 0.432 0.492 0.431 0.492 0.43 0.491 0.43 0.491 0.428 0.489 0.428 0.488 0.426 0.488 0.425 0.488
0 0.641 0.487 0.64 0.488 0.639 0.488 0.638 0.488 0.636 0.488 0.633 0.491 0.633 0.491 0.632 0.492 0.632 0.493 0.631 0.494 0.631 0.498 0.632 0.499 0.632 0.5 0.633 0.501 0.633 0.502 0.636 0.504 0.638 0.504 0.639 0.505 0.64 0.505 0.641 0.505 0.647 0.505 0.648 0.505 0.649 0.505 0.65 0.504 0.651 0.504 0.654 0.502 0.654 0.501 0.655 0.5 0.655 0.499 0.656 0.498 0.656 0.494 0.655 0.493 0.655 0.492 0.654 0.491 0.654 0.491 0.651 0.488 0.65 0.488 0.649 0.488 0.648 0.488 0.647 0.487
0 0.455 0.485 0.454 0.486 0.453 0.486 0.45 0.488 0.45 0.489 0.449 0.49 0.449 0.493 0.45 0.494 0.45 0.495 0.453 0.497 0.453 0.498 0.454 0.498 0.454 0.499 0.456 0.501 0.458 0.501 0.459 0.502 0.461 0.502 0.462 0.501 0.465 0.501 0.467 0.499 0.467 0.498 0.468 0.498 0.468 0.495 0.467 0.495 0.467 0.493 0.464 0.491 0.464 0.49 0.462 0.489 0.462 0.488 0.46 0.487 0.46 0.486 0.458 0.486 0.457 0.485
0 0.738 0.479 0.736 0.48 0.734 0.48 0.732 0.481 0.731 0.481 0.727 0.484 0.726 0.484 0.726 0.485 0.725 0.486 0.725 0.487 0.724 0.488 0.724 0.488 0.723 0.489 0.723 0.491 0.722 0.491 0.722 0.498 0.723 0.498 0.723 0.5 0.724 0.501 0.724 0.502 0.725 0.502 0.725 0.503 0.726 0.504 0.726 0.505 0.727 0.505 0.728 0.505 0.731 0.508 0.732 0.508 0.734 0.509 0.736 0.509 0.738 0.51 0.745 0.51 0.746 0.509 0.748 0.509 0.749 0.509 0.751 0.509 0.752 0.508 0.753 0.508 0.754 0.507 0.754 0.506 0.755 0.505 0.756 0.505 0.757 0.505 0.757 0.504 0.758 0.503 0.758 0.502 0.759 0.502 0.759 0.501 0.76 0.5 0.76 0.498 0.761 0.498 0.761 0.491 0.76 0.491 0.76 0.489 0.759 0.488 0.759 0.488 0.758 0.487 0.758 0.486 0.757 0.485 0.757 0.484 0.756 0.484 0.754 0.483 0.754 0.482 0.753 0.481 0.752 0.481 0.751 0.48 0.749 0.48 0.748 0.48 0.746 0.48 0.745 0.479
0 0.543 0.478 0.542 0.479 0.541 0.479 0.538 0.481 0.538 0.482 0.536 0.483 0.536 0.485 0.538 0.486 0.538 0.487 0.54 0.488 0.542 0.488 0.544 0.49 0.543 0.491 0.543 0.493 0.544 0.494 0.544 0.495 0.546 0.496 0.548 0.496 0.549 0.497 0.551 0.497 0.552 0.496 0.554 0.496 0.556 0.495 0.556 0.494 0.557 0.493 0.557 0.491 0.556 0.49 0.556 0.488 0.554 0.487 0.552 0.487 0.551 0.486 0.551 0.483 0.55 0.482 0.55 0.48 0.548 0.479 0.546 0.479 0.545 0.478
0 0.596 0.473 0.595 0.474 0.594 0.474 0.593 0.475 0.592 0.475 0.589 0.477 0.589 0.478 0.588 0.479 0.588 0.48 0.586 0.48 0.586 0.485 0.588 0.486 0.588 0.487 0.589 0.488 0.589 0.488 0.592 0.491 0.593 0.491 0.594 0.491 0.595 0.491 0.596 0.492 0.602 0.492 0.603 0.491 0.604 0.491 0.605 0.491 0.606 0.491 0.609 0.488 0.609 0.488 0.61 0.487 0.61 0.486 0.611 0.485 0.611 0.48 0.61 0.48 0.61 0.479 0.609 0.478 0.609 0.477 0.606 0.475 0.605 0.475 0.604 0.474 0.603 0.474 0.602 0.473
0 0.505 0.47 0.504 0.471 0.503 0.471 0.5 0.473 0.5 0.474 0.499 0.475 0.499 0.477 0.5 0.478 0.5 0.479 0.502 0.48 0.504 0.48 0.506 0.482 0.506 0.484 0.507 0.484 0.507 0.485 0.509 0.487 0.511 0.487 0.512 0.488 0.515 0.488 0.516 0.487 0.518 0.487 0.52 0.485 0.52 0.484 0.521 0.484 0.521 0.481 0.524 0.479 0.524 0.478 0.525 0.477 0.525 0.475 0.524 0.474 0.524 0.473 0.522 0.471 0.52 0.471 0.519 0.47 0.517 0.47 0.516 0.471 0.515 0.471 0.512 0.473 0.51 0.471 0.508 0.471 0.507 0.47
0 0.415 0.46 0.414 0.461 0.412 0.461 0.409 0.463 0.409 0.464 0.408 0.465 0.408 0.468 0.409 0.469 0.409 0.47 0.412 0.472 0.414 0.472 0.415 0.473 0.417 0.473 0.418 0.472 0.42 0.472 0.421 0.473 0.421 0.473 0.42 0.474 0.42 0.475 0.419 0.476 0.419 0.479 0.42 0.48 0.42 0.48 0.421 0.481 0.421 0.482 0.423 0.484 0.424 0.484 0.425 0.484 0.426 0.484 0.427 0.485 0.433 0.485 0.434 0.484 0.435 0.484 0.438 0.483 0.439 0.483 0.44 0.482 0.44 0.481 0.441 0.48 0.441 0.48 0.442 0.479 0.442 0.476 0.441 0.475 0.441 0.474 0.44 0.473 0.44 0.473 0.439 0.472 0.438 0.472 0.435 0.47 0.434 0.47 0.433 0.47 0.427 0.47 0.426 0.47 0.425 0.47 0.424 0.471 0.423 0.471 0.421 0.473 0.42 0.472 0.42 0.471 0.422 0.47 0.422 0.469 0.423 0.468 0.423 0.465 0.422 0.464 0.422 0.463 0.42 0.462 0.42 0.461 0.418 0.461 0.417 0.46
0 0.649 0.458 0.648 0.459 0.645 0.459 0.636 0.465 0.636 0.467 0.635 0.468 0.635 0.473 0.636 0.474 0.636 0.476 0.645 0.482 0.648 0.482 0.649 0.483 0.656 0.483 0.657 0.482 0.659 0.482 0.668 0.476 0.668 0.474 0.669 0.473 0.669 0.468 0.668 0.467 0.668 0.465 0.659 0.459 0.657 0.459 0.656 0.458
0 0.46 0.452 0.459 0.453 0.458 0.453 0.457 0.454 0.456 0.454 0.454 0.455 0.454 0.456 0.453 0.457 0.453 0.458 0.452 0.459 0.452 0.462 0.453 0.462 0.453 0.463 0.454 0.464 0.454 0.465 0.456 0.466 0.457 0.466 0.458 0.467 0.459 0.467 0.46 0.468 0.467 0.468 0.468 0.467 0.469 0.467 0.471 0.466 0.472 0.466 0.473 0.465 0.473 0.464 0.474 0.463 0.474 0.462 0.475 0.462 0.475 0.459 0.474 0.458 0.474 0.457 0.473 0.456 0.473 0.455 0.472 0.455 0.471 0.455 0.469 0.453 0.468 0.453 0.467 0.452
0 0.492 0.45 0.491 0.451 0.49 0.451 0.489 0.452 0.488 0.452 0.485 0.453 0.485 0.454 0.484 0.455 0.484 0.455 0.483 0.456 0.483 0.459 0.484 0.46 0.484 0.461 0.485 0.462 0.485 0.462 0.488 0.464 0.489 0.464 0.49 0.465 0.491 0.465 0.492 0.466 0.498 0.466 0.499 0.465 0.5 0.465 0.502 0.463 0.503 0.463 0.504 0.462 0.504 0.462 0.505 0.461 0.505 0.46 0.506 0.459 0.506 0.456 0.505 0.455 0.505 0.455 0.504 0.454 0.504 0.453 0.503 0.452 0.502 0.452 0.5 0.451 0.499 0.451 0.498 0.45
0 0.579 0.439 0.578 0.44 0.577 0.44 0.576 0.441 0.575 0.441 0.572 0.443 0.572 0.444 0.571 0.445 0.571 0.445 0.57 0.446 0.57 0.451 0.571 0.452 0.571 0.452 0.572 0.453 0.572 0.454 0.575 0.456 0.576 0.456 0.577 0.457 0.578 0.457 0.579 0.458 0.585 0.458 0.586 0.457 0.588 0.457 0.589 0.456 0.59 0.456 0.593 0.454 0.593 0.453 0.594 0.452 0.594 0.452 0.595 0.451 0.595 0.446 0.594 0.445 0.594 0.445 0.593 0.444 0.593 0.443 0.59 0.441 0.589 0.441 0.588 0.44 0.586 0.44 0.585 0.439
0 0.43 0.435 0.429 0.436 0.428 0.436 0.427 0.437 0.426 0.437 0.424 0.438 0.424 0.439 0.423 0.44 0.423 0.441 0.422 0.441 0.422 0.445 0.421 0.445 0.42 0.445 0.418 0.444 0.417 0.444 0.416 0.443 0.409 0.443 0.408 0.444 0.407 0.444 0.406 0.445 0.405 0.445 0.403 0.446 0.403 0.447 0.402 0.448 0.402 0.448 0.401 0.449 0.401 0.452 0.402 0.453 0.402 0.454 0.403 0.455 0.403 0.455 0.405 0.457 0.406 0.457 0.407 0.458 0.408 0.458 0.409 0.459 0.416 0.459 0.417 0.458 0.418 0.458 0.42 0.456 0.421 0.456 0.422 0.455 0.423 0.456 0.423 0.457 0.422 0.458 0.422 0.46 0.423 0.461 0.423 0.462 0.425 0.463 0.427 0.463 0.428 0.464 0.43 0.464 0.431 0.463 0.433 0.463 0.435 0.462 0.435 0.461 0.436 0.46 0.436 0.459 0.438 0.459 0.44 0.46 0.442 0.46 0.443 0.461 0.445 0.461 0.446 0.46 0.448 0.46 0.45 0.459 0.45 0.458 0.451 0.457 0.451 0.455 0.45 0.454 0.45 0.452 0.448 0.451 0.446 0.451 0.445 0.45 0.443 0.45 0.442 0.451 0.441 0.451 0.438 0.453 0.438 0.454 0.435 0.455 0.433 0.454 0.431 0.454 0.43 0.453 0.428 0.453 0.427 0.454 0.426 0.454 0.423 0.456 0.422 0.455 0.422 0.455 0.423 0.454 0.423 0.453 0.424 0.452 0.424 0.449 0.425 0.448 0.426 0.449 0.427 0.449 0.428 0.45 0.429 0.45 0.43 0.451 0.436 0.451 0.438 0.45 0.439 0.45 0.441 0.448 0.442 0.448 0.443 0.448 0.443 0.447 0.444 0.446 0.444 0.445 0.445 0.445 0.445 0.441 0.444 0.441 0.444 0.44 0.443 0.439 0.443 0.438 0.442 0.438 0.441 0.438 0.439 0.436 0.438 0.436 0.436 0.435
0 0.554 0.428 0.553 0.429 0.552 0.429 0.551 0.43 0.55 0.43 0.547 0.432 0.547 0.433 0.546 0.434 0.546 0.434 0.545 0.435 0.545 0.44 0.546 0.441 0.546 0.441 0.547 0.442 0.547 0.443 0.55 0.445 0.551 0.445 0.552 0.446 0.553 0.446 0.554 0.447 0.56 0.447 0.561 0.446 0.562 0.446 0.564 0.445 0.565 0.445 0.568 0.443 0.568 0.442 0.569 0.441 0.569 0.441 0.57 0.44 0.57 0.435 0.569 0.434 0.569 0.434 0.568 0.433 0.568 0.432 0.565 0.43 0.564 0.43 0.562 0.429 0.561 0.429 0.56 0.428
0 0.457 0.425 0.456 0.426 0.455 0.426 0.454 0.427 0.453 0.427 0.451 0.428 0.451 0.429 0.45 0.43 0.45 0.43 0.449 0.431 0.449 0.434 0.45 0.435 0.45 0.436 0.451 0.437 0.451 0.438 0.453 0.439 0.454 0.439 0.455 0.44 0.456 0.44 0.457 0.441 0.464 0.441 0.465 0.44 0.466 0.44 0.468 0.438 0.469 0.438 0.47 0.438 0.47 0.437 0.471 0.436 0.471 0.435 0.472 0.434 0.472 0.431 0.471 0.43 0.471 0.43 0.47 0.429 0.47 0.428 0.469 0.427 0.468 0.427 0.466 0.426 0.465 0.426 0.464 0.425
0 0.383 0.4 0.382 0.401 0.38 0.401 0.379 0.402 0.377 0.402 0.371 0.406 0.371 0.408 0.37 0.409 0.37 0.41 0.369 0.411 0.369 0.416 0.37 0.417 0.37 0.419 0.371 0.42 0.371 0.42 0.377 0.425 0.379 0.425 0.38 0.426 0.382 0.426 0.383 0.427 0.391 0.427 0.392 0.426 0.394 0.426 0.395 0.425 0.396 0.425 0.402 0.42 0.402 0.42 0.403 0.419 0.403 0.417 0.404 0.416 0.404 0.411 0.403 0.41 0.403 0.409 0.402 0.408 0.402 0.406 0.396 0.402 0.395 0.402 0.394 0.401 0.392 0.401 0.391 0.4
0 0.467 0.395 0.466 0.396 0.465 0.396 0.464 0.397 0.462 0.397 0.459 0.399 0.459 0.4 0.458 0.401 0.458 0.402 0.457 0.402 0.457 0.405 0.456 0.406 0.454 0.405 0.453 0.405 0.452 0.404 0.451 0.404 0.45 0.403 0.444 0.403 0.443 0.404 0.442 0.404 0.441 0.405 0.44 0.405 0.436 0.407 0.436 0.408 0.435 0.409 0.435 0.409 0.434 0.41 0.434 0.415 0.435 0.416 0.435 0.416 0.436 0.417 0.436 0.418 0.44 0.42 0.441 0.42 0.442 0.421 0.443 0.421 0.444 0.422 0.45 0.422 0.451 0.421 0.452 0.421 0.453 0.42 0.454 0.42 0.457 0.418 0.457 0.417 0.458 0.416 0.458 0.416 0.459 0.415 0.459 0.412 0.46 0.411 0.462 0.412 0.464 0.412 0.465 0.413 0.466 0.413 0.467 0.414 0.473 0.414 0.474 0.413 0.475 0.413 0.476 0.412 0.477 0.412 0.48 0.41 0.48 0.409 0.481 0.409 0.481 0.408 0.482 0.407 0.482 0.402 0.481 0.402 0.481 0.401 0.48 0.4 0.48 0.399 0.477 0.397 0.476 0.397 0.475 0.396 0.474 0.396 0.473 0.395
0 0.372 0.372 0.371 0.373 0.368 0.373 0.359 0.379 0.359 0.381 0.358 0.382 0.358 0.388 0.359 0.388 0.359 0.39 0.368 0.396 0.371 0.396 0.372 0.397 0.379 0.397 0.38 0.396 0.382 0.396 0.391 0.39 0.391 0.388 0.392 0.388 0.392 0.382 0.391 0.381 0.391 0.379 0.382 0.373 0.38 0.373 0.379 0.372
0 0.349 0.327 0.348 0.327 0.346 0.327 0.344 0.329 0.343 0.329 0.339 0.332 0.338 0.332 0.338 0.333 0.336 0.334 0.336 0.334 0.335 0.335 0.335 0.336 0.334 0.337 0.334 0.338 0.333 0.339 0.333 0.345 0.334 0.346 0.334 0.348 0.335 0.348 0.335 0.349 0.336 0.35 0.336 0.351 0.338 0.352 0.338 0.352 0.339 0.353 0.34 0.353 0.343 0.355 0.344 0.355 0.346 0.357 0.348 0.357 0.349 0.358 0.356 0.358 0.357 0.357 0.359 0.357 0.36 0.356 0.362 0.356 0.364 0.355 0.365 0.355 0.366 0.355 0.366 0.354 0.367 0.353 0.368 0.353 0.369 0.352 0.369 0.352 0.37 0.351 0.37 0.35 0.371 0.349 0.371 0.348 0.372 0.348 0.372 0.346 0.373 0.345 0.373 0.339 0.372 0.338 0.372 0.337 0.371 0.336 0.371 0.335 0.37 0.334 0.37 0.334 0.369 0.333 0.369 0.332 0.368 0.332 0.366 0.33 0.366 0.33 0.365 0.329 0.364 0.329 0.362 0.328 0.36 0.328 0.359 0.327 0.357 0.327 0.356 0.327
0 0.436 0.31 0.435 0.311 0.433 0.311 0.432 0.312 0.431 0.312 0.43 0.312 0.429 0.312 0.427 0.314 0.426 0.314 0.424 0.316 0.424 0.317 0.422 0.319 0.422 0.32 0.421 0.321 0.421 0.326 0.422 0.327 0.422 0.328 0.423 0.329 0.423 0.33 0.424 0.33 0.424 0.331 0.426 0.333 0.427 0.333 0.429 0.334 0.43 0.334 0.431 0.335 0.432 0.335 0.433 0.336 0.435 0.336 0.436 0.337 0.44 0.337 0.441 0.338 0.441 0.339 0.442 0.34 0.442 0.341 0.443 0.342 0.443 0.343 0.444 0.344 0.444 0.345 0.446 0.346 0.447 0.346 0.449 0.348 0.45 0.348 0.451 0.348 0.452 0.348 0.453 0.349 0.455 0.349 0.456 0.35 0.465 0.35 0.466 0.349 0.468 0.349 0.469 0.348 0.471 0.348 0.475 0.345 0.476 0.345 0.477 0.345 0.477 0.344 0.478 0.343 0.478 0.342 0.479 0.341 0.479 0.34 0.48 0.339 0.48 0.334 0.479 0.334 0.479 0.332 0.477 0.33 0.477 0.329 0.476 0.328 0.475 0.328 0.471 0.325 0.469 0.325 0.468 0.324 0.466 0.324 0.465 0.323 0.461 0.323 0.46 0.323 0.46 0.321 0.459 0.32 0.459 0.319 0.457 0.317 0.457 0.316 0.456 0.315 0.455 0.315 0.451 0.312 0.449 0.312 0.448 0.311 0.446 0.311 0.445 0.31
0 0.166 0.293 0.165 0.294 0.162 0.294 0.16 0.295 0.159 0.295 0.155 0.298 0.154 0.298 0.154 0.299 0.153 0.3 0.153 0.301 0.152 0.302 0.152 0.302 0.151 0.303 0.151 0.305 0.15 0.305 0.15 0.312 0.151 0.312 0.151 0.314 0.152 0.315 0.152 0.316 0.153 0.316 0.153 0.317 0.154 0.318 0.154 0.319 0.155 0.32 0.156 0.32 0.159 0.322 0.16 0.322 0.162 0.323 0.165 0.323 0.166 0.324 0.173 0.324 0.174 0.323 0.176 0.323 0.177 0.323 0.179 0.323 0.18 0.322 0.181 0.322 0.182 0.321 0.182 0.32 0.183 0.32 0.184 0.32 0.185 0.319 0.185 0.318 0.186 0.317 0.186 0.316 0.188 0.316 0.188 0.315 0.189 0.314 0.189 0.312 0.19 0.312 0.19 0.305 0.189 0.305 0.189 0.303 0.188 0.302 0.188 0.302 0.186 0.301 0.186 0.3 0.185 0.299 0.185 0.298 0.184 0.298 0.182 0.297 0.182 0.296 0.181 0.295 0.18 0.295 0.179 0.295 0.177 0.295 0.176 0.294 0.174 0.294 0.173 0.293
0 0.454 0.241 0.453 0.242 0.451 0.242 0.45 0.243 0.449 0.243 0.448 0.244 0.447 0.244 0.445 0.245 0.444 0.245 0.442 0.247 0.442 0.248 0.44 0.25 0.44 0.252 0.439 0.252 0.439 0.257 0.44 0.258 0.44 0.259 0.441 0.26 0.441 0.261 0.442 0.262 0.442 0.262 0.444 0.264 0.445 0.264 0.447 0.266 0.448 0.266 0.449 0.266 0.45 0.266 0.451 0.267 0.453 0.267 0.454 0.268 0.462 0.268 0.464 0.267 0.466 0.267 0.467 0.266 0.469 0.266 0.473 0.263 0.474 0.263 0.475 0.262 0.475 0.262 0.476 0.261 0.476 0.26 0.477 0.259 0.477 0.258 0.478 0.257 0.478 0.252 0.477 0.252 0.477 0.25 0.475 0.248 0.475 0.247 0.474 0.246 0.473 0.246 0.469 0.243 0.467 0.243 0.466 0.242 0.464 0.242 0.462 0.241
