7 0.393 0.755 0.392 0.756 0.39 0.756 0.389 0.757 0.388 0.757 0.385 0.759 0.384 0.759 0.38 0.762 0.38 0.762 0.378 0.764 0.378 0.765 0.377 0.766 0.377 0.767 0.376 0.768 0.376 0.774 0.377 0.775 0.377 0.777 0.378 0.777 0.378 0.778 0.379 0.779 0.379 0.78 0.384 0.784 0.385 0.784 0.388 0.785 0.389 0.785 0.39 0.786 0.392 0.786 0.393 0.787 0.4 0.787 0.401 0.786 0.404 0.786 0.405 0.785 0.406 0.785 0.407 0.784 0.408 0.784 0.415 0.78 0.415 0.779 0.416 0.778 0.416 0.777 0.417 0.777 0.417 0.775 0.418 0.774 0.418 0.768 0.417 0.767 0.417 0.766 0.416 0.765 0.416 0.764 0.414 0.762 0.414 0.762 0.408 0.758 0.407 0.758 0.406 0.757 0.405 0.757 0.404 0.756 0.401 0.756 0.4 0.755
7 0.666 0.749 0.665 0.75 0.664 0.75 0.662 0.751 0.661 0.751 0.658 0.753 0.658 0.754 0.657 0.755 0.657 0.756 0.656 0.757 0.656 0.762 0.657 0.762 0.657 0.764 0.656 0.765 0.654 0.765 0.653 0.764 0.646 0.764 0.645 0.765 0.643 0.765 0.642 0.766 0.64 0.766 0.633 0.77 0.633 0.772 0.632 0.773 0.632 0.774 0.631 0.775 0.631 0.78 0.632 0.781 0.632 0.783 0.633 0.784 0.633 0.784 0.64 0.789 0.642 0.789 0.643 0.79 0.645 0.79 0.646 0.791 0.653 0.791 0.654 0.79 0.656 0.79 0.657 0.789 0.658 0.789 0.665 0.784 0.665 0.784 0.666 0.783 0.666 0.781 0.667 0.78 0.667 0.775 0.666 0.774 0.666 0.773 0.665 0.772 0.665 0.77 0.666 0.77 0.671 0.77 0.672 0.769 0.674 0.769 0.675 0.768 0.676 0.768 0.679 0.766 0.679 0.765 0.68 0.764 0.68 0.762 0.681 0.762 0.681 0.757 0.68 0.756 0.68 0.755 0.679 0.754 0.679 0.753 0.676 0.751 0.675 0.751 0.674 0.75 0.672 0.75 0.671 0.749
7 0.85 0.732 0.849 0.733 0.847 0.733 0.846 0.734 0.845 0.734 0.843 0.735 0.842 0.735 0.838 0.738 0.838 0.739 0.835 0.741 0.835 0.741 0.834 0.742 0.834 0.744 0.833 0.745 0.833 0.751 0.834 0.752 0.834 0.753 0.835 0.754 0.835 0.755 0.836 0.755 0.836 0.756 0.842 0.76 0.843 0.76 0.845 0.762 0.846 0.762 0.847 0.762 0.849 0.762 0.85 0.763 0.857 0.763 0.858 0.762 0.861 0.762 0.862 0.762 0.864 0.762 0.865 0.761 0.866 0.761 0.872 0.756 0.872 0.755 0.873 0.755 0.873 0.754 0.874 0.753 0.874 0.752 0.875 0.751 0.875 0.745 0.874 0.744 0.874 0.742 0.873 0.741 0.873 0.741 0.871 0.739 0.871 0.738 0.866 0.734 0.865 0.734 0.864 0.734 0.862 0.734 0.861 0.733 0.858 0.733 0.857 0.732
7 0.736 0.724 0.735 0.725 0.734 0.725 0.733 0.726 0.732 0.726 0.729 0.728 0.729 0.729 0.728 0.73 0.728 0.731 0.727 0.732 0.727 0.737 0.728 0.738 0.728 0.739 0.729 0.74 0.729 0.741 0.732 0.743 0.733 0.743 0.734 0.744 0.735 0.744 0.736 0.745 0.742 0.745 0.743 0.744 0.745 0.744 0.746 0.743 0.747 0.743 0.75 0.741 0.75 0.74 0.751 0.739 0.751 0.738 0.752 0.737 0.752 0.732 0.751 0.731 0.751 0.73 0.75 0.729 0.75 0.728 0.747 0.726 0.746 0.726 0.745 0.725 0.743 0.725 0.742 0.724
7 0.631 0.721 0.626 0.725 0.626 0.726 0.625 0.727 0.625 0.731 0.626 0.732 0.626 0.733 0.631 0.737 0.638 0.737 0.643 0.733 0.643 0.732 0.644 0.731 0.644 0.727 0.643 0.726 0.643 0.725 0.638 0.721
7 0.659 0.72 0.658 0.72 0.656 0.72 0.653 0.723 0.653 0.724 0.652 0.725 0.652 0.727 0.653 0.727 0.653 0.729 0.656 0.731 0.658 0.731 0.659 0.732 0.661 0.732 0.662 0.731 0.665 0.731 0.666 0.73 0.667 0.731 0.667 0.734 0.668 0.734 0.668 0.735 0.673 0.739 0.679 0.739 0.684 0.735 0.684 0.734 0.685 0.734 0.685 0.729 0.684 0.728 0.684 0.727 0.679 0.723 0.673 0.723 0.67 0.726 0.668 0.724 0.668 0.723 0.665 0.72 0.662 0.72 0.661 0.72
7 0.686 0.709 0.681 0.713 0.681 0.714 0.68 0.715 0.68 0.72 0.681 0.72 0.681 0.721 0.686 0.725 0.693 0.725 0.698 0.721 0.698 0.72 0.699 0.72 0.699 0.715 0.698 0.714 0.698 0.713 0.693 0.709
7 0.572 0.709 0.571 0.71 0.57 0.71 0.569 0.711 0.568 0.711 0.565 0.713 0.565 0.714 0.564 0.715 0.564 0.716 0.562 0.717 0.562 0.722 0.564 0.723 0.564 0.724 0.565 0.725 0.565 0.726 0.568 0.728 0.569 0.728 0.57 0.729 0.571 0.729 0.572 0.73 0.577 0.73 0.578 0.729 0.58 0.729 0.581 0.728 0.582 0.728 0.585 0.726 0.585 0.725 0.586 0.724 0.586 0.723 0.588 0.722 0.588 0.717 0.586 0.716 0.586 0.715 0.585 0.714 0.585 0.713 0.582 0.711 0.581 0.711 0.58 0.71 0.578 0.71 0.577 0.709
7 0.714 0.703 0.708 0.707 0.708 0.708 0.707 0.709 0.707 0.713 0.708 0.714 0.708 0.715 0.714 0.719 0.72 0.719 0.725 0.715 0.725 0.714 0.726 0.713 0.726 0.709 0.725 0.708 0.725 0.707 0.72 0.703
7 0.617 0.703 0.616 0.704 0.614 0.704 0.61 0.706 0.61 0.708 0.609 0.709 0.609 0.71 0.61 0.711 0.61 0.712 0.614 0.715 0.616 0.715 0.617 0.716 0.619 0.716 0.62 0.715 0.622 0.715 0.625 0.712 0.625 0.711 0.626 0.71 0.626 0.709 0.625 0.708 0.625 0.706 0.622 0.704 0.62 0.704 0.619 0.703
7 0.585 0.695 0.584 0.696 0.583 0.696 0.581 0.698 0.581 0.698 0.58 0.699 0.58 0.701 0.581 0.702 0.581 0.702 0.583 0.704 0.584 0.704 0.585 0.705 0.588 0.705 0.589 0.704 0.59 0.704 0.591 0.703 0.592 0.703 0.593 0.704 0.591 0.705 0.59 0.705 0.588 0.707 0.588 0.708 0.586 0.709 0.586 0.71 0.588 0.711 0.588 0.712 0.59 0.713 0.591 0.713 0.592 0.714 0.594 0.714 0.595 0.713 0.596 0.713 0.598 0.712 0.598 0.711 0.599 0.71 0.599 0.709 0.598 0.708 0.6 0.706 0.601 0.706 0.603 0.705 0.603 0.704 0.604 0.703 0.604 0.702 0.603 0.701 0.603 0.7 0.601 0.698 0.6 0.698 0.599 0.698 0.597 0.698 0.596 0.698 0.595 0.698 0.594 0.699 0.593 0.699 0.592 0.698 0.592 0.698 0.59 0.696 0.589 0.696 0.588 0.695
7 0.659 0.693 0.658 0.694 0.656 0.694 0.653 0.696 0.653 0.698 0.652 0.698 0.652 0.7 0.653 0.701 0.653 0.702 0.656 0.705 0.658 0.705 0.659 0.705 0.661 0.705 0.662 0.705 0.665 0.705 0.668 0.702 0.668 0.701 0.669 0.7 0.669 0.698 0.668 0.698 0.668 0.696 0.665 0.694 0.662 0.694 0.661 0.693
7 0.766 0.691 0.765 0.691 0.764 0.691 0.762 0.692 0.761 0.692 0.758 0.695 0.758 0.695 0.757 0.696 0.757 0.698 0.756 0.698 0.756 0.703 0.757 0.704 0.757 0.705 0.758 0.706 0.758 0.707 0.761 0.709 0.762 0.709 0.764 0.71 0.765 0.71 0.766 0.711 0.771 0.711 0.772 0.71 0.774 0.71 0.775 0.709 0.776 0.709 0.779 0.707 0.779 0.706 0.78 0.705 0.78 0.704 0.781 0.703 0.781 0.698 0.78 0.698 0.78 0.696 0.779 0.695 0.779 0.695 0.776 0.692 0.775 0.692 0.774 0.691 0.772 0.691 0.771 0.691
7 0.624 0.69 0.623 0.691 0.622 0.691 0.62 0.692 0.62 0.693 0.619 0.694 0.619 0.695 0.62 0.696 0.62 0.697 0.622 0.698 0.623 0.698 0.624 0.699 0.626 0.699 0.627 0.698 0.628 0.698 0.63 0.697 0.63 0.696 0.631 0.695 0.631 0.694 0.63 0.693 0.63 0.692 0.628 0.691 0.627 0.691 0.626 0.69
7 0.607 0.686 0.606 0.687 0.605 0.687 0.603 0.688 0.603 0.689 0.602 0.69 0.602 0.691 0.603 0.692 0.603 0.693 0.605 0.695 0.606 0.695 0.607 0.695 0.609 0.695 0.61 0.695 0.611 0.695 0.614 0.693 0.614 0.692 0.615 0.691 0.615 0.69 0.614 0.689 0.614 0.688 0.611 0.687 0.61 0.687 0.609 0.686
7 0.678 0.684 0.677 0.684 0.675 0.684 0.672 0.687 0.672 0.688 0.671 0.689 0.671 0.691 0.672 0.691 0.672 0.693 0.675 0.695 0.677 0.695 0.678 0.696 0.679 0.696 0.68 0.697 0.679 0.698 0.679 0.699 0.678 0.7 0.678 0.702 0.679 0.702 0.679 0.704 0.682 0.706 0.684 0.706 0.685 0.707 0.688 0.707 0.689 0.706 0.691 0.706 0.694 0.704 0.694 0.702 0.695 0.702 0.695 0.7 0.694 0.699 0.694 0.698 0.691 0.695 0.689 0.695 0.688 0.695 0.686 0.695 0.685 0.694 0.686 0.693 0.686 0.691 0.688 0.691 0.688 0.689 0.686 0.688 0.686 0.687 0.683 0.684 0.681 0.684 0.68 0.684
7 0.562 0.683 0.561 0.684 0.559 0.684 0.556 0.686 0.556 0.688 0.555 0.688 0.555 0.69 0.554 0.691 0.553 0.69 0.552 0.69 0.551 0.689 0.551 0.688 0.55 0.687 0.55 0.686 0.548 0.684 0.547 0.684 0.546 0.684 0.544 0.684 0.543 0.684 0.542 0.684 0.54 0.686 0.54 0.687 0.539 0.688 0.539 0.689 0.54 0.69 0.54 0.691 0.541 0.691 0.54 0.692 0.538 0.692 0.536 0.693 0.535 0.693 0.533 0.691 0.532 0.691 0.531 0.691 0.529 0.691 0.528 0.69 0.523 0.69 0.522 0.691 0.521 0.691 0.52 0.691 0.519 0.691 0.516 0.694 0.516 0.695 0.515 0.695 0.515 0.697 0.514 0.698 0.514 0.702 0.515 0.703 0.515 0.705 0.516 0.705 0.516 0.706 0.519 0.709 0.52 0.709 0.521 0.709 0.522 0.709 0.523 0.71 0.528 0.71 0.529 0.709 0.531 0.709 0.532 0.709 0.533 0.709 0.536 0.706 0.536 0.705 0.538 0.705 0.538 0.703 0.541 0.701 0.542 0.701 0.544 0.699 0.544 0.698 0.545 0.698 0.545 0.696 0.546 0.695 0.547 0.696 0.547 0.697 0.549 0.698 0.55 0.698 0.551 0.699 0.553 0.699 0.554 0.698 0.555 0.698 0.557 0.697 0.557 0.696 0.559 0.695 0.561 0.695 0.562 0.695 0.565 0.695 0.566 0.695 0.568 0.695 0.571 0.692 0.571 0.691 0.572 0.69 0.572 0.688 0.571 0.688 0.571 0.686 0.568 0.684 0.566 0.684 0.565 0.683
7 0.65 0.682 0.649 0.683 0.648 0.683 0.646 0.684 0.646 0.685 0.645 0.686 0.645 0.688 0.646 0.688 0.646 0.689 0.648 0.691 0.649 0.691 0.65 0.691 0.652 0.691 0.653 0.691 0.654 0.691 0.656 0.689 0.656 0.688 0.657 0.688 0.657 0.686 0.656 0.685 0.656 0.684 0.654 0.683 0.653 0.683 0.652 0.682
7 0.538 0.672 0.536 0.673 0.535 0.673 0.533 0.674 0.533 0.675 0.532 0.676 0.532 0.677 0.533 0.678 0.533 0.679 0.535 0.68 0.536 0.68 0.538 0.681 0.54 0.681 0.541 0.68 0.542 0.68 0.544 0.679 0.544 0.678 0.545 0.677 0.545 0.676 0.544 0.675 0.544 0.674 0.542 0.673 0.541 0.673 0.54 0.672
7 0.688 0.671 0.686 0.672 0.685 0.672 0.683 0.673 0.683 0.674 0.682 0.675 0.682 0.677 0.683 0.677 0.683 0.678 0.685 0.68 0.686 0.68 0.688 0.68 0.69 0.68 0.691 0.68 0.692 0.68 0.694 0.678 0.694 0.677 0.695 0.677 0.695 0.675 0.694 0.674 0.694 0.673 0.692 0.672 0.691 0.672 0.69 0.671
7 0.61 0.67 0.609 0.67 0.608 0.67 0.606 0.672 0.606 0.673 0.605 0.673 0.605 0.675 0.606 0.676 0.606 0.677 0.608 0.678 0.609 0.678 0.61 0.679 0.612 0.679 0.614 0.678 0.615 0.678 0.617 0.677 0.617 0.676 0.618 0.675 0.618 0.673 0.617 0.673 0.617 0.672 0.615 0.67 0.614 0.67 0.612 0.67
7 0.636 0.669 0.635 0.67 0.634 0.67 0.632 0.671 0.632 0.672 0.631 0.673 0.631 0.674 0.632 0.675 0.632 0.676 0.634 0.677 0.635 0.677 0.636 0.678 0.639 0.678 0.64 0.677 0.641 0.677 0.643 0.676 0.643 0.675 0.644 0.674 0.644 0.673 0.643 0.672 0.643 0.671 0.641 0.67 0.64 0.67 0.639 0.669
7 0.573 0.661 0.572 0.662 0.571 0.662 0.569 0.663 0.569 0.664 0.568 0.665 0.568 0.666 0.569 0.667 0.569 0.668 0.571 0.67 0.572 0.67 0.573 0.67 0.575 0.67 0.576 0.67 0.577 0.67 0.579 0.668 0.579 0.667 0.58 0.666 0.58 0.665 0.579 0.664 0.579 0.663 0.577 0.662 0.576 0.662 0.575 0.661
7 0.678 0.659 0.677 0.659 0.676 0.659 0.674 0.661 0.674 0.662 0.673 0.662 0.673 0.664 0.674 0.665 0.674 0.666 0.676 0.667 0.677 0.667 0.678 0.668 0.68 0.668 0.681 0.667 0.682 0.667 0.684 0.666 0.684 0.665 0.685 0.664 0.685 0.662 0.684 0.662 0.684 0.661 0.682 0.659 0.681 0.659 0.68 0.659
7 0.462 0.659 0.461 0.659 0.459 0.659 0.458 0.66 0.456 0.66 0.45 0.665 0.45 0.666 0.449 0.667 0.449 0.669 0.448 0.67 0.448 0.675 0.449 0.676 0.449 0.677 0.45 0.678 0.45 0.679 0.456 0.684 0.458 0.684 0.459 0.684 0.461 0.684 0.462 0.685 0.47 0.685 0.471 0.684 0.473 0.684 0.474 0.684 0.475 0.684 0.481 0.679 0.481 0.678 0.482 0.677 0.482 0.676 0.483 0.675 0.483 0.67 0.482 0.669 0.482 0.667 0.481 0.666 0.481 0.665 0.475 0.66 0.474 0.66 0.473 0.659 0.471 0.659 0.47 0.659
7 0.507 0.652 0.502 0.655 0.502 0.656 0.501 0.657 0.501 0.662 0.502 0.662 0.502 0.663 0.507 0.667 0.514 0.667 0.519 0.663 0.519 0.662 0.52 0.662 0.52 0.657 0.519 0.656 0.519 0.655 0.514 0.652
7 0.623 0.649 0.622 0.65 0.621 0.65 0.619 0.652 0.619 0.652 0.618 0.653 0.618 0.655 0.619 0.655 0.619 0.656 0.621 0.658 0.622 0.658 0.624 0.659 0.623 0.66 0.622 0.66 0.62 0.662 0.62 0.662 0.619 0.663 0.619 0.665 0.62 0.666 0.62 0.666 0.622 0.668 0.623 0.668 0.624 0.669 0.626 0.669 0.627 0.668 0.628 0.668 0.63 0.666 0.63 0.666 0.631 0.665 0.631 0.664 0.633 0.662 0.634 0.662 0.636 0.661 0.636 0.66 0.638 0.659 0.638 0.658 0.636 0.657 0.636 0.656 0.634 0.655 0.633 0.655 0.632 0.654 0.631 0.654 0.629 0.652 0.629 0.652 0.627 0.65 0.626 0.65 0.625 0.649
7 0.712 0.648 0.711 0.648 0.709 0.648 0.706 0.651 0.706 0.652 0.705 0.653 0.705 0.654 0.701 0.657 0.701 0.659 0.7 0.659 0.7 0.661 0.701 0.662 0.701 0.663 0.704 0.666 0.706 0.666 0.707 0.666 0.709 0.666 0.71 0.666 0.712 0.666 0.716 0.663 0.716 0.662 0.717 0.661 0.717 0.66 0.721 0.657 0.721 0.655 0.722 0.655 0.722 0.653 0.721 0.652 0.721 0.651 0.718 0.648 0.716 0.648 0.715 0.648
7 0.695 0.643 0.694 0.644 0.693 0.644 0.691 0.645 0.691 0.646 0.69 0.647 0.69 0.648 0.691 0.649 0.691 0.65 0.693 0.652 0.694 0.652 0.695 0.652 0.697 0.652 0.698 0.652 0.699 0.652 0.701 0.65 0.701 0.649 0.702 0.648 0.702 0.647 0.701 0.646 0.701 0.645 0.699 0.644 0.698 0.644 0.697 0.643
7 0.601 0.641 0.6 0.641 0.599 0.641 0.597 0.643 0.597 0.644 0.596 0.645 0.596 0.646 0.597 0.647 0.597 0.648 0.599 0.649 0.598 0.65 0.596 0.65 0.595 0.651 0.594 0.651 0.591 0.653 0.59 0.652 0.588 0.652 0.586 0.653 0.585 0.653 0.583 0.655 0.583 0.655 0.582 0.656 0.582 0.658 0.583 0.659 0.583 0.659 0.585 0.661 0.586 0.661 0.588 0.662 0.59 0.662 0.591 0.661 0.592 0.661 0.595 0.659 0.596 0.659 0.598 0.659 0.599 0.659 0.6 0.659 0.602 0.657 0.602 0.656 0.603 0.655 0.603 0.654 0.602 0.653 0.602 0.652 0.6 0.651 0.601 0.65 0.603 0.65 0.604 0.649 0.605 0.649 0.607 0.648 0.607 0.647 0.608 0.646 0.608 0.645 0.607 0.644 0.607 0.643 0.605 0.641 0.604 0.641 0.603 0.641
7 0.798 0.64 0.797 0.641 0.795 0.641 0.794 0.641 0.792 0.641 0.785 0.646 0.785 0.648 0.784 0.648 0.784 0.65 0.783 0.651 0.783 0.656 0.784 0.657 0.784 0.659 0.785 0.659 0.785 0.66 0.792 0.665 0.794 0.665 0.795 0.666 0.797 0.666 0.798 0.666 0.805 0.666 0.806 0.666 0.808 0.666 0.809 0.665 0.81 0.665 0.817 0.66 0.817 0.659 0.818 0.659 0.818 0.657 0.819 0.656 0.819 0.651 0.818 0.65 0.818 0.648 0.817 0.648 0.817 0.646 0.81 0.641 0.809 0.641 0.808 0.641 0.806 0.641 0.805 0.64
7 0.666 0.639 0.665 0.64 0.664 0.64 0.661 0.641 0.661 0.642 0.659 0.644 0.657 0.642 0.656 0.642 0.655 0.641 0.653 0.641 0.652 0.642 0.651 0.642 0.649 0.644 0.649 0.645 0.648 0.645 0.648 0.647 0.649 0.648 0.648 0.648 0.647 0.648 0.646 0.649 0.645 0.649 0.643 0.651 0.643 0.652 0.642 0.652 0.642 0.654 0.643 0.655 0.643 0.655 0.645 0.657 0.646 0.657 0.647 0.658 0.649 0.658 0.65 0.657 0.651 0.657 0.653 0.655 0.653 0.655 0.654 0.654 0.654 0.652 0.653 0.652 0.654 0.651 0.655 0.651 0.656 0.65 0.657 0.65 0.659 0.648 0.659 0.648 0.661 0.646 0.664 0.648 0.665 0.648 0.666 0.648 0.668 0.648 0.669 0.648 0.67 0.648 0.672 0.646 0.672 0.645 0.673 0.645 0.673 0.643 0.672 0.642 0.672 0.641 0.67 0.64 0.669 0.64 0.668 0.639
7 0.522 0.639 0.517 0.643 0.517 0.644 0.516 0.645 0.516 0.649 0.517 0.65 0.517 0.651 0.522 0.655 0.528 0.655 0.533 0.651 0.533 0.65 0.534 0.649 0.534 0.645 0.533 0.644 0.533 0.643 0.528 0.639
7 0.631 0.635 0.63 0.636 0.629 0.636 0.627 0.638 0.627 0.638 0.626 0.639 0.626 0.641 0.627 0.641 0.627 0.642 0.629 0.644 0.63 0.644 0.631 0.645 0.633 0.645 0.634 0.644 0.635 0.644 0.636 0.645 0.639 0.645 0.64 0.644 0.641 0.644 0.643 0.642 0.643 0.641 0.644 0.641 0.644 0.639 0.643 0.638 0.643 0.638 0.641 0.636 0.64 0.636 0.639 0.635 0.636 0.635 0.635 0.636 0.634 0.636 0.633 0.635
7 0.556 0.634 0.555 0.634 0.554 0.634 0.552 0.636 0.552 0.637 0.55 0.638 0.549 0.638 0.547 0.638 0.546 0.638 0.545 0.638 0.543 0.64 0.543 0.641 0.542 0.641 0.542 0.643 0.543 0.644 0.543 0.645 0.545 0.646 0.546 0.646 0.547 0.647 0.549 0.647 0.55 0.646 0.551 0.646 0.553 0.645 0.553 0.644 0.555 0.642 0.556 0.643 0.558 0.643 0.559 0.642 0.56 0.642 0.562 0.641 0.562 0.64 0.564 0.639 0.564 0.638 0.562 0.637 0.562 0.636 0.56 0.634 0.559 0.634 0.558 0.634
7 0.725 0.631 0.724 0.632 0.722 0.632 0.719 0.634 0.719 0.636 0.718 0.637 0.718 0.638 0.719 0.639 0.719 0.641 0.722 0.643 0.724 0.643 0.725 0.644 0.727 0.644 0.728 0.643 0.73 0.643 0.733 0.641 0.733 0.639 0.734 0.638 0.734 0.637 0.733 0.636 0.733 0.634 0.73 0.632 0.728 0.632 0.727 0.631
7 0.685 0.63 0.684 0.631 0.683 0.631 0.681 0.633 0.681 0.634 0.68 0.634 0.68 0.636 0.681 0.637 0.681 0.638 0.683 0.639 0.684 0.639 0.685 0.64 0.688 0.64 0.689 0.639 0.69 0.639 0.692 0.638 0.692 0.637 0.693 0.636 0.693 0.634 0.692 0.634 0.692 0.633 0.69 0.631 0.689 0.631 0.688 0.63
7 0.588 0.627 0.586 0.627 0.585 0.627 0.583 0.629 0.583 0.63 0.582 0.63 0.582 0.632 0.583 0.633 0.583 0.634 0.585 0.635 0.586 0.635 0.588 0.636 0.585 0.638 0.584 0.638 0.582 0.639 0.582 0.64 0.581 0.641 0.581 0.642 0.582 0.643 0.582 0.644 0.584 0.645 0.585 0.645 0.586 0.646 0.589 0.646 0.59 0.645 0.591 0.645 0.593 0.644 0.593 0.643 0.594 0.642 0.594 0.641 0.593 0.64 0.593 0.639 0.591 0.638 0.59 0.638 0.589 0.637 0.591 0.635 0.592 0.635 0.594 0.634 0.595 0.634 0.595 0.635 0.597 0.637 0.598 0.637 0.599 0.638 0.601 0.638 0.602 0.637 0.603 0.637 0.605 0.635 0.605 0.634 0.606 0.634 0.606 0.632 0.605 0.631 0.605 0.63 0.603 0.629 0.602 0.629 0.601 0.628 0.599 0.628 0.598 0.629 0.597 0.629 0.595 0.63 0.594 0.63 0.594 0.629 0.592 0.627 0.591 0.627 0.59 0.627
7 0.668 0.625 0.667 0.626 0.666 0.626 0.664 0.627 0.664 0.628 0.662 0.629 0.662 0.63 0.664 0.631 0.664 0.632 0.666 0.634 0.667 0.634 0.668 0.634 0.67 0.634 0.671 0.634 0.672 0.634 0.674 0.632 0.674 0.631 0.675 0.63 0.675 0.629 0.674 0.628 0.674 0.627 0.672 0.626 0.671 0.626 0.67 0.625
7 0.54 0.622 0.539 0.623 0.536 0.623 0.533 0.625 0.533 0.627 0.532 0.627 0.532 0.629 0.533 0.63 0.533 0.631 0.536 0.634 0.539 0.634 0.54 0.634 0.542 0.634 0.543 0.634 0.545 0.634 0.548 0.631 0.548 0.63 0.549 0.629 0.549 0.627 0.548 0.627 0.548 0.625 0.545 0.623 0.543 0.623 0.542 0.622
7 0.702 0.621 0.701 0.622 0.7 0.622 0.698 0.623 0.698 0.624 0.697 0.625 0.697 0.627 0.698 0.627 0.698 0.628 0.7 0.63 0.697 0.632 0.697 0.633 0.696 0.634 0.696 0.635 0.697 0.636 0.697 0.637 0.699 0.638 0.7 0.638 0.701 0.639 0.703 0.639 0.704 0.638 0.705 0.638 0.707 0.637 0.707 0.636 0.708 0.635 0.708 0.634 0.707 0.633 0.707 0.632 0.705 0.63 0.708 0.628 0.708 0.627 0.709 0.627 0.709 0.625 0.708 0.624 0.708 0.623 0.706 0.622 0.705 0.622 0.704 0.621
7 0.581 0.615 0.58 0.616 0.579 0.616 0.577 0.617 0.577 0.618 0.576 0.619 0.576 0.62 0.577 0.621 0.577 0.622 0.576 0.623 0.575 0.622 0.573 0.622 0.572 0.623 0.571 0.623 0.569 0.624 0.568 0.623 0.567 0.623 0.566 0.623 0.564 0.623 0.562 0.623 0.561 0.623 0.559 0.625 0.559 0.626 0.558 0.627 0.558 0.628 0.559 0.629 0.559 0.63 0.561 0.631 0.562 0.631 0.564 0.632 0.566 0.632 0.567 0.631 0.568 0.631 0.57 0.63 0.571 0.63 0.572 0.63 0.573 0.631 0.575 0.631 0.576 0.63 0.577 0.63 0.579 0.629 0.579 0.628 0.58 0.627 0.58 0.626 0.579 0.625 0.579 0.624 0.58 0.623 0.581 0.624 0.583 0.624 0.584 0.623 0.585 0.623 0.588 0.622 0.588 0.621 0.589 0.62 0.589 0.619 0.588 0.618 0.588 0.617 0.585 0.616 0.584 0.616 0.583 0.615
7 0.635 0.611 0.634 0.612 0.633 0.612 0.631 0.613 0.631 0.614 0.63 0.615 0.63 0.616 0.629 0.616 0.627 0.616 0.626 0.617 0.625 0.617 0.623 0.619 0.623 0.62 0.622 0.62 0.622 0.622 0.623 0.623 0.623 0.623 0.625 0.625 0.626 0.625 0.627 0.626 0.629 0.626 0.63 0.625 0.631 0.625 0.633 0.623 0.633 0.623 0.634 0.622 0.634 0.621 0.635 0.62 0.638 0.62 0.639 0.62 0.64 0.62 0.642 0.618 0.642 0.617 0.643 0.616 0.643 0.615 0.642 0.614 0.642 0.613 0.64 0.612 0.639 0.612 0.638 0.611
7 0.651 0.609 0.65 0.609 0.649 0.609 0.647 0.611 0.647 0.612 0.646 0.612 0.646 0.614 0.647 0.615 0.647 0.616 0.649 0.617 0.65 0.617 0.651 0.618 0.653 0.618 0.654 0.617 0.655 0.617 0.657 0.616 0.657 0.615 0.658 0.614 0.658 0.612 0.657 0.612 0.657 0.611 0.655 0.609 0.654 0.609 0.653 0.609
7 0.562 0.607 0.561 0.608 0.56 0.608 0.558 0.609 0.558 0.61 0.557 0.611 0.557 0.612 0.558 0.613 0.558 0.614 0.56 0.616 0.561 0.616 0.562 0.616 0.565 0.616 0.566 0.616 0.567 0.616 0.569 0.614 0.569 0.613 0.57 0.612 0.57 0.611 0.569 0.61 0.569 0.609 0.567 0.608 0.566 0.608 0.565 0.607
7 0.716 0.605 0.715 0.605 0.712 0.605 0.71 0.607 0.708 0.607 0.707 0.606 0.705 0.606 0.704 0.607 0.703 0.607 0.7 0.609 0.699 0.609 0.698 0.609 0.697 0.608 0.695 0.608 0.694 0.609 0.693 0.609 0.691 0.61 0.691 0.611 0.689 0.612 0.688 0.612 0.685 0.614 0.685 0.615 0.684 0.616 0.684 0.617 0.685 0.618 0.685 0.619 0.688 0.62 0.689 0.62 0.69 0.621 0.692 0.621 0.693 0.62 0.694 0.62 0.696 0.619 0.696 0.618 0.698 0.616 0.699 0.616 0.702 0.614 0.703 0.615 0.704 0.615 0.705 0.616 0.707 0.616 0.708 0.615 0.71 0.615 0.712 0.616 0.715 0.616 0.716 0.617 0.718 0.617 0.719 0.618 0.718 0.619 0.716 0.619 0.712 0.621 0.712 0.623 0.711 0.623 0.711 0.625 0.712 0.626 0.712 0.627 0.716 0.63 0.718 0.63 0.719 0.63 0.721 0.63 0.722 0.63 0.724 0.63 0.727 0.627 0.727 0.626 0.728 0.625 0.728 0.623 0.727 0.623 0.727 0.621 0.724 0.619 0.722 0.619 0.721 0.618 0.719 0.618 0.718 0.617 0.719 0.616 0.721 0.616 0.724 0.614 0.724 0.612 0.725 0.612 0.725 0.61 0.724 0.609 0.724 0.608 0.721 0.605 0.719 0.605 0.718 0.605
7 0.549 0.604 0.548 0.605 0.547 0.605 0.545 0.606 0.545 0.607 0.544 0.608 0.544 0.609 0.545 0.61 0.545 0.611 0.547 0.612 0.548 0.612 0.549 0.613 0.551 0.613 0.552 0.612 0.553 0.612 0.555 0.611 0.555 0.61 0.556 0.609 0.556 0.608 0.555 0.607 0.555 0.606 0.553 0.605 0.552 0.605 0.551 0.604
7 0.583 0.601 0.582 0.602 0.581 0.602 0.579 0.603 0.579 0.604 0.578 0.605 0.578 0.606 0.579 0.607 0.579 0.608 0.582 0.61 0.582 0.611 0.584 0.612 0.585 0.612 0.586 0.613 0.589 0.613 0.59 0.612 0.591 0.612 0.593 0.611 0.593 0.61 0.594 0.609 0.594 0.608 0.593 0.607 0.593 0.606 0.59 0.604 0.59 0.603 0.588 0.602 0.586 0.602 0.585 0.601
7 0.75 0.6 0.749 0.601 0.748 0.601 0.747 0.602 0.746 0.602 0.743 0.604 0.743 0.605 0.742 0.605 0.742 0.607 0.741 0.608 0.741 0.612 0.742 0.613 0.742 0.615 0.743 0.616 0.743 0.616 0.746 0.619 0.747 0.619 0.748 0.62 0.749 0.62 0.75 0.62 0.755 0.62 0.756 0.62 0.758 0.62 0.759 0.619 0.76 0.619 0.764 0.616 0.764 0.616 0.765 0.615 0.765 0.613 0.766 0.612 0.766 0.608 0.765 0.607 0.765 0.605 0.764 0.605 0.764 0.604 0.76 0.602 0.759 0.602 0.758 0.601 0.756 0.601 0.755 0.6
7 0.611 0.596 0.61 0.597 0.609 0.597 0.607 0.598 0.607 0.599 0.606 0.6 0.606 0.601 0.605 0.602 0.604 0.602 0.602 0.603 0.602 0.604 0.601 0.605 0.601 0.606 0.602 0.607 0.602 0.608 0.604 0.609 0.605 0.609 0.606 0.61 0.608 0.61 0.609 0.609 0.61 0.609 0.612 0.608 0.612 0.607 0.614 0.606 0.614 0.605 0.615 0.605 0.616 0.605 0.618 0.603 0.618 0.602 0.619 0.602 0.619 0.6 0.618 0.599 0.618 0.598 0.616 0.597 0.615 0.597 0.614 0.596
7 0.512 0.588 0.511 0.588 0.509 0.588 0.506 0.591 0.506 0.592 0.505 0.593 0.505 0.595 0.506 0.595 0.506 0.597 0.509 0.599 0.511 0.599 0.512 0.6 0.515 0.6 0.516 0.601 0.516 0.602 0.517 0.602 0.517 0.604 0.52 0.606 0.522 0.606 0.523 0.607 0.525 0.607 0.526 0.606 0.528 0.606 0.531 0.604 0.531 0.602 0.532 0.602 0.535 0.604 0.538 0.604 0.539 0.605 0.541 0.605 0.542 0.604 0.544 0.604 0.547 0.602 0.547 0.6 0.548 0.599 0.548 0.598 0.547 0.597 0.547 0.595 0.544 0.593 0.542 0.593 0.541 0.592 0.539 0.592 0.538 0.593 0.535 0.593 0.532 0.595 0.532 0.597 0.531 0.598 0.528 0.595 0.526 0.595 0.525 0.595 0.523 0.595 0.522 0.594 0.522 0.593 0.521 0.592 0.521 0.591 0.518 0.588 0.516 0.588 0.515 0.588
7 0.556 0.586 0.555 0.587 0.554 0.587 0.552 0.588 0.552 0.589 0.551 0.59 0.551 0.591 0.552 0.592 0.552 0.593 0.554 0.595 0.555 0.595 0.556 0.595 0.558 0.595 0.559 0.595 0.56 0.595 0.562 0.593 0.562 0.592 0.564 0.591 0.564 0.59 0.562 0.589 0.562 0.588 0.56 0.587 0.559 0.587 0.558 0.586
7 0.639 0.58 0.638 0.581 0.635 0.581 0.632 0.584 0.632 0.585 0.631 0.586 0.631 0.588 0.632 0.588 0.632 0.59 0.635 0.592 0.638 0.592 0.639 0.593 0.641 0.593 0.642 0.592 0.644 0.592 0.647 0.59 0.647 0.588 0.648 0.588 0.648 0.586 0.647 0.585 0.647 0.584 0.644 0.581 0.642 0.581 0.641 0.58
7 0.586 0.58 0.585 0.581 0.584 0.581 0.582 0.583 0.582 0.584 0.581 0.584 0.581 0.586 0.582 0.587 0.582 0.588 0.584 0.589 0.585 0.589 0.586 0.59 0.589 0.59 0.59 0.589 0.591 0.589 0.593 0.588 0.593 0.587 0.594 0.586 0.594 0.584 0.593 0.584 0.593 0.583 0.591 0.581 0.59 0.581 0.589 0.58
7 0.483 0.579 0.478 0.583 0.478 0.584 0.477 0.584 0.477 0.589 0.478 0.59 0.478 0.591 0.483 0.595 0.49 0.595 0.495 0.591 0.495 0.59 0.496 0.589 0.496 0.584 0.495 0.584 0.495 0.583 0.49 0.579
7 0.675 0.573 0.674 0.573 0.672 0.573 0.669 0.576 0.669 0.577 0.668 0.578 0.668 0.58 0.669 0.58 0.669 0.582 0.672 0.584 0.674 0.584 0.675 0.585 0.677 0.585 0.678 0.584 0.68 0.584 0.683 0.582 0.683 0.58 0.684 0.58 0.684 0.578 0.683 0.577 0.683 0.576 0.68 0.573 0.678 0.573 0.677 0.573
7 0.599 0.573 0.598 0.573 0.597 0.573 0.595 0.575 0.595 0.576 0.594 0.577 0.594 0.578 0.595 0.579 0.595 0.58 0.597 0.581 0.598 0.581 0.599 0.582 0.601 0.582 0.602 0.583 0.601 0.584 0.601 0.584 0.6 0.585 0.599 0.585 0.598 0.586 0.597 0.586 0.595 0.588 0.595 0.588 0.594 0.589 0.594 0.591 0.595 0.591 0.595 0.592 0.597 0.594 0.598 0.594 0.599 0.595 0.601 0.595 0.602 0.594 0.603 0.594 0.605 0.592 0.605 0.591 0.606 0.591 0.606 0.59 0.607 0.589 0.608 0.589 0.609 0.588 0.61 0.588 0.612 0.587 0.612 0.586 0.614 0.585 0.614 0.584 0.612 0.583 0.612 0.582 0.61 0.58 0.609 0.58 0.608 0.58 0.606 0.58 0.605 0.579 0.606 0.578 0.606 0.577 0.605 0.576 0.605 0.575 0.603 0.573 0.602 0.573 0.601 0.573
7 0.589 0.564 0.588 0.565 0.586 0.565 0.584 0.566 0.584 0.567 0.583 0.568 0.583 0.57 0.584 0.57 0.584 0.571 0.586 0.573 0.588 0.573 0.589 0.573 0.591 0.573 0.592 0.573 0.593 0.573 0.595 0.571 0.595 0.57 0.596 0.57 0.596 0.568 0.595 0.567 0.595 0.566 0.593 0.565 0.592 0.565 0.591 0.564
7 0.461 0.559 0.46 0.56 0.458 0.56 0.457 0.561 0.456 0.561 0.454 0.562 0.453 0.562 0.453 0.563 0.451 0.565 0.451 0.566 0.45 0.566 0.45 0.568 0.449 0.569 0.449 0.574 0.45 0.575 0.45 0.576 0.451 0.577 0.451 0.577 0.452 0.578 0.452 0.579 0.453 0.58 0.454 0.58 0.456 0.581 0.457 0.581 0.458 0.582 0.46 0.582 0.461 0.583 0.469 0.583 0.47 0.582 0.471 0.582 0.472 0.581 0.473 0.581 0.474 0.58 0.475 0.58 0.477 0.579 0.477 0.578 0.478 0.577 0.478 0.577 0.479 0.576 0.479 0.575 0.48 0.574 0.48 0.569 0.479 0.568 0.479 0.566 0.478 0.566 0.478 0.565 0.476 0.563 0.476 0.562 0.475 0.562 0.474 0.562 0.473 0.561 0.472 0.561 0.471 0.56 0.47 0.56 0.469 0.559
7 0.677 0.558 0.676 0.559 0.674 0.559 0.671 0.561 0.671 0.562 0.67 0.563 0.67 0.565 0.671 0.566 0.671 0.567 0.674 0.57 0.676 0.57 0.677 0.57 0.679 0.57 0.68 0.57 0.682 0.57 0.685 0.567 0.685 0.566 0.686 0.565 0.686 0.563 0.685 0.562 0.685 0.561 0.682 0.559 0.68 0.559 0.679 0.558
7 0.531 0.556 0.53 0.557 0.529 0.557 0.527 0.559 0.527 0.559 0.526 0.56 0.526 0.562 0.527 0.562 0.527 0.563 0.529 0.565 0.53 0.565 0.531 0.566 0.533 0.566 0.534 0.566 0.534 0.568 0.535 0.569 0.535 0.57 0.538 0.571 0.539 0.571 0.54 0.572 0.542 0.572 0.543 0.571 0.544 0.571 0.546 0.57 0.547 0.57 0.55 0.572 0.552 0.572 0.553 0.573 0.555 0.573 0.556 0.572 0.558 0.572 0.561 0.57 0.561 0.568 0.562 0.567 0.562 0.566 0.561 0.565 0.561 0.563 0.558 0.561 0.556 0.561 0.555 0.56 0.553 0.56 0.552 0.561 0.55 0.561 0.547 0.563 0.547 0.564 0.546 0.565 0.544 0.563 0.543 0.563 0.542 0.562 0.54 0.562 0.539 0.562 0.539 0.56 0.538 0.559 0.538 0.559 0.535 0.557 0.534 0.557 0.533 0.556
7 0.572 0.555 0.571 0.556 0.569 0.556 0.566 0.559 0.566 0.56 0.565 0.561 0.565 0.562 0.566 0.563 0.566 0.565 0.569 0.567 0.571 0.567 0.572 0.568 0.574 0.568 0.575 0.567 0.577 0.567 0.58 0.565 0.58 0.563 0.581 0.562 0.581 0.561 0.58 0.56 0.58 0.559 0.577 0.556 0.575 0.556 0.574 0.555
7 0.622 0.55 0.621 0.551 0.62 0.551 0.618 0.552 0.618 0.553 0.616 0.555 0.615 0.554 0.612 0.554 0.611 0.555 0.61 0.555 0.608 0.556 0.608 0.557 0.607 0.558 0.607 0.559 0.608 0.56 0.608 0.561 0.61 0.562 0.611 0.562 0.612 0.563 0.615 0.563 0.616 0.562 0.617 0.562 0.619 0.561 0.619 0.56 0.621 0.559 0.622 0.559 0.624 0.559 0.625 0.559 0.626 0.559 0.627 0.558 0.628 0.559 0.628 0.559 0.629 0.56 0.629 0.561 0.631 0.562 0.631 0.563 0.628 0.566 0.628 0.567 0.627 0.568 0.627 0.569 0.626 0.57 0.624 0.568 0.623 0.568 0.622 0.567 0.62 0.567 0.619 0.568 0.618 0.568 0.616 0.57 0.616 0.57 0.615 0.571 0.615 0.573 0.616 0.573 0.616 0.574 0.618 0.576 0.619 0.576 0.62 0.577 0.622 0.577 0.623 0.576 0.624 0.576 0.626 0.574 0.626 0.573 0.628 0.572 0.631 0.574 0.633 0.574 0.634 0.575 0.636 0.575 0.638 0.574 0.64 0.574 0.643 0.572 0.643 0.57 0.644 0.57 0.644 0.568 0.643 0.567 0.643 0.566 0.64 0.563 0.639 0.563 0.638 0.562 0.64 0.561 0.64 0.56 0.641 0.559 0.641 0.558 0.64 0.557 0.64 0.556 0.638 0.555 0.636 0.555 0.635 0.554 0.633 0.554 0.632 0.555 0.631 0.555 0.63 0.555 0.629 0.555 0.629 0.554 0.628 0.553 0.628 0.552 0.626 0.551 0.625 0.551 0.624 0.55
7 0.541 0.544 0.54 0.545 0.538 0.545 0.534 0.547 0.534 0.548 0.533 0.549 0.533 0.551 0.534 0.552 0.534 0.553 0.538 0.555 0.54 0.555 0.541 0.556 0.543 0.556 0.544 0.555 0.546 0.555 0.549 0.553 0.549 0.552 0.55 0.551 0.55 0.549 0.549 0.548 0.549 0.547 0.546 0.545 0.544 0.545 0.543 0.544
7 0.612 0.542 0.611 0.543 0.61 0.543 0.608 0.545 0.608 0.545 0.607 0.546 0.607 0.548 0.608 0.548 0.608 0.549 0.61 0.551 0.611 0.551 0.612 0.552 0.615 0.552 0.616 0.551 0.617 0.551 0.619 0.549 0.619 0.548 0.62 0.548 0.62 0.546 0.619 0.545 0.619 0.545 0.617 0.543 0.616 0.543 0.615 0.542
7 0.521 0.535 0.52 0.536 0.515 0.536 0.509 0.54 0.509 0.541 0.508 0.541 0.508 0.546 0.509 0.547 0.509 0.548 0.515 0.552 0.521 0.552 0.522 0.551 0.527 0.551 0.532 0.547 0.532 0.546 0.533 0.545 0.533 0.541 0.532 0.54 0.532 0.539 0.527 0.535
7 0.56 0.534 0.559 0.534 0.558 0.534 0.556 0.536 0.556 0.537 0.555 0.538 0.555 0.539 0.556 0.54 0.556 0.541 0.558 0.542 0.559 0.542 0.56 0.543 0.562 0.543 0.564 0.542 0.565 0.542 0.567 0.541 0.567 0.54 0.568 0.539 0.568 0.538 0.567 0.537 0.567 0.536 0.565 0.534 0.564 0.534 0.562 0.534
7 0.684 0.529 0.679 0.533 0.679 0.534 0.678 0.534 0.678 0.539 0.679 0.54 0.679 0.541 0.684 0.545 0.691 0.545 0.696 0.541 0.696 0.54 0.697 0.539 0.697 0.534 0.696 0.534 0.696 0.533 0.691 0.529
7 0.802 0.528 0.801 0.529 0.799 0.529 0.798 0.53 0.796 0.53 0.79 0.534 0.79 0.536 0.789 0.537 0.789 0.538 0.788 0.539 0.788 0.545 0.789 0.545 0.789 0.547 0.79 0.548 0.79 0.548 0.796 0.553 0.798 0.553 0.799 0.554 0.801 0.554 0.802 0.555 0.809 0.555 0.81 0.554 0.812 0.554 0.814 0.553 0.815 0.553 0.821 0.548 0.821 0.548 0.822 0.547 0.822 0.545 0.823 0.545 0.823 0.539 0.822 0.538 0.822 0.537 0.821 0.536 0.821 0.534 0.815 0.53 0.814 0.53 0.812 0.529 0.81 0.529 0.809 0.528
7 0.571 0.52 0.57 0.521 0.568 0.521 0.565 0.523 0.565 0.525 0.564 0.526 0.564 0.527 0.565 0.528 0.565 0.53 0.568 0.532 0.57 0.532 0.571 0.533 0.573 0.533 0.574 0.532 0.576 0.532 0.577 0.533 0.577 0.534 0.576 0.534 0.576 0.536 0.577 0.537 0.575 0.538 0.574 0.538 0.572 0.54 0.572 0.541 0.571 0.541 0.571 0.543 0.572 0.544 0.572 0.545 0.574 0.546 0.575 0.546 0.576 0.547 0.578 0.547 0.579 0.546 0.58 0.546 0.582 0.545 0.582 0.544 0.583 0.543 0.583 0.541 0.582 0.541 0.584 0.539 0.585 0.539 0.588 0.538 0.588 0.537 0.589 0.536 0.589 0.534 0.588 0.534 0.588 0.533 0.585 0.531 0.584 0.531 0.583 0.53 0.581 0.53 0.58 0.531 0.579 0.531 0.578 0.53 0.579 0.53 0.579 0.528 0.58 0.527 0.58 0.526 0.579 0.525 0.579 0.523 0.576 0.521 0.574 0.521 0.573 0.52
7 0.618 0.498 0.617 0.499 0.616 0.499 0.615 0.5 0.614 0.5 0.61 0.502 0.61 0.503 0.609 0.504 0.609 0.505 0.608 0.506 0.608 0.511 0.609 0.512 0.609 0.513 0.61 0.514 0.61 0.515 0.614 0.517 0.615 0.517 0.616 0.518 0.617 0.518 0.618 0.519 0.623 0.519 0.624 0.518 0.626 0.518 0.627 0.519 0.624 0.521 0.622 0.521 0.619 0.523 0.619 0.525 0.618 0.526 0.618 0.527 0.619 0.528 0.619 0.53 0.622 0.532 0.624 0.532 0.625 0.533 0.627 0.533 0.628 0.532 0.63 0.532 0.635 0.528 0.638 0.528 0.641 0.526 0.641 0.524 0.642 0.523 0.642 0.522 0.641 0.521 0.641 0.52 0.638 0.517 0.635 0.517 0.634 0.516 0.632 0.516 0.631 0.517 0.63 0.517 0.629 0.516 0.631 0.515 0.631 0.514 0.632 0.513 0.632 0.512 0.633 0.511 0.633 0.506 0.632 0.505 0.632 0.504 0.631 0.503 0.631 0.502 0.628 0.5 0.627 0.5 0.626 0.499 0.624 0.499 0.623 0.498
7 0.577 0.497 0.576 0.498 0.575 0.498 0.574 0.498 0.573 0.498 0.57 0.501 0.57 0.502 0.569 0.502 0.569 0.504 0.568 0.505 0.568 0.509 0.569 0.51 0.569 0.512 0.57 0.512 0.57 0.513 0.573 0.516 0.574 0.516 0.575 0.516 0.576 0.516 0.577 0.517 0.582 0.517 0.583 0.516 0.585 0.516 0.586 0.516 0.588 0.516 0.591 0.513 0.591 0.512 0.592 0.512 0.592 0.51 0.593 0.509 0.593 0.505 0.592 0.504 0.592 0.502 0.591 0.502 0.591 0.501 0.588 0.498 0.586 0.498 0.585 0.498 0.583 0.498 0.582 0.497
7 0.397 0.492 0.396 0.493 0.394 0.493 0.393 0.494 0.392 0.494 0.39 0.495 0.389 0.495 0.384 0.498 0.384 0.499 0.382 0.501 0.382 0.502 0.381 0.502 0.381 0.504 0.38 0.505 0.38 0.511 0.381 0.512 0.381 0.513 0.382 0.514 0.382 0.515 0.383 0.516 0.383 0.516 0.389 0.52 0.39 0.52 0.392 0.522 0.393 0.522 0.394 0.523 0.396 0.523 0.397 0.523 0.404 0.523 0.405 0.523 0.408 0.523 0.409 0.522 0.41 0.522 0.411 0.521 0.412 0.521 0.419 0.516 0.419 0.516 0.42 0.515 0.42 0.514 0.421 0.513 0.421 0.512 0.422 0.511 0.422 0.505 0.421 0.504 0.421 0.502 0.42 0.502 0.42 0.501 0.418 0.499 0.418 0.498 0.412 0.495 0.411 0.495 0.41 0.494 0.409 0.494 0.408 0.493 0.405 0.493 0.404 0.492
7 0.699 0.484 0.698 0.485 0.696 0.485 0.695 0.486 0.694 0.486 0.693 0.487 0.692 0.487 0.688 0.49 0.688 0.491 0.686 0.491 0.686 0.492 0.685 0.493 0.685 0.495 0.684 0.495 0.684 0.502 0.685 0.502 0.685 0.504 0.686 0.505 0.686 0.505 0.689 0.507 0.689 0.508 0.692 0.51 0.693 0.51 0.694 0.511 0.695 0.511 0.696 0.512 0.698 0.512 0.699 0.512 0.707 0.512 0.708 0.512 0.71 0.512 0.711 0.511 0.712 0.511 0.715 0.509 0.716 0.509 0.718 0.508 0.718 0.507 0.72 0.505 0.72 0.505 0.721 0.504 0.721 0.502 0.722 0.502 0.722 0.495 0.721 0.495 0.721 0.493 0.72 0.492 0.72 0.491 0.719 0.491 0.719 0.49 0.716 0.488 0.715 0.488 0.712 0.486 0.711 0.486 0.71 0.485 0.708 0.485 0.707 0.484
