0 0.364 0.817 0.362 0.818 0.36 0.818 0.359 0.819 0.358 0.819 0.356 0.82 0.355 0.82 0.351 0.823 0.351 0.824 0.349 0.826 0.349 0.827 0.348 0.827 0.348 0.829 0.347 0.83 0.347 0.836 0.348 0.837 0.348 0.838 0.349 0.839 0.349 0.84 0.35 0.841 0.35 0.841 0.355 0.845 0.356 0.845 0.358 0.847 0.359 0.847 0.36 0.848 0.362 0.848 0.364 0.848 0.371 0.848 0.372 0.848 0.375 0.848 0.376 0.847 0.377 0.847 0.378 0.846 0.379 0.846 0.385 0.841 0.385 0.841 0.386 0.84 0.386 0.839 0.388 0.838 0.388 0.837 0.389 0.836 0.389 0.83 0.388 0.829 0.388 0.827 0.386 0.827 0.386 0.826 0.384 0.824 0.384 0.823 0.379 0.82 0.378 0.82 0.377 0.819 0.376 0.819 0.375 0.818 0.372 0.818 0.371 0.817
0 0.469 0.797 0.468 0.798 0.465 0.798 0.464 0.798 0.462 0.798 0.456 0.803 0.456 0.804 0.455 0.805 0.455 0.806 0.454 0.807 0.454 0.812 0.455 0.813 0.455 0.814 0.456 0.815 0.456 0.816 0.462 0.82 0.464 0.82 0.465 0.821 0.468 0.821 0.469 0.822 0.476 0.822 0.477 0.821 0.479 0.821 0.48 0.82 0.481 0.82 0.488 0.816 0.488 0.815 0.489 0.814 0.489 0.813 0.49 0.812 0.49 0.807 0.489 0.806 0.489 0.805 0.488 0.804 0.488 0.803 0.481 0.798 0.48 0.798 0.479 0.798 0.477 0.798 0.476 0.797
0 0.626 0.78 0.625 0.78 0.623 0.78 0.622 0.781 0.621 0.781 0.616 0.785 0.616 0.786 0.615 0.787 0.615 0.788 0.614 0.789 0.614 0.793 0.615 0.794 0.615 0.795 0.616 0.795 0.616 0.796 0.621 0.8 0.622 0.8 0.623 0.801 0.625 0.801 0.626 0.802 0.631 0.802 0.632 0.801 0.633 0.801 0.634 0.8 0.635 0.8 0.641 0.796 0.641 0.795 0.642 0.795 0.642 0.794 0.643 0.793 0.643 0.789 0.642 0.788 0.642 0.787 0.641 0.786 0.641 0.785 0.635 0.781 0.634 0.781 0.633 0.78 0.632 0.78 0.631 0.78
0 0.651 0.766 0.65 0.767 0.649 0.767 0.648 0.768 0.647 0.768 0.644 0.77 0.644 0.771 0.643 0.772 0.643 0.773 0.642 0.773 0.642 0.777 0.644 0.779 0.644 0.78 0.647 0.782 0.648 0.782 0.649 0.783 0.65 0.783 0.651 0.784 0.656 0.784 0.658 0.782 0.659 0.782 0.662 0.78 0.662 0.779 0.665 0.777 0.665 0.773 0.664 0.773 0.664 0.772 0.662 0.771 0.662 0.77 0.659 0.768 0.658 0.768 0.656 0.766
0 0.402 0.747 0.401 0.748 0.399 0.748 0.398 0.748 0.397 0.748 0.392 0.752 0.392 0.753 0.391 0.754 0.391 0.755 0.39 0.756 0.39 0.76 0.391 0.761 0.391 0.762 0.392 0.762 0.392 0.763 0.397 0.767 0.398 0.767 0.399 0.768 0.401 0.768 0.402 0.769 0.407 0.769 0.408 0.768 0.409 0.768 0.41 0.767 0.411 0.767 0.417 0.763 0.417 0.762 0.418 0.762 0.418 0.761 0.419 0.76 0.419 0.756 0.418 0.755 0.418 0.754 0.417 0.753 0.417 0.752 0.411 0.748 0.41 0.748 0.409 0.748 0.408 0.748 0.407 0.747
0 0.767 0.736 0.766 0.737 0.764 0.737 0.762 0.738 0.761 0.738 0.756 0.741 0.756 0.742 0.755 0.743 0.755 0.745 0.754 0.745 0.754 0.749 0.755 0.75 0.755 0.751 0.756 0.752 0.756 0.752 0.761 0.756 0.762 0.756 0.764 0.757 0.766 0.757 0.767 0.758 0.772 0.758 0.773 0.757 0.774 0.757 0.775 0.756 0.776 0.756 0.781 0.752 0.781 0.752 0.782 0.751 0.782 0.75 0.783 0.749 0.783 0.745 0.782 0.745 0.782 0.743 0.781 0.742 0.781 0.741 0.776 0.738 0.775 0.738 0.774 0.737 0.773 0.737 0.772 0.736
0 0.315 0.72 0.314 0.72 0.311 0.72 0.31 0.721 0.309 0.721 0.304 0.725 0.304 0.726 0.303 0.727 0.303 0.728 0.302 0.729 0.302 0.733 0.303 0.734 0.303 0.734 0.304 0.735 0.304 0.736 0.309 0.74 0.31 0.74 0.311 0.741 0.314 0.741 0.315 0.741 0.32 0.741 0.321 0.741 0.322 0.741 0.323 0.74 0.324 0.74 0.329 0.736 0.329 0.735 0.33 0.734 0.33 0.734 0.331 0.733 0.331 0.729 0.33 0.728 0.33 0.727 0.329 0.726 0.329 0.725 0.324 0.721 0.323 0.721 0.322 0.72 0.321 0.72 0.32 0.72
0 0.366 0.712 0.365 0.713 0.364 0.713 0.362 0.714 0.361 0.714 0.358 0.716 0.358 0.717 0.357 0.718 0.357 0.719 0.356 0.72 0.356 0.721 0.354 0.723 0.353 0.723 0.35 0.725 0.35 0.726 0.349 0.727 0.349 0.727 0.348 0.728 0.348 0.732 0.35 0.734 0.35 0.734 0.353 0.737 0.354 0.737 0.355 0.738 0.356 0.738 0.357 0.738 0.362 0.738 0.365 0.737 0.366 0.737 0.369 0.734 0.369 0.734 0.371 0.732 0.371 0.73 0.373 0.728 0.374 0.728 0.377 0.726 0.377 0.725 0.379 0.723 0.379 0.72 0.378 0.719 0.378 0.718 0.377 0.717 0.377 0.716 0.374 0.714 0.373 0.714 0.371 0.712
0 0.343 0.702 0.342 0.703 0.341 0.703 0.34 0.704 0.339 0.704 0.335 0.706 0.335 0.707 0.334 0.708 0.334 0.709 0.333 0.709 0.333 0.713 0.335 0.715 0.335 0.716 0.339 0.718 0.34 0.718 0.341 0.719 0.342 0.719 0.343 0.72 0.348 0.72 0.35 0.718 0.351 0.718 0.354 0.716 0.354 0.715 0.356 0.713 0.356 0.709 0.355 0.709 0.355 0.708 0.354 0.707 0.354 0.706 0.351 0.704 0.35 0.704 0.348 0.702
0 0.839 0.695 0.838 0.695 0.834 0.695 0.833 0.696 0.832 0.696 0.826 0.701 0.826 0.702 0.825 0.702 0.825 0.704 0.824 0.705 0.824 0.71 0.825 0.711 0.825 0.712 0.826 0.712 0.826 0.713 0.832 0.718 0.833 0.718 0.834 0.719 0.838 0.719 0.839 0.72 0.846 0.72 0.847 0.719 0.849 0.719 0.85 0.718 0.851 0.718 0.857 0.713 0.857 0.712 0.858 0.712 0.858 0.711 0.859 0.71 0.859 0.705 0.858 0.704 0.858 0.702 0.857 0.702 0.857 0.701 0.851 0.696 0.85 0.696 0.849 0.695 0.847 0.695 0.846 0.695
0 0.725 0.695 0.724 0.695 0.723 0.695 0.722 0.696 0.721 0.696 0.718 0.698 0.718 0.699 0.717 0.7 0.717 0.701 0.716 0.702 0.716 0.705 0.718 0.707 0.718 0.708 0.721 0.71 0.722 0.71 0.723 0.711 0.724 0.711 0.725 0.712 0.73 0.712 0.732 0.71 0.733 0.71 0.736 0.708 0.736 0.707 0.739 0.705 0.739 0.702 0.738 0.701 0.738 0.7 0.736 0.699 0.736 0.698 0.733 0.696 0.732 0.696 0.73 0.695
0 0.323 0.684 0.322 0.684 0.321 0.684 0.32 0.685 0.319 0.685 0.316 0.688 0.316 0.688 0.315 0.689 0.315 0.69 0.314 0.691 0.314 0.695 0.316 0.696 0.316 0.697 0.319 0.699 0.32 0.699 0.321 0.7 0.322 0.7 0.323 0.701 0.328 0.701 0.33 0.699 0.331 0.699 0.334 0.697 0.334 0.696 0.336 0.695 0.336 0.691 0.335 0.69 0.335 0.689 0.334 0.688 0.334 0.688 0.331 0.685 0.33 0.685 0.328 0.684
0 0.786 0.679 0.785 0.68 0.784 0.68 0.783 0.68 0.782 0.68 0.779 0.683 0.779 0.684 0.778 0.684 0.778 0.685 0.777 0.686 0.777 0.69 0.779 0.691 0.779 0.692 0.78 0.693 0.779 0.694 0.775 0.694 0.774 0.695 0.773 0.695 0.772 0.695 0.771 0.695 0.768 0.698 0.768 0.698 0.767 0.699 0.767 0.7 0.766 0.701 0.766 0.705 0.768 0.706 0.768 0.707 0.771 0.709 0.772 0.709 0.773 0.71 0.774 0.71 0.775 0.711 0.78 0.711 0.782 0.709 0.783 0.709 0.786 0.707 0.786 0.706 0.789 0.705 0.789 0.701 0.788 0.7 0.788 0.699 0.786 0.698 0.786 0.698 0.785 0.697 0.786 0.696 0.792 0.696 0.794 0.695 0.795 0.695 0.798 0.692 0.798 0.691 0.799 0.691 0.8 0.691 0.8 0.695 0.802 0.697 0.802 0.698 0.805 0.7 0.806 0.7 0.807 0.701 0.808 0.701 0.809 0.702 0.815 0.702 0.817 0.7 0.818 0.7 0.821 0.698 0.821 0.697 0.823 0.695 0.823 0.691 0.822 0.691 0.822 0.69 0.821 0.689 0.821 0.688 0.818 0.686 0.817 0.686 0.815 0.684 0.809 0.684 0.808 0.685 0.807 0.685 0.806 0.686 0.805 0.686 0.802 0.688 0.802 0.689 0.801 0.69 0.8 0.689 0.8 0.686 0.799 0.685 0.799 0.684 0.798 0.684 0.798 0.683 0.795 0.68 0.794 0.68 0.792 0.679
0 0.247 0.672 0.246 0.673 0.244 0.673 0.243 0.673 0.242 0.673 0.236 0.677 0.236 0.678 0.235 0.679 0.235 0.68 0.234 0.681 0.234 0.685 0.235 0.686 0.235 0.687 0.236 0.688 0.236 0.688 0.242 0.692 0.243 0.692 0.244 0.693 0.246 0.693 0.247 0.694 0.252 0.694 0.253 0.693 0.254 0.693 0.255 0.692 0.256 0.692 0.261 0.688 0.261 0.688 0.262 0.687 0.262 0.686 0.264 0.685 0.264 0.681 0.262 0.68 0.262 0.679 0.261 0.678 0.261 0.677 0.256 0.673 0.255 0.673 0.254 0.673 0.253 0.673 0.252 0.672
0 0.299 0.666 0.298 0.666 0.297 0.666 0.296 0.667 0.295 0.667 0.292 0.67 0.292 0.67 0.291 0.671 0.291 0.672 0.29 0.673 0.29 0.677 0.292 0.678 0.292 0.679 0.291 0.68 0.289 0.678 0.283 0.678 0.282 0.679 0.281 0.679 0.28 0.68 0.279 0.68 0.276 0.682 0.276 0.683 0.275 0.684 0.275 0.684 0.274 0.685 0.274 0.689 0.276 0.691 0.276 0.691 0.279 0.694 0.28 0.694 0.281 0.695 0.282 0.695 0.283 0.695 0.289 0.695 0.291 0.694 0.292 0.694 0.295 0.691 0.295 0.691 0.297 0.689 0.297 0.685 0.296 0.684 0.296 0.684 0.295 0.683 0.295 0.682 0.296 0.681 0.297 0.682 0.298 0.682 0.299 0.683 0.304 0.683 0.306 0.681 0.307 0.681 0.31 0.679 0.31 0.678 0.312 0.677 0.312 0.673 0.311 0.672 0.311 0.671 0.31 0.67 0.31 0.67 0.307 0.667 0.306 0.667 0.304 0.666
0 0.749 0.662 0.748 0.663 0.747 0.663 0.746 0.664 0.745 0.664 0.742 0.666 0.742 0.667 0.741 0.668 0.741 0.669 0.74 0.67 0.74 0.673 0.742 0.675 0.742 0.676 0.745 0.678 0.746 0.678 0.747 0.679 0.748 0.679 0.749 0.68 0.754 0.68 0.756 0.678 0.757 0.678 0.76 0.676 0.76 0.675 0.762 0.673 0.762 0.67 0.761 0.669 0.761 0.668 0.76 0.667 0.76 0.666 0.757 0.664 0.756 0.664 0.754 0.662
0 0.266 0.65 0.265 0.651 0.264 0.651 0.262 0.652 0.261 0.652 0.258 0.654 0.258 0.655 0.257 0.655 0.257 0.656 0.256 0.657 0.256 0.661 0.258 0.662 0.258 0.663 0.261 0.666 0.262 0.666 0.264 0.666 0.265 0.666 0.266 0.667 0.271 0.667 0.273 0.666 0.274 0.666 0.277 0.663 0.277 0.662 0.279 0.661 0.279 0.657 0.278 0.656 0.278 0.655 0.277 0.655 0.277 0.654 0.274 0.652 0.273 0.652 0.271 0.65
0 0.141 0.645 0.14 0.646 0.138 0.646 0.136 0.647 0.135 0.647 0.13 0.651 0.13 0.652 0.129 0.652 0.129 0.654 0.128 0.655 0.128 0.659 0.129 0.659 0.129 0.66 0.13 0.661 0.13 0.662 0.135 0.666 0.136 0.666 0.138 0.666 0.14 0.666 0.141 0.667 0.146 0.667 0.147 0.666 0.148 0.666 0.149 0.666 0.15 0.666 0.155 0.662 0.155 0.661 0.156 0.66 0.156 0.659 0.157 0.659 0.157 0.655 0.156 0.654 0.156 0.652 0.155 0.652 0.155 0.651 0.15 0.647 0.149 0.647 0.148 0.646 0.147 0.646 0.146 0.645
0 0.807 0.643 0.806 0.644 0.805 0.644 0.804 0.645 0.803 0.645 0.8 0.647 0.8 0.648 0.799 0.648 0.799 0.649 0.798 0.65 0.798 0.654 0.8 0.655 0.799 0.656 0.798 0.656 0.795 0.659 0.795 0.659 0.794 0.66 0.794 0.661 0.793 0.662 0.793 0.666 0.795 0.667 0.795 0.668 0.798 0.67 0.799 0.67 0.8 0.671 0.801 0.671 0.802 0.672 0.807 0.672 0.809 0.67 0.81 0.67 0.814 0.668 0.814 0.667 0.816 0.666 0.816 0.662 0.815 0.661 0.815 0.66 0.814 0.659 0.815 0.659 0.816 0.659 0.819 0.656 0.819 0.655 0.821 0.654 0.821 0.65 0.82 0.649 0.82 0.648 0.819 0.648 0.819 0.647 0.816 0.645 0.815 0.645 0.812 0.643
0 0.168 0.632 0.167 0.633 0.165 0.633 0.164 0.634 0.162 0.634 0.157 0.638 0.157 0.638 0.156 0.639 0.156 0.641 0.155 0.641 0.155 0.645 0.156 0.646 0.156 0.647 0.157 0.648 0.157 0.648 0.162 0.652 0.164 0.652 0.165 0.653 0.167 0.653 0.168 0.654 0.173 0.654 0.174 0.653 0.175 0.653 0.176 0.652 0.177 0.652 0.182 0.648 0.182 0.648 0.183 0.647 0.183 0.646 0.184 0.645 0.184 0.641 0.183 0.641 0.183 0.639 0.182 0.638 0.182 0.638 0.177 0.634 0.176 0.634 0.175 0.633 0.174 0.633 0.173 0.632
0 0.283 0.63 0.282 0.63 0.281 0.63 0.28 0.631 0.279 0.631 0.276 0.634 0.276 0.634 0.275 0.635 0.275 0.636 0.274 0.637 0.274 0.641 0.276 0.642 0.276 0.643 0.279 0.645 0.28 0.645 0.281 0.646 0.282 0.646 0.283 0.647 0.289 0.647 0.291 0.645 0.292 0.645 0.295 0.643 0.295 0.642 0.297 0.641 0.297 0.637 0.296 0.636 0.296 0.635 0.295 0.634 0.295 0.634 0.292 0.631 0.291 0.631 0.289 0.63
0 0.816 0.62 0.815 0.621 0.814 0.621 0.812 0.622 0.811 0.622 0.808 0.624 0.808 0.625 0.807 0.626 0.807 0.627 0.806 0.627 0.806 0.631 0.808 0.633 0.808 0.634 0.811 0.636 0.812 0.636 0.814 0.637 0.815 0.637 0.816 0.638 0.821 0.638 0.823 0.636 0.824 0.636 0.827 0.634 0.827 0.633 0.829 0.631 0.829 0.627 0.828 0.627 0.828 0.626 0.827 0.625 0.827 0.624 0.824 0.622 0.823 0.622 0.821 0.62
0 0.228 0.612 0.227 0.612 0.226 0.612 0.225 0.613 0.224 0.613 0.221 0.616 0.221 0.616 0.22 0.617 0.22 0.618 0.219 0.619 0.218 0.619 0.216 0.617 0.215 0.617 0.212 0.616 0.207 0.616 0.206 0.616 0.205 0.616 0.204 0.617 0.203 0.617 0.2 0.62 0.2 0.62 0.199 0.621 0.199 0.622 0.198 0.623 0.198 0.623 0.197 0.624 0.193 0.624 0.192 0.625 0.191 0.625 0.19 0.626 0.189 0.626 0.185 0.628 0.185 0.629 0.184 0.63 0.184 0.63 0.183 0.631 0.183 0.635 0.185 0.637 0.185 0.638 0.189 0.64 0.19 0.64 0.191 0.641 0.192 0.641 0.193 0.641 0.198 0.641 0.2 0.64 0.201 0.64 0.204 0.638 0.204 0.637 0.206 0.635 0.206 0.634 0.207 0.633 0.212 0.633 0.215 0.631 0.216 0.631 0.219 0.629 0.219 0.628 0.222 0.626 0.224 0.627 0.225 0.627 0.226 0.628 0.227 0.628 0.228 0.629 0.233 0.629 0.235 0.627 0.236 0.627 0.24 0.625 0.24 0.624 0.242 0.623 0.242 0.619 0.241 0.618 0.241 0.617 0.24 0.616 0.24 0.616 0.236 0.613 0.235 0.613 0.233 0.612
0 0.79 0.611 0.789 0.612 0.788 0.612 0.786 0.612 0.785 0.612 0.782 0.615 0.782 0.616 0.781 0.616 0.781 0.617 0.78 0.618 0.78 0.622 0.782 0.623 0.782 0.624 0.785 0.627 0.786 0.627 0.788 0.627 0.789 0.627 0.79 0.628 0.795 0.628 0.797 0.627 0.798 0.627 0.801 0.624 0.801 0.623 0.803 0.622 0.803 0.618 0.802 0.617 0.802 0.616 0.801 0.616 0.801 0.615 0.798 0.612 0.797 0.612 0.795 0.611
0 0.155 0.599 0.154 0.6 0.153 0.6 0.152 0.601 0.151 0.601 0.148 0.603 0.148 0.604 0.147 0.605 0.147 0.605 0.146 0.606 0.146 0.609 0.145 0.61 0.144 0.609 0.144 0.609 0.139 0.605 0.138 0.605 0.136 0.604 0.135 0.604 0.134 0.603 0.129 0.603 0.128 0.604 0.126 0.604 0.125 0.605 0.124 0.605 0.119 0.609 0.119 0.609 0.118 0.61 0.118 0.612 0.117 0.612 0.117 0.616 0.118 0.617 0.118 0.618 0.119 0.619 0.119 0.62 0.124 0.623 0.125 0.623 0.126 0.624 0.128 0.624 0.129 0.625 0.134 0.625 0.135 0.624 0.136 0.624 0.138 0.623 0.139 0.623 0.144 0.62 0.144 0.619 0.145 0.618 0.145 0.617 0.146 0.616 0.146 0.612 0.145 0.612 0.145 0.611 0.146 0.61 0.148 0.612 0.148 0.612 0.151 0.615 0.152 0.615 0.153 0.616 0.154 0.616 0.155 0.616 0.16 0.616 0.162 0.615 0.164 0.615 0.167 0.612 0.167 0.612 0.169 0.61 0.169 0.606 0.168 0.605 0.168 0.605 0.167 0.604 0.167 0.603 0.164 0.601 0.162 0.601 0.16 0.599
0 0.839 0.591 0.838 0.591 0.835 0.591 0.834 0.592 0.833 0.592 0.828 0.596 0.828 0.597 0.827 0.598 0.827 0.599 0.826 0.6 0.826 0.604 0.827 0.605 0.827 0.605 0.828 0.606 0.828 0.607 0.833 0.611 0.834 0.611 0.835 0.612 0.838 0.612 0.839 0.612 0.844 0.612 0.845 0.612 0.846 0.612 0.847 0.611 0.848 0.611 0.853 0.607 0.853 0.606 0.854 0.605 0.854 0.605 0.855 0.604 0.855 0.6 0.854 0.599 0.854 0.598 0.853 0.597 0.853 0.596 0.848 0.592 0.847 0.592 0.846 0.591 0.845 0.591 0.844 0.591
0 0.79 0.588 0.789 0.588 0.788 0.588 0.786 0.589 0.785 0.589 0.782 0.591 0.782 0.592 0.781 0.593 0.781 0.594 0.78 0.595 0.78 0.598 0.782 0.6 0.782 0.601 0.785 0.603 0.786 0.603 0.788 0.604 0.789 0.604 0.79 0.605 0.795 0.605 0.796 0.604 0.797 0.605 0.797 0.609 0.799 0.61 0.799 0.611 0.802 0.613 0.803 0.613 0.804 0.614 0.805 0.614 0.806 0.615 0.811 0.615 0.814 0.613 0.815 0.613 0.818 0.611 0.818 0.61 0.82 0.609 0.82 0.605 0.819 0.604 0.819 0.603 0.818 0.602 0.818 0.602 0.815 0.599 0.814 0.599 0.811 0.598 0.806 0.598 0.805 0.598 0.804 0.598 0.803 0.598 0.803 0.595 0.802 0.594 0.802 0.593 0.801 0.592 0.801 0.591 0.798 0.589 0.797 0.589 0.795 0.588
0 0.1 0.585 0.099 0.586 0.097 0.586 0.096 0.587 0.095 0.587 0.09 0.591 0.09 0.591 0.089 0.592 0.089 0.594 0.088 0.595 0.088 0.598 0.089 0.599 0.089 0.6 0.09 0.601 0.09 0.602 0.095 0.605 0.096 0.605 0.097 0.606 0.099 0.606 0.1 0.607 0.105 0.607 0.106 0.606 0.107 0.606 0.108 0.605 0.109 0.605 0.115 0.602 0.115 0.601 0.116 0.6 0.116 0.599 0.117 0.598 0.117 0.595 0.116 0.594 0.116 0.592 0.115 0.591 0.115 0.591 0.109 0.587 0.108 0.587 0.107 0.586 0.106 0.586 0.105 0.585
0 0.188 0.577 0.186 0.578 0.185 0.578 0.184 0.579 0.183 0.579 0.18 0.581 0.18 0.582 0.177 0.584 0.176 0.584 0.173 0.587 0.173 0.588 0.172 0.588 0.172 0.589 0.171 0.59 0.171 0.594 0.173 0.595 0.173 0.596 0.176 0.598 0.177 0.598 0.178 0.599 0.179 0.599 0.18 0.6 0.185 0.6 0.188 0.598 0.189 0.598 0.192 0.596 0.192 0.595 0.193 0.595 0.196 0.597 0.197 0.597 0.198 0.598 0.199 0.598 0.2 0.598 0.205 0.598 0.207 0.597 0.208 0.597 0.211 0.595 0.211 0.594 0.214 0.592 0.214 0.588 0.212 0.588 0.212 0.587 0.211 0.586 0.211 0.585 0.208 0.583 0.207 0.583 0.205 0.581 0.199 0.581 0.196 0.579 0.195 0.579 0.193 0.577
0 0.818 0.576 0.817 0.577 0.816 0.577 0.815 0.577 0.814 0.577 0.81 0.58 0.81 0.58 0.809 0.581 0.809 0.582 0.808 0.583 0.808 0.587 0.81 0.588 0.81 0.589 0.814 0.591 0.815 0.591 0.816 0.592 0.817 0.592 0.818 0.593 0.823 0.593 0.825 0.591 0.826 0.591 0.829 0.589 0.829 0.588 0.831 0.587 0.831 0.583 0.83 0.582 0.83 0.581 0.829 0.58 0.829 0.58 0.826 0.577 0.825 0.577 0.823 0.576
0 0.238 0.566 0.236 0.566 0.235 0.566 0.234 0.567 0.233 0.567 0.23 0.57 0.23 0.57 0.229 0.571 0.229 0.572 0.228 0.573 0.228 0.577 0.23 0.578 0.23 0.579 0.233 0.581 0.234 0.581 0.235 0.582 0.236 0.582 0.238 0.583 0.243 0.583 0.245 0.581 0.246 0.581 0.249 0.579 0.249 0.578 0.251 0.577 0.251 0.573 0.25 0.572 0.25 0.571 0.249 0.57 0.249 0.57 0.246 0.567 0.245 0.567 0.243 0.566
0 0.162 0.559 0.161 0.559 0.16 0.559 0.159 0.56 0.158 0.56 0.155 0.562 0.155 0.563 0.154 0.564 0.154 0.565 0.153 0.566 0.153 0.57 0.155 0.571 0.155 0.572 0.158 0.574 0.159 0.574 0.16 0.575 0.161 0.575 0.162 0.576 0.168 0.576 0.17 0.574 0.172 0.574 0.173 0.575 0.174 0.575 0.175 0.576 0.18 0.576 0.182 0.574 0.183 0.574 0.186 0.572 0.186 0.571 0.189 0.57 0.189 0.566 0.188 0.565 0.188 0.564 0.186 0.563 0.186 0.562 0.183 0.56 0.182 0.56 0.18 0.559 0.175 0.559 0.174 0.559 0.173 0.559 0.172 0.56 0.17 0.56 0.168 0.559
0 0.214 0.545 0.212 0.546 0.211 0.546 0.21 0.547 0.209 0.547 0.206 0.549 0.206 0.55 0.205 0.551 0.205 0.552 0.204 0.552 0.204 0.556 0.206 0.558 0.206 0.559 0.209 0.561 0.21 0.561 0.211 0.562 0.212 0.562 0.214 0.562 0.219 0.562 0.221 0.561 0.222 0.561 0.225 0.559 0.225 0.558 0.227 0.556 0.227 0.552 0.226 0.552 0.226 0.551 0.225 0.55 0.225 0.549 0.222 0.547 0.221 0.547 0.219 0.545
0 0.791 0.531 0.79 0.532 0.789 0.532 0.788 0.533 0.786 0.533 0.783 0.535 0.783 0.536 0.782 0.537 0.782 0.538 0.781 0.538 0.781 0.542 0.783 0.544 0.783 0.545 0.786 0.547 0.788 0.547 0.789 0.548 0.79 0.548 0.791 0.548 0.796 0.548 0.798 0.547 0.799 0.547 0.802 0.545 0.802 0.544 0.804 0.542 0.804 0.538 0.803 0.538 0.803 0.537 0.802 0.536 0.802 0.535 0.799 0.533 0.798 0.533 0.796 0.531
0 0.227 0.521 0.226 0.522 0.225 0.522 0.224 0.523 0.223 0.523 0.22 0.525 0.22 0.526 0.219 0.527 0.219 0.527 0.218 0.528 0.218 0.532 0.22 0.534 0.22 0.534 0.223 0.537 0.224 0.537 0.225 0.538 0.226 0.538 0.227 0.538 0.232 0.538 0.234 0.537 0.235 0.537 0.239 0.534 0.24 0.534 0.241 0.535 0.241 0.536 0.244 0.538 0.245 0.538 0.246 0.539 0.247 0.539 0.248 0.54 0.253 0.54 0.255 0.538 0.256 0.538 0.259 0.536 0.259 0.535 0.261 0.534 0.261 0.53 0.26 0.529 0.26 0.528 0.259 0.527 0.259 0.527 0.256 0.524 0.255 0.524 0.253 0.523 0.248 0.523 0.247 0.523 0.246 0.523 0.245 0.524 0.244 0.524 0.241 0.527 0.24 0.527 0.239 0.526 0.239 0.525 0.235 0.523 0.234 0.523 0.232 0.521
0 0.885 0.517 0.884 0.518 0.882 0.518 0.881 0.519 0.88 0.519 0.875 0.523 0.875 0.523 0.874 0.524 0.874 0.526 0.873 0.527 0.873 0.53 0.874 0.531 0.874 0.532 0.875 0.533 0.875 0.534 0.88 0.538 0.881 0.538 0.882 0.538 0.884 0.538 0.885 0.539 0.891 0.539 0.892 0.538 0.893 0.538 0.894 0.538 0.895 0.538 0.9 0.534 0.9 0.533 0.901 0.532 0.901 0.531 0.902 0.53 0.902 0.527 0.901 0.526 0.901 0.524 0.9 0.523 0.9 0.523 0.895 0.519 0.894 0.519 0.893 0.518 0.892 0.518 0.891 0.517
0 0.774 0.515 0.773 0.516 0.772 0.516 0.771 0.516 0.77 0.516 0.767 0.519 0.767 0.52 0.766 0.52 0.766 0.521 0.765 0.522 0.765 0.526 0.767 0.527 0.767 0.528 0.77 0.53 0.771 0.53 0.772 0.531 0.773 0.531 0.774 0.532 0.779 0.532 0.781 0.53 0.782 0.53 0.785 0.528 0.785 0.527 0.788 0.526 0.788 0.522 0.786 0.521 0.786 0.52 0.785 0.52 0.785 0.519 0.782 0.516 0.781 0.516 0.779 0.515
0 0.843 0.51 0.842 0.511 0.84 0.511 0.839 0.512 0.838 0.512 0.832 0.516 0.832 0.516 0.831 0.517 0.831 0.519 0.83 0.52 0.83 0.523 0.831 0.524 0.831 0.525 0.832 0.526 0.832 0.527 0.838 0.53 0.839 0.53 0.84 0.531 0.842 0.531 0.843 0.532 0.848 0.532 0.849 0.531 0.85 0.531 0.851 0.53 0.852 0.53 0.857 0.527 0.857 0.526 0.858 0.525 0.858 0.524 0.859 0.523 0.859 0.52 0.858 0.519 0.858 0.517 0.857 0.516 0.857 0.516 0.852 0.512 0.851 0.512 0.85 0.511 0.849 0.511 0.848 0.51
0 0.16 0.507 0.159 0.508 0.158 0.508 0.157 0.509 0.156 0.509 0.153 0.511 0.153 0.512 0.152 0.512 0.152 0.513 0.151 0.514 0.151 0.518 0.153 0.52 0.153 0.52 0.156 0.523 0.157 0.523 0.158 0.523 0.159 0.523 0.16 0.524 0.166 0.524 0.168 0.523 0.169 0.523 0.173 0.52 0.174 0.52 0.174 0.521 0.177 0.523 0.178 0.523 0.179 0.524 0.18 0.524 0.181 0.525 0.186 0.525 0.189 0.523 0.19 0.523 0.193 0.521 0.193 0.52 0.195 0.519 0.195 0.515 0.194 0.514 0.194 0.513 0.193 0.512 0.193 0.512 0.19 0.509 0.189 0.509 0.186 0.508 0.181 0.508 0.18 0.509 0.179 0.509 0.178 0.509 0.177 0.509 0.173 0.512 0.172 0.512 0.172 0.511 0.169 0.509 0.168 0.509 0.166 0.507
0 0.091 0.491 0.09 0.491 0.088 0.491 0.086 0.492 0.085 0.492 0.08 0.496 0.08 0.497 0.079 0.498 0.079 0.499 0.078 0.5 0.078 0.504 0.079 0.505 0.079 0.505 0.08 0.506 0.08 0.507 0.085 0.511 0.086 0.511 0.088 0.512 0.09 0.512 0.091 0.512 0.096 0.512 0.097 0.512 0.098 0.512 0.099 0.511 0.1 0.511 0.105 0.507 0.105 0.506 0.106 0.505 0.106 0.505 0.107 0.504 0.107 0.5 0.106 0.499 0.106 0.498 0.105 0.497 0.105 0.496 0.1 0.492 0.099 0.492 0.098 0.491 0.097 0.491 0.096 0.491
0 0.797 0.486 0.796 0.487 0.795 0.487 0.794 0.488 0.793 0.488 0.79 0.49 0.79 0.491 0.789 0.491 0.789 0.492 0.788 0.493 0.788 0.497 0.79 0.498 0.79 0.499 0.793 0.502 0.794 0.502 0.795 0.502 0.796 0.502 0.797 0.503 0.802 0.503 0.804 0.502 0.805 0.502 0.808 0.499 0.808 0.498 0.81 0.497 0.81 0.493 0.809 0.492 0.809 0.491 0.808 0.491 0.808 0.49 0.805 0.488 0.804 0.488 0.802 0.486
0 0.767 0.483 0.766 0.484 0.765 0.484 0.764 0.484 0.762 0.484 0.759 0.487 0.759 0.488 0.758 0.488 0.758 0.489 0.757 0.49 0.757 0.494 0.759 0.495 0.759 0.496 0.762 0.498 0.764 0.498 0.765 0.499 0.766 0.499 0.767 0.5 0.772 0.5 0.774 0.498 0.775 0.498 0.778 0.496 0.778 0.495 0.78 0.494 0.78 0.49 0.779 0.489 0.779 0.488 0.778 0.488 0.778 0.487 0.775 0.484 0.774 0.484 0.772 0.483
0 0.853 0.479 0.852 0.48 0.85 0.48 0.849 0.48 0.848 0.48 0.843 0.484 0.843 0.485 0.842 0.486 0.842 0.488 0.841 0.488 0.841 0.492 0.842 0.493 0.842 0.494 0.843 0.495 0.843 0.495 0.848 0.499 0.849 0.499 0.85 0.5 0.852 0.5 0.853 0.501 0.858 0.501 0.859 0.5 0.86 0.5 0.861 0.499 0.862 0.499 0.868 0.495 0.868 0.495 0.869 0.494 0.869 0.493 0.87 0.492 0.87 0.488 0.869 0.488 0.869 0.486 0.868 0.485 0.868 0.484 0.862 0.48 0.861 0.48 0.86 0.48 0.859 0.48 0.858 0.479
0 0.824 0.477 0.823 0.477 0.822 0.477 0.821 0.478 0.82 0.478 0.817 0.48 0.817 0.481 0.816 0.482 0.816 0.483 0.815 0.484 0.815 0.488 0.817 0.489 0.817 0.49 0.82 0.492 0.821 0.492 0.822 0.493 0.823 0.493 0.824 0.494 0.829 0.494 0.831 0.492 0.832 0.492 0.835 0.49 0.835 0.489 0.838 0.488 0.838 0.484 0.836 0.483 0.836 0.482 0.835 0.481 0.835 0.48 0.832 0.478 0.831 0.478 0.829 0.477
0 0.136 0.47 0.135 0.47 0.133 0.47 0.132 0.471 0.131 0.471 0.126 0.475 0.126 0.476 0.125 0.477 0.125 0.478 0.124 0.479 0.124 0.483 0.125 0.484 0.125 0.484 0.126 0.485 0.126 0.486 0.131 0.49 0.132 0.49 0.133 0.491 0.135 0.491 0.136 0.491 0.142 0.491 0.143 0.491 0.144 0.491 0.145 0.49 0.146 0.49 0.151 0.486 0.151 0.485 0.152 0.484 0.152 0.484 0.153 0.483 0.153 0.479 0.152 0.478 0.152 0.477 0.151 0.476 0.151 0.475 0.146 0.471 0.145 0.471 0.144 0.47 0.143 0.47 0.142 0.47
0 0.895 0.463 0.894 0.464 0.892 0.464 0.891 0.465 0.89 0.465 0.884 0.469 0.884 0.47 0.883 0.47 0.883 0.472 0.882 0.473 0.882 0.477 0.883 0.477 0.883 0.478 0.884 0.479 0.884 0.48 0.89 0.484 0.891 0.484 0.892 0.484 0.894 0.484 0.895 0.485 0.9 0.485 0.901 0.484 0.902 0.484 0.903 0.484 0.904 0.484 0.909 0.48 0.909 0.479 0.91 0.478 0.91 0.477 0.911 0.477 0.911 0.473 0.91 0.472 0.91 0.47 0.909 0.47 0.909 0.469 0.904 0.465 0.903 0.465 0.902 0.464 0.901 0.464 0.9 0.463
0 0.756 0.452 0.755 0.453 0.754 0.453 0.753 0.454 0.752 0.454 0.749 0.456 0.749 0.457 0.748 0.458 0.748 0.459 0.747 0.459 0.747 0.463 0.749 0.465 0.749 0.466 0.752 0.468 0.753 0.468 0.754 0.469 0.755 0.469 0.756 0.47 0.761 0.47 0.764 0.468 0.765 0.468 0.768 0.466 0.768 0.465 0.77 0.463 0.77 0.459 0.769 0.459 0.769 0.458 0.768 0.457 0.768 0.456 0.765 0.454 0.764 0.454 0.761 0.452
0 0.275 0.451 0.274 0.452 0.273 0.452 0.272 0.452 0.271 0.452 0.268 0.455 0.268 0.455 0.267 0.456 0.267 0.457 0.266 0.458 0.266 0.462 0.268 0.463 0.268 0.464 0.271 0.466 0.272 0.466 0.273 0.467 0.274 0.467 0.275 0.468 0.28 0.468 0.282 0.466 0.283 0.466 0.286 0.464 0.286 0.463 0.289 0.462 0.289 0.458 0.288 0.457 0.288 0.456 0.286 0.455 0.286 0.455 0.283 0.452 0.282 0.452 0.28 0.451
0 0.152 0.445 0.151 0.445 0.15 0.445 0.149 0.446 0.148 0.446 0.146 0.448 0.145 0.447 0.14 0.447 0.139 0.448 0.138 0.448 0.136 0.448 0.135 0.448 0.132 0.451 0.132 0.452 0.131 0.452 0.131 0.453 0.13 0.454 0.13 0.458 0.132 0.459 0.132 0.46 0.135 0.462 0.136 0.462 0.138 0.463 0.139 0.463 0.14 0.464 0.145 0.464 0.147 0.462 0.148 0.462 0.15 0.461 0.151 0.461 0.152 0.462 0.157 0.462 0.159 0.46 0.16 0.46 0.164 0.458 0.164 0.457 0.166 0.455 0.166 0.452 0.165 0.451 0.165 0.45 0.164 0.449 0.164 0.448 0.16 0.446 0.159 0.446 0.157 0.445
0 0.814 0.433 0.812 0.434 0.81 0.434 0.809 0.434 0.808 0.434 0.803 0.438 0.803 0.439 0.802 0.44 0.802 0.441 0.801 0.442 0.801 0.446 0.802 0.447 0.802 0.448 0.803 0.448 0.803 0.449 0.808 0.453 0.809 0.453 0.81 0.454 0.812 0.454 0.814 0.455 0.819 0.455 0.82 0.454 0.821 0.454 0.822 0.453 0.823 0.453 0.828 0.449 0.828 0.448 0.829 0.448 0.829 0.447 0.83 0.446 0.83 0.442 0.829 0.441 0.829 0.44 0.828 0.439 0.828 0.438 0.823 0.434 0.822 0.434 0.821 0.434 0.82 0.434 0.819 0.433
0 0.239 0.43 0.238 0.43 0.236 0.43 0.235 0.431 0.234 0.431 0.231 0.434 0.231 0.434 0.23 0.435 0.229 0.434 0.228 0.434 0.226 0.433 0.221 0.433 0.22 0.434 0.219 0.434 0.218 0.434 0.217 0.434 0.214 0.437 0.214 0.438 0.212 0.438 0.212 0.439 0.211 0.44 0.211 0.444 0.21 0.445 0.209 0.445 0.207 0.443 0.202 0.443 0.201 0.444 0.2 0.444 0.199 0.445 0.198 0.445 0.195 0.447 0.195 0.448 0.194 0.448 0.194 0.449 0.193 0.45 0.193 0.454 0.195 0.455 0.195 0.456 0.198 0.459 0.199 0.459 0.2 0.459 0.201 0.459 0.202 0.46 0.207 0.46 0.209 0.459 0.21 0.459 0.214 0.456 0.214 0.455 0.216 0.454 0.216 0.45 0.215 0.449 0.215 0.448 0.216 0.448 0.217 0.448 0.218 0.448 0.219 0.449 0.22 0.449 0.221 0.45 0.226 0.45 0.228 0.448 0.229 0.448 0.232 0.446 0.232 0.445 0.233 0.445 0.234 0.445 0.235 0.445 0.236 0.446 0.238 0.446 0.239 0.447 0.244 0.447 0.246 0.445 0.247 0.445 0.25 0.443 0.25 0.442 0.252 0.441 0.252 0.437 0.251 0.436 0.251 0.435 0.25 0.434 0.25 0.434 0.247 0.431 0.246 0.431 0.244 0.43
0 0.129 0.418 0.128 0.419 0.126 0.419 0.125 0.42 0.124 0.42 0.119 0.423 0.119 0.424 0.118 0.425 0.118 0.427 0.117 0.427 0.117 0.431 0.118 0.432 0.118 0.433 0.119 0.434 0.119 0.434 0.124 0.438 0.125 0.438 0.126 0.439 0.128 0.439 0.129 0.44 0.134 0.44 0.135 0.439 0.136 0.439 0.138 0.438 0.139 0.438 0.144 0.434 0.144 0.434 0.145 0.433 0.145 0.432 0.146 0.431 0.146 0.427 0.145 0.427 0.145 0.425 0.144 0.424 0.144 0.423 0.139 0.42 0.138 0.42 0.136 0.419 0.135 0.419 0.134 0.418
0 0.752 0.409 0.751 0.41 0.75 0.41 0.749 0.411 0.748 0.411 0.745 0.413 0.739 0.413 0.738 0.414 0.736 0.414 0.735 0.415 0.734 0.415 0.731 0.417 0.731 0.418 0.73 0.419 0.73 0.42 0.729 0.42 0.729 0.424 0.731 0.426 0.731 0.427 0.734 0.429 0.735 0.429 0.736 0.43 0.738 0.43 0.739 0.43 0.744 0.43 0.746 0.429 0.747 0.429 0.751 0.426 0.752 0.427 0.757 0.427 0.759 0.425 0.76 0.425 0.764 0.423 0.764 0.422 0.766 0.42 0.766 0.416 0.765 0.416 0.765 0.415 0.764 0.414 0.764 0.413 0.76 0.411 0.759 0.411 0.757 0.409
0 0.689 0.408 0.688 0.409 0.686 0.409 0.685 0.409 0.684 0.409 0.681 0.412 0.681 0.412 0.68 0.413 0.68 0.414 0.679 0.415 0.679 0.419 0.681 0.42 0.681 0.421 0.684 0.423 0.685 0.423 0.686 0.424 0.688 0.424 0.689 0.425 0.694 0.425 0.696 0.423 0.697 0.423 0.7 0.421 0.7 0.42 0.702 0.419 0.702 0.415 0.701 0.414 0.701 0.413 0.7 0.412 0.7 0.412 0.697 0.409 0.696 0.409 0.694 0.408
0 0.283 0.408 0.282 0.409 0.281 0.409 0.28 0.409 0.279 0.409 0.276 0.412 0.276 0.412 0.275 0.413 0.271 0.413 0.27 0.414 0.269 0.414 0.268 0.415 0.267 0.415 0.264 0.417 0.264 0.418 0.262 0.419 0.262 0.42 0.261 0.42 0.261 0.424 0.264 0.426 0.264 0.427 0.267 0.429 0.268 0.429 0.269 0.43 0.27 0.43 0.271 0.43 0.276 0.43 0.278 0.429 0.279 0.429 0.282 0.427 0.282 0.426 0.283 0.425 0.289 0.425 0.291 0.423 0.292 0.423 0.295 0.421 0.295 0.42 0.297 0.419 0.297 0.415 0.296 0.414 0.296 0.413 0.295 0.412 0.295 0.412 0.292 0.409 0.291 0.409 0.289 0.408
0 0.202 0.405 0.201 0.405 0.2 0.405 0.199 0.406 0.198 0.406 0.195 0.409 0.195 0.409 0.194 0.41 0.194 0.411 0.193 0.412 0.193 0.416 0.195 0.417 0.195 0.418 0.198 0.42 0.199 0.42 0.2 0.421 0.201 0.421 0.202 0.422 0.207 0.422 0.209 0.42 0.21 0.42 0.214 0.418 0.214 0.417 0.216 0.416 0.216 0.412 0.215 0.411 0.215 0.41 0.214 0.409 0.214 0.409 0.21 0.406 0.209 0.406 0.207 0.405
0 0.84 0.394 0.839 0.395 0.836 0.395 0.835 0.395 0.834 0.395 0.829 0.399 0.829 0.4 0.828 0.401 0.828 0.402 0.827 0.403 0.827 0.407 0.828 0.408 0.828 0.409 0.829 0.409 0.829 0.41 0.834 0.414 0.835 0.414 0.836 0.415 0.839 0.415 0.84 0.416 0.845 0.416 0.846 0.415 0.847 0.415 0.848 0.414 0.849 0.414 0.854 0.41 0.854 0.409 0.855 0.409 0.855 0.408 0.856 0.407 0.856 0.403 0.855 0.402 0.855 0.401 0.854 0.4 0.854 0.399 0.849 0.395 0.848 0.395 0.847 0.395 0.846 0.395 0.845 0.394
0 0.249 0.394 0.248 0.395 0.247 0.395 0.246 0.395 0.245 0.395 0.242 0.398 0.242 0.398 0.241 0.399 0.239 0.399 0.238 0.4 0.236 0.4 0.235 0.401 0.234 0.401 0.231 0.403 0.231 0.404 0.23 0.405 0.23 0.405 0.229 0.406 0.229 0.41 0.231 0.412 0.231 0.412 0.234 0.415 0.235 0.415 0.236 0.416 0.238 0.416 0.239 0.416 0.244 0.416 0.246 0.415 0.247 0.415 0.25 0.412 0.25 0.412 0.251 0.411 0.254 0.411 0.256 0.409 0.257 0.409 0.26 0.407 0.26 0.406 0.262 0.405 0.262 0.401 0.261 0.4 0.261 0.399 0.26 0.398 0.26 0.398 0.257 0.395 0.256 0.395 0.254 0.394
0 0.153 0.388 0.152 0.388 0.15 0.388 0.149 0.389 0.148 0.389 0.143 0.393 0.143 0.394 0.142 0.395 0.142 0.396 0.141 0.397 0.141 0.401 0.142 0.402 0.142 0.402 0.143 0.403 0.143 0.404 0.148 0.408 0.149 0.408 0.15 0.409 0.152 0.409 0.153 0.409 0.158 0.409 0.159 0.409 0.16 0.409 0.161 0.408 0.162 0.408 0.168 0.404 0.168 0.403 0.169 0.402 0.169 0.402 0.17 0.401 0.17 0.397 0.169 0.396 0.169 0.395 0.168 0.394 0.168 0.393 0.162 0.389 0.161 0.389 0.16 0.388 0.159 0.388 0.158 0.388
0 0.326 0.385 0.325 0.386 0.324 0.386 0.323 0.387 0.322 0.387 0.319 0.389 0.319 0.39 0.318 0.391 0.318 0.391 0.317 0.392 0.317 0.395 0.315 0.397 0.314 0.397 0.312 0.398 0.311 0.398 0.31 0.397 0.305 0.397 0.304 0.398 0.303 0.398 0.302 0.398 0.301 0.398 0.298 0.401 0.298 0.402 0.297 0.402 0.297 0.403 0.296 0.404 0.296 0.408 0.298 0.409 0.298 0.41 0.301 0.412 0.302 0.412 0.303 0.413 0.304 0.413 0.305 0.414 0.31 0.414 0.312 0.412 0.314 0.412 0.315 0.412 0.317 0.412 0.318 0.412 0.323 0.412 0.325 0.411 0.326 0.411 0.329 0.409 0.329 0.408 0.331 0.406 0.331 0.402 0.333 0.401 0.334 0.401 0.338 0.398 0.338 0.398 0.34 0.396 0.34 0.392 0.339 0.391 0.339 0.391 0.338 0.39 0.338 0.389 0.334 0.387 0.333 0.387 0.331 0.385
0 0.274 0.385 0.273 0.386 0.272 0.386 0.271 0.387 0.27 0.387 0.267 0.389 0.267 0.39 0.266 0.391 0.266 0.391 0.265 0.392 0.265 0.396 0.267 0.398 0.267 0.398 0.27 0.401 0.271 0.401 0.272 0.402 0.273 0.402 0.274 0.402 0.279 0.402 0.281 0.401 0.282 0.401 0.285 0.398 0.285 0.398 0.288 0.396 0.288 0.392 0.286 0.391 0.286 0.391 0.285 0.39 0.285 0.389 0.282 0.387 0.281 0.387 0.279 0.385
0 0.484 0.384 0.483 0.385 0.482 0.385 0.481 0.386 0.48 0.386 0.477 0.388 0.477 0.389 0.476 0.39 0.476 0.391 0.475 0.391 0.475 0.395 0.477 0.397 0.477 0.398 0.48 0.4 0.481 0.4 0.482 0.401 0.483 0.401 0.484 0.402 0.49 0.402 0.492 0.4 0.493 0.4 0.496 0.398 0.496 0.397 0.498 0.395 0.498 0.391 0.497 0.391 0.497 0.39 0.496 0.389 0.496 0.388 0.493 0.386 0.492 0.386 0.49 0.384
0 0.19 0.384 0.189 0.385 0.188 0.385 0.186 0.386 0.185 0.386 0.182 0.388 0.182 0.389 0.181 0.39 0.181 0.391 0.18 0.391 0.18 0.395 0.182 0.397 0.182 0.398 0.185 0.4 0.186 0.4 0.188 0.401 0.189 0.401 0.19 0.402 0.195 0.402 0.197 0.4 0.198 0.4 0.201 0.398 0.201 0.397 0.203 0.395 0.203 0.391 0.202 0.391 0.202 0.39 0.201 0.389 0.201 0.388 0.198 0.386 0.197 0.386 0.195 0.384
0 0.653 0.383 0.652 0.384 0.651 0.384 0.65 0.384 0.649 0.384 0.646 0.387 0.646 0.388 0.645 0.388 0.645 0.389 0.644 0.39 0.644 0.394 0.646 0.395 0.646 0.396 0.649 0.398 0.65 0.398 0.651 0.399 0.652 0.399 0.653 0.4 0.658 0.4 0.66 0.398 0.661 0.398 0.664 0.397 0.666 0.398 0.667 0.398 0.668 0.399 0.669 0.399 0.67 0.4 0.675 0.4 0.677 0.398 0.678 0.398 0.681 0.396 0.681 0.395 0.683 0.394 0.683 0.39 0.682 0.389 0.682 0.388 0.681 0.388 0.681 0.387 0.678 0.384 0.677 0.384 0.675 0.383 0.67 0.383 0.669 0.384 0.668 0.384 0.667 0.384 0.666 0.384 0.664 0.386 0.661 0.384 0.66 0.384 0.658 0.383
0 0.36 0.371 0.359 0.372 0.358 0.372 0.357 0.373 0.356 0.373 0.353 0.375 0.351 0.375 0.35 0.376 0.349 0.376 0.348 0.377 0.347 0.377 0.344 0.379 0.344 0.38 0.343 0.38 0.343 0.381 0.342 0.382 0.342 0.386 0.344 0.388 0.344 0.388 0.347 0.391 0.348 0.391 0.349 0.391 0.35 0.391 0.351 0.392 0.356 0.392 0.358 0.391 0.359 0.391 0.362 0.388 0.366 0.388 0.368 0.387 0.369 0.387 0.372 0.384 0.372 0.384 0.374 0.382 0.374 0.378 0.373 0.377 0.373 0.377 0.372 0.376 0.372 0.375 0.369 0.373 0.368 0.373 0.366 0.371
0 0.58 0.37 0.579 0.371 0.578 0.371 0.577 0.372 0.576 0.372 0.573 0.374 0.573 0.375 0.572 0.376 0.572 0.377 0.571 0.377 0.571 0.381 0.573 0.383 0.573 0.384 0.576 0.386 0.577 0.386 0.578 0.387 0.579 0.387 0.58 0.388 0.585 0.388 0.588 0.386 0.589 0.386 0.592 0.384 0.592 0.383 0.594 0.381 0.594 0.377 0.593 0.377 0.593 0.376 0.592 0.375 0.592 0.374 0.589 0.372 0.588 0.372 0.585 0.37
0 0.317 0.366 0.316 0.367 0.315 0.367 0.314 0.368 0.312 0.368 0.309 0.37 0.309 0.371 0.308 0.372 0.308 0.373 0.307 0.373 0.307 0.377 0.309 0.379 0.309 0.38 0.312 0.382 0.314 0.382 0.315 0.383 0.316 0.383 0.317 0.384 0.322 0.384 0.324 0.382 0.325 0.382 0.328 0.38 0.328 0.379 0.33 0.377 0.33 0.373 0.329 0.373 0.329 0.372 0.328 0.371 0.328 0.37 0.325 0.368 0.324 0.368 0.322 0.366
0 0.608 0.365 0.607 0.366 0.606 0.366 0.605 0.366 0.604 0.366 0.601 0.369 0.601 0.37 0.6 0.37 0.6 0.371 0.599 0.372 0.599 0.376 0.601 0.377 0.601 0.378 0.604 0.38 0.605 0.38 0.606 0.381 0.607 0.381 0.608 0.382 0.614 0.382 0.616 0.38 0.617 0.38 0.62 0.378 0.621 0.379 0.621 0.38 0.623 0.382 0.623 0.383 0.626 0.385 0.627 0.385 0.628 0.386 0.627 0.387 0.625 0.387 0.624 0.388 0.623 0.388 0.622 0.388 0.621 0.388 0.618 0.391 0.618 0.391 0.617 0.392 0.617 0.393 0.616 0.394 0.616 0.398 0.618 0.399 0.618 0.4 0.621 0.402 0.622 0.402 0.623 0.403 0.624 0.403 0.625 0.404 0.63 0.404 0.632 0.402 0.633 0.402 0.636 0.4 0.636 0.399 0.639 0.398 0.639 0.394 0.638 0.393 0.638 0.392 0.636 0.391 0.636 0.391 0.633 0.388 0.632 0.388 0.631 0.388 0.632 0.387 0.635 0.387 0.638 0.385 0.639 0.385 0.642 0.383 0.642 0.382 0.644 0.38 0.644 0.377 0.643 0.376 0.643 0.375 0.642 0.374 0.642 0.373 0.639 0.371 0.638 0.371 0.635 0.37 0.63 0.37 0.629 0.37 0.628 0.37 0.627 0.371 0.626 0.371 0.623 0.373 0.622 0.373 0.622 0.372 0.621 0.371 0.621 0.37 0.62 0.37 0.62 0.369 0.617 0.366 0.616 0.366 0.614 0.365
0 0.189 0.359 0.188 0.36 0.185 0.36 0.184 0.361 0.183 0.361 0.178 0.365 0.178 0.366 0.177 0.366 0.177 0.368 0.176 0.369 0.176 0.373 0.177 0.373 0.177 0.374 0.178 0.375 0.178 0.376 0.183 0.38 0.184 0.38 0.185 0.38 0.188 0.38 0.189 0.381 0.194 0.381 0.195 0.38 0.196 0.38 0.197 0.38 0.198 0.38 0.203 0.376 0.203 0.375 0.204 0.374 0.204 0.373 0.205 0.373 0.205 0.369 0.204 0.368 0.204 0.366 0.203 0.366 0.203 0.365 0.198 0.361 0.197 0.361 0.196 0.36 0.195 0.36 0.194 0.359
0 0.368 0.343 0.367 0.344 0.366 0.344 0.365 0.345 0.364 0.345 0.36 0.347 0.36 0.348 0.359 0.348 0.359 0.349 0.358 0.35 0.358 0.354 0.36 0.355 0.36 0.356 0.364 0.359 0.365 0.359 0.366 0.359 0.367 0.359 0.368 0.36 0.373 0.36 0.375 0.359 0.376 0.359 0.379 0.356 0.379 0.355 0.381 0.354 0.381 0.35 0.38 0.349 0.38 0.348 0.379 0.348 0.379 0.347 0.376 0.345 0.375 0.345 0.373 0.343
0 0.425 0.342 0.424 0.343 0.423 0.343 0.422 0.344 0.421 0.344 0.418 0.346 0.418 0.347 0.417 0.348 0.417 0.348 0.416 0.349 0.416 0.35 0.415 0.351 0.414 0.351 0.411 0.349 0.406 0.349 0.405 0.35 0.404 0.35 0.403 0.351 0.402 0.351 0.399 0.353 0.399 0.354 0.398 0.355 0.393 0.355 0.392 0.355 0.391 0.355 0.39 0.356 0.389 0.356 0.385 0.359 0.385 0.359 0.384 0.36 0.384 0.361 0.383 0.362 0.383 0.366 0.385 0.367 0.385 0.368 0.389 0.37 0.39 0.37 0.391 0.371 0.392 0.371 0.393 0.372 0.398 0.372 0.4 0.37 0.401 0.37 0.404 0.368 0.404 0.367 0.405 0.366 0.411 0.366 0.414 0.365 0.415 0.365 0.418 0.362 0.418 0.362 0.42 0.36 0.42 0.359 0.421 0.358 0.422 0.358 0.423 0.359 0.424 0.359 0.425 0.359 0.43 0.359 0.432 0.358 0.433 0.358 0.436 0.355 0.436 0.355 0.439 0.353 0.439 0.349 0.438 0.348 0.438 0.348 0.436 0.347 0.436 0.346 0.433 0.344 0.432 0.344 0.43 0.342
0 0.598 0.337 0.597 0.338 0.595 0.338 0.594 0.338 0.593 0.338 0.588 0.342 0.588 0.343 0.586 0.344 0.586 0.345 0.585 0.346 0.585 0.35 0.586 0.351 0.586 0.352 0.588 0.352 0.588 0.353 0.593 0.357 0.594 0.357 0.595 0.358 0.597 0.358 0.598 0.359 0.603 0.359 0.604 0.358 0.605 0.358 0.606 0.357 0.607 0.357 0.612 0.353 0.612 0.352 0.614 0.352 0.614 0.351 0.615 0.35 0.615 0.346 0.614 0.345 0.614 0.344 0.612 0.343 0.612 0.342 0.607 0.338 0.606 0.338 0.605 0.338 0.604 0.338 0.603 0.337
0 0.356 0.304 0.355 0.305 0.353 0.305 0.352 0.305 0.351 0.305 0.346 0.309 0.346 0.31 0.345 0.311 0.345 0.312 0.344 0.313 0.344 0.317 0.345 0.318 0.345 0.319 0.346 0.32 0.346 0.32 0.351 0.324 0.352 0.324 0.353 0.325 0.355 0.325 0.356 0.326 0.361 0.326 0.362 0.325 0.364 0.325 0.365 0.324 0.366 0.324 0.371 0.32 0.371 0.32 0.372 0.319 0.372 0.318 0.373 0.317 0.373 0.313 0.372 0.312 0.372 0.311 0.371 0.31 0.371 0.309 0.366 0.305 0.365 0.305 0.364 0.305 0.362 0.305 0.361 0.304
0 0.405 0.29 0.404 0.291 0.401 0.291 0.4 0.291 0.399 0.291 0.393 0.296 0.393 0.297 0.392 0.298 0.392 0.299 0.391 0.3 0.391 0.305 0.392 0.306 0.392 0.307 0.393 0.308 0.393 0.309 0.399 0.313 0.4 0.313 0.401 0.314 0.404 0.314 0.405 0.315 0.412 0.315 0.414 0.314 0.416 0.314 0.417 0.313 0.418 0.313 0.424 0.309 0.424 0.308 0.425 0.307 0.425 0.306 0.426 0.305 0.426 0.3 0.425 0.299 0.425 0.298 0.424 0.297 0.424 0.296 0.418 0.291 0.417 0.291 0.416 0.291 0.414 0.291 0.412 0.29
