3 0.458 0.882 0.457 0.883 0.455 0.883 0.454 0.884 0.453 0.884 0.452 0.884 0.451 0.884 0.447 0.888 0.447 0.888 0.446 0.889 0.446 0.89 0.445 0.891 0.445 0.892 0.444 0.893 0.444 0.899 0.445 0.9 0.445 0.902 0.446 0.902 0.446 0.903 0.448 0.905 0.448 0.905 0.451 0.908 0.452 0.908 0.453 0.909 0.454 0.909 0.455 0.909 0.457 0.909 0.458 0.91 0.467 0.91 0.468 0.909 0.47 0.909 0.471 0.909 0.472 0.909 0.474 0.907 0.475 0.907 0.477 0.905 0.477 0.905 0.479 0.903 0.479 0.902 0.48 0.902 0.48 0.9 0.481 0.899 0.481 0.893 0.48 0.892 0.48 0.891 0.479 0.89 0.479 0.889 0.478 0.888 0.478 0.888 0.475 0.885 0.474 0.885 0.472 0.884 0.471 0.884 0.47 0.883 0.468 0.883 0.467 0.882
3 0.446 0.852 0.445 0.852 0.443 0.852 0.442 0.853 0.441 0.853 0.44 0.854 0.439 0.854 0.434 0.857 0.434 0.858 0.433 0.859 0.433 0.859 0.432 0.86 0.432 0.862 0.431 0.862 0.431 0.869 0.432 0.87 0.432 0.871 0.433 0.872 0.433 0.873 0.435 0.874 0.435 0.875 0.439 0.877 0.44 0.877 0.441 0.878 0.442 0.878 0.443 0.879 0.445 0.879 0.446 0.88 0.454 0.88 0.455 0.879 0.457 0.879 0.458 0.878 0.459 0.878 0.461 0.877 0.462 0.877 0.465 0.875 0.465 0.874 0.467 0.873 0.467 0.872 0.468 0.871 0.468 0.87 0.469 0.869 0.469 0.862 0.468 0.862 0.468 0.86 0.467 0.859 0.467 0.859 0.466 0.858 0.466 0.857 0.462 0.855 0.461 0.855 0.459 0.853 0.458 0.853 0.457 0.852 0.455 0.852 0.454 0.852
3 0.36 0.823 0.359 0.824 0.357 0.824 0.356 0.825 0.355 0.825 0.354 0.826 0.353 0.826 0.349 0.829 0.349 0.83 0.348 0.83 0.348 0.831 0.347 0.832 0.347 0.834 0.346 0.834 0.346 0.841 0.347 0.841 0.347 0.843 0.348 0.844 0.348 0.845 0.35 0.846 0.35 0.847 0.353 0.849 0.354 0.849 0.355 0.85 0.356 0.85 0.357 0.851 0.359 0.851 0.36 0.852 0.369 0.852 0.37 0.851 0.372 0.851 0.373 0.85 0.374 0.85 0.376 0.848 0.377 0.848 0.379 0.847 0.379 0.846 0.381 0.845 0.381 0.844 0.382 0.843 0.382 0.841 0.383 0.841 0.383 0.834 0.382 0.834 0.382 0.832 0.381 0.831 0.381 0.83 0.38 0.83 0.38 0.829 0.377 0.827 0.376 0.827 0.374 0.825 0.373 0.825 0.372 0.824 0.37 0.824 0.369 0.823
3 0.466 0.812 0.465 0.812 0.461 0.812 0.453 0.819 0.453 0.821 0.452 0.822 0.452 0.827 0.453 0.828 0.453 0.83 0.461 0.836 0.465 0.836 0.466 0.837 0.473 0.837 0.474 0.836 0.476 0.836 0.484 0.83 0.484 0.828 0.485 0.827 0.485 0.822 0.484 0.821 0.484 0.819 0.476 0.812 0.474 0.812 0.473 0.812
3 0.668 0.789 0.667 0.79 0.664 0.79 0.655 0.796 0.655 0.798 0.654 0.799 0.654 0.805 0.655 0.805 0.655 0.807 0.664 0.813 0.667 0.813 0.668 0.814 0.675 0.814 0.676 0.813 0.678 0.813 0.686 0.807 0.686 0.805 0.688 0.805 0.688 0.799 0.686 0.798 0.686 0.796 0.678 0.79 0.676 0.79 0.675 0.789
3 0.842 0.78 0.841 0.781 0.838 0.781 0.829 0.788 0.829 0.79 0.828 0.791 0.828 0.796 0.829 0.797 0.829 0.798 0.838 0.805 0.841 0.805 0.842 0.805 0.849 0.805 0.85 0.805 0.852 0.805 0.86 0.798 0.86 0.797 0.861 0.796 0.861 0.791 0.86 0.79 0.86 0.788 0.852 0.781 0.85 0.781 0.849 0.78
3 0.32 0.773 0.319 0.774 0.316 0.774 0.307 0.78 0.307 0.783 0.306 0.784 0.306 0.789 0.307 0.79 0.307 0.791 0.316 0.798 0.319 0.798 0.32 0.798 0.327 0.798 0.328 0.798 0.33 0.798 0.339 0.791 0.339 0.79 0.34 0.789 0.34 0.784 0.339 0.783 0.339 0.78 0.33 0.774 0.328 0.774 0.327 0.773
3 0.755 0.766 0.754 0.767 0.751 0.767 0.743 0.773 0.743 0.776 0.742 0.777 0.742 0.782 0.743 0.783 0.743 0.784 0.751 0.791 0.754 0.791 0.755 0.791 0.76 0.791 0.761 0.792 0.76 0.793 0.76 0.795 0.759 0.796 0.759 0.802 0.76 0.802 0.76 0.804 0.769 0.81 0.772 0.81 0.773 0.811 0.78 0.811 0.781 0.81 0.783 0.81 0.792 0.804 0.792 0.802 0.793 0.802 0.793 0.796 0.792 0.795 0.792 0.793 0.783 0.787 0.781 0.787 0.78 0.786 0.774 0.786 0.773 0.785 0.774 0.784 0.774 0.783 0.775 0.782 0.775 0.777 0.774 0.776 0.774 0.773 0.766 0.767 0.764 0.767 0.762 0.766
3 0.458 0.761 0.457 0.762 0.455 0.762 0.454 0.762 0.453 0.762 0.45 0.765 0.45 0.766 0.449 0.766 0.449 0.767 0.448 0.768 0.448 0.773 0.449 0.773 0.449 0.774 0.45 0.775 0.45 0.776 0.453 0.778 0.454 0.778 0.455 0.779 0.457 0.779 0.458 0.78 0.465 0.78 0.466 0.779 0.467 0.779 0.468 0.778 0.47 0.778 0.473 0.776 0.473 0.775 0.474 0.774 0.474 0.773 0.475 0.773 0.475 0.768 0.474 0.767 0.474 0.766 0.473 0.766 0.473 0.765 0.47 0.762 0.468 0.762 0.467 0.762 0.466 0.762 0.465 0.761
3 0.427 0.759 0.426 0.759 0.425 0.759 0.424 0.76 0.423 0.76 0.42 0.762 0.42 0.763 0.419 0.764 0.419 0.765 0.418 0.766 0.418 0.77 0.42 0.771 0.42 0.772 0.422 0.773 0.421 0.774 0.415 0.774 0.414 0.775 0.411 0.775 0.41 0.776 0.409 0.776 0.406 0.778 0.406 0.779 0.405 0.78 0.405 0.78 0.404 0.781 0.404 0.786 0.405 0.787 0.405 0.788 0.406 0.788 0.406 0.789 0.405 0.79 0.402 0.79 0.401 0.791 0.399 0.791 0.398 0.791 0.397 0.791 0.394 0.794 0.394 0.795 0.392 0.796 0.385 0.796 0.384 0.797 0.381 0.797 0.373 0.803 0.373 0.805 0.372 0.806 0.372 0.812 0.373 0.812 0.373 0.814 0.381 0.82 0.384 0.82 0.385 0.821 0.393 0.821 0.394 0.82 0.396 0.82 0.404 0.814 0.404 0.812 0.405 0.812 0.405 0.809 0.406 0.809 0.408 0.809 0.409 0.808 0.41 0.808 0.411 0.807 0.414 0.807 0.417 0.805 0.417 0.804 0.418 0.803 0.418 0.802 0.419 0.802 0.419 0.797 0.418 0.796 0.418 0.795 0.417 0.795 0.417 0.794 0.418 0.793 0.421 0.793 0.422 0.792 0.423 0.792 0.424 0.791 0.426 0.791 0.429 0.789 0.429 0.788 0.43 0.788 0.43 0.787 0.431 0.786 0.431 0.781 0.43 0.78 0.43 0.78 0.429 0.779 0.429 0.778 0.427 0.777 0.428 0.776 0.432 0.776 0.434 0.774 0.435 0.774 0.439 0.772 0.439 0.771 0.441 0.77 0.441 0.766 0.44 0.765 0.44 0.764 0.439 0.763 0.439 0.762 0.435 0.76 0.434 0.76 0.432 0.759
3 0.63 0.754 0.629 0.755 0.626 0.755 0.618 0.761 0.618 0.763 0.617 0.764 0.617 0.77 0.618 0.77 0.618 0.772 0.626 0.778 0.629 0.778 0.63 0.779 0.638 0.779 0.639 0.778 0.641 0.778 0.649 0.772 0.649 0.77 0.65 0.77 0.65 0.764 0.649 0.763 0.649 0.761 0.641 0.755 0.639 0.755 0.638 0.754
3 0.579 0.744 0.578 0.745 0.575 0.745 0.567 0.751 0.567 0.753 0.566 0.754 0.566 0.759 0.567 0.76 0.567 0.762 0.575 0.768 0.578 0.768 0.579 0.769 0.586 0.769 0.588 0.768 0.59 0.768 0.598 0.762 0.598 0.76 0.599 0.759 0.599 0.754 0.598 0.753 0.598 0.751 0.59 0.745 0.588 0.745 0.586 0.744
3 0.458 0.735 0.457 0.736 0.455 0.736 0.454 0.737 0.453 0.737 0.45 0.739 0.45 0.74 0.449 0.741 0.449 0.741 0.448 0.742 0.448 0.747 0.449 0.748 0.449 0.748 0.45 0.749 0.45 0.75 0.453 0.752 0.454 0.752 0.455 0.753 0.457 0.753 0.458 0.754 0.465 0.754 0.466 0.753 0.467 0.753 0.468 0.752 0.47 0.752 0.473 0.75 0.473 0.749 0.474 0.748 0.474 0.748 0.475 0.747 0.475 0.742 0.474 0.741 0.474 0.741 0.473 0.74 0.473 0.739 0.47 0.737 0.468 0.737 0.467 0.736 0.466 0.736 0.465 0.735
3 0.783 0.728 0.782 0.729 0.78 0.729 0.779 0.73 0.778 0.73 0.775 0.732 0.775 0.733 0.774 0.734 0.774 0.734 0.773 0.735 0.773 0.74 0.774 0.741 0.774 0.741 0.775 0.742 0.775 0.743 0.778 0.745 0.779 0.745 0.78 0.746 0.782 0.746 0.783 0.747 0.79 0.747 0.791 0.746 0.792 0.746 0.793 0.745 0.795 0.745 0.798 0.743 0.798 0.742 0.799 0.741 0.799 0.741 0.8 0.74 0.8 0.735 0.799 0.734 0.799 0.734 0.798 0.733 0.798 0.732 0.795 0.73 0.793 0.73 0.792 0.729 0.791 0.729 0.79 0.728
3 0.32 0.727 0.319 0.728 0.317 0.728 0.316 0.729 0.315 0.729 0.311 0.731 0.311 0.732 0.31 0.733 0.31 0.734 0.309 0.734 0.309 0.739 0.31 0.74 0.31 0.741 0.311 0.741 0.311 0.742 0.315 0.745 0.316 0.745 0.317 0.745 0.319 0.745 0.32 0.746 0.326 0.746 0.327 0.745 0.328 0.745 0.329 0.745 0.331 0.745 0.334 0.742 0.334 0.741 0.335 0.741 0.335 0.74 0.336 0.739 0.336 0.734 0.335 0.734 0.335 0.733 0.334 0.732 0.334 0.731 0.331 0.729 0.329 0.729 0.328 0.728 0.327 0.728 0.326 0.727
3 0.715 0.723 0.714 0.724 0.71 0.724 0.702 0.73 0.702 0.733 0.701 0.734 0.701 0.739 0.702 0.74 0.702 0.741 0.71 0.748 0.714 0.748 0.715 0.748 0.722 0.748 0.723 0.748 0.725 0.748 0.733 0.741 0.733 0.74 0.734 0.739 0.734 0.734 0.733 0.733 0.733 0.73 0.725 0.724 0.723 0.724 0.722 0.723
3 0.372 0.722 0.371 0.723 0.37 0.723 0.369 0.723 0.368 0.723 0.365 0.726 0.365 0.727 0.364 0.727 0.364 0.728 0.362 0.729 0.362 0.733 0.365 0.734 0.365 0.735 0.368 0.738 0.369 0.738 0.37 0.738 0.371 0.738 0.372 0.739 0.377 0.739 0.379 0.738 0.38 0.738 0.383 0.735 0.383 0.734 0.385 0.733 0.385 0.729 0.384 0.728 0.384 0.727 0.383 0.727 0.383 0.726 0.38 0.723 0.379 0.723 0.377 0.722
3 0.816 0.716 0.815 0.716 0.811 0.716 0.803 0.723 0.803 0.725 0.802 0.726 0.802 0.731 0.803 0.732 0.803 0.734 0.811 0.74 0.815 0.74 0.816 0.741 0.823 0.741 0.824 0.74 0.826 0.74 0.834 0.734 0.834 0.732 0.835 0.731 0.835 0.726 0.834 0.725 0.834 0.723 0.826 0.716 0.824 0.716 0.823 0.716
3 0.465 0.714 0.464 0.715 0.461 0.715 0.46 0.716 0.459 0.716 0.456 0.718 0.456 0.719 0.455 0.72 0.455 0.72 0.454 0.721 0.454 0.726 0.455 0.727 0.455 0.727 0.456 0.728 0.456 0.729 0.459 0.731 0.46 0.731 0.461 0.732 0.464 0.732 0.465 0.733 0.471 0.733 0.472 0.732 0.473 0.732 0.474 0.731 0.476 0.731 0.479 0.729 0.479 0.728 0.48 0.727 0.48 0.727 0.481 0.726 0.481 0.721 0.48 0.72 0.48 0.72 0.479 0.719 0.479 0.718 0.476 0.716 0.474 0.716 0.473 0.715 0.472 0.715 0.471 0.714
3 0.309 0.709 0.308 0.71 0.307 0.71 0.306 0.711 0.305 0.711 0.302 0.713 0.302 0.714 0.301 0.715 0.301 0.716 0.3 0.716 0.3 0.72 0.302 0.722 0.302 0.723 0.305 0.725 0.306 0.725 0.307 0.726 0.308 0.726 0.309 0.727 0.315 0.727 0.317 0.725 0.318 0.725 0.321 0.723 0.321 0.722 0.323 0.72 0.323 0.716 0.322 0.716 0.322 0.715 0.321 0.714 0.321 0.713 0.318 0.711 0.317 0.711 0.315 0.709
3 0.344 0.709 0.343 0.709 0.341 0.709 0.34 0.71 0.339 0.71 0.335 0.712 0.335 0.713 0.334 0.714 0.334 0.715 0.333 0.716 0.333 0.72 0.334 0.721 0.334 0.722 0.335 0.723 0.335 0.723 0.339 0.726 0.34 0.726 0.341 0.727 0.343 0.727 0.344 0.727 0.35 0.727 0.351 0.727 0.352 0.727 0.353 0.726 0.355 0.726 0.358 0.723 0.358 0.723 0.359 0.722 0.359 0.721 0.36 0.72 0.36 0.716 0.359 0.715 0.359 0.714 0.358 0.713 0.358 0.712 0.355 0.71 0.353 0.71 0.352 0.709 0.351 0.709 0.35 0.709
3 0.69 0.703 0.689 0.704 0.686 0.704 0.685 0.705 0.684 0.705 0.681 0.707 0.681 0.708 0.68 0.709 0.68 0.709 0.679 0.71 0.679 0.715 0.68 0.716 0.68 0.716 0.681 0.717 0.681 0.718 0.684 0.72 0.685 0.72 0.686 0.721 0.689 0.721 0.69 0.722 0.696 0.722 0.697 0.721 0.698 0.721 0.699 0.72 0.701 0.72 0.704 0.718 0.704 0.717 0.705 0.716 0.705 0.716 0.706 0.715 0.706 0.71 0.705 0.709 0.705 0.709 0.704 0.708 0.704 0.707 0.701 0.705 0.699 0.705 0.698 0.704 0.697 0.704 0.696 0.703
3 0.484 0.697 0.483 0.698 0.482 0.698 0.481 0.698 0.48 0.698 0.477 0.701 0.477 0.702 0.476 0.702 0.476 0.703 0.475 0.704 0.475 0.708 0.477 0.709 0.477 0.71 0.48 0.712 0.481 0.712 0.482 0.713 0.483 0.713 0.484 0.714 0.49 0.714 0.492 0.712 0.493 0.712 0.496 0.71 0.496 0.709 0.498 0.708 0.498 0.704 0.497 0.703 0.497 0.702 0.496 0.702 0.496 0.701 0.493 0.698 0.492 0.698 0.49 0.697
3 0.524 0.685 0.523 0.686 0.522 0.686 0.521 0.687 0.52 0.687 0.517 0.689 0.517 0.69 0.516 0.691 0.516 0.691 0.515 0.692 0.515 0.696 0.517 0.698 0.517 0.698 0.52 0.701 0.519 0.702 0.516 0.702 0.515 0.702 0.514 0.702 0.512 0.703 0.511 0.703 0.508 0.705 0.508 0.706 0.507 0.707 0.507 0.708 0.506 0.709 0.506 0.712 0.508 0.714 0.508 0.715 0.511 0.717 0.512 0.717 0.514 0.718 0.515 0.718 0.516 0.719 0.521 0.719 0.523 0.717 0.524 0.717 0.526 0.716 0.53 0.719 0.531 0.719 0.532 0.72 0.534 0.72 0.535 0.72 0.542 0.72 0.543 0.72 0.544 0.72 0.545 0.719 0.547 0.719 0.55 0.716 0.55 0.716 0.551 0.715 0.551 0.714 0.552 0.713 0.552 0.709 0.551 0.708 0.551 0.707 0.55 0.706 0.55 0.705 0.547 0.703 0.545 0.703 0.544 0.702 0.543 0.702 0.542 0.702 0.535 0.702 0.534 0.702 0.532 0.702 0.531 0.703 0.53 0.703 0.529 0.702 0.531 0.701 0.532 0.701 0.535 0.698 0.535 0.698 0.538 0.696 0.538 0.692 0.536 0.691 0.536 0.691 0.535 0.69 0.535 0.689 0.532 0.687 0.531 0.687 0.529 0.685
3 0.625 0.684 0.624 0.685 0.622 0.685 0.621 0.686 0.62 0.686 0.617 0.688 0.617 0.689 0.616 0.69 0.614 0.688 0.611 0.688 0.61 0.688 0.609 0.688 0.608 0.687 0.602 0.687 0.601 0.688 0.599 0.688 0.598 0.688 0.597 0.688 0.594 0.691 0.594 0.691 0.593 0.692 0.593 0.693 0.592 0.694 0.592 0.698 0.593 0.699 0.593 0.7 0.594 0.701 0.594 0.702 0.597 0.704 0.598 0.704 0.599 0.705 0.601 0.705 0.602 0.705 0.608 0.705 0.609 0.705 0.61 0.705 0.611 0.704 0.614 0.704 0.617 0.702 0.617 0.701 0.618 0.7 0.62 0.702 0.621 0.702 0.622 0.702 0.624 0.702 0.625 0.703 0.631 0.703 0.632 0.702 0.633 0.702 0.634 0.702 0.636 0.702 0.64 0.699 0.64 0.698 0.641 0.698 0.641 0.697 0.642 0.696 0.642 0.691 0.641 0.691 0.641 0.69 0.64 0.689 0.64 0.688 0.636 0.686 0.634 0.686 0.633 0.685 0.632 0.685 0.631 0.684
3 0.361 0.684 0.36 0.684 0.359 0.684 0.358 0.685 0.357 0.685 0.354 0.688 0.354 0.688 0.353 0.689 0.353 0.69 0.352 0.691 0.352 0.695 0.354 0.696 0.354 0.697 0.357 0.699 0.358 0.699 0.359 0.7 0.36 0.7 0.361 0.701 0.367 0.701 0.369 0.699 0.37 0.699 0.373 0.697 0.373 0.696 0.375 0.695 0.375 0.691 0.374 0.69 0.374 0.689 0.373 0.688 0.373 0.688 0.37 0.685 0.369 0.685 0.367 0.684
3 0.499 0.677 0.498 0.678 0.497 0.678 0.496 0.679 0.495 0.679 0.492 0.681 0.492 0.682 0.491 0.683 0.491 0.684 0.49 0.684 0.49 0.688 0.492 0.69 0.492 0.691 0.495 0.693 0.496 0.693 0.497 0.694 0.498 0.694 0.499 0.695 0.504 0.695 0.506 0.693 0.507 0.693 0.51 0.691 0.51 0.69 0.512 0.688 0.512 0.684 0.511 0.684 0.511 0.683 0.51 0.682 0.51 0.681 0.507 0.679 0.506 0.679 0.504 0.677
3 0.662 0.675 0.661 0.676 0.66 0.676 0.659 0.677 0.658 0.677 0.655 0.679 0.655 0.68 0.654 0.68 0.654 0.681 0.653 0.682 0.653 0.686 0.655 0.688 0.651 0.691 0.651 0.691 0.65 0.692 0.65 0.693 0.649 0.694 0.649 0.698 0.651 0.699 0.651 0.7 0.654 0.702 0.654 0.703 0.652 0.705 0.652 0.705 0.651 0.706 0.651 0.707 0.65 0.708 0.65 0.712 0.652 0.713 0.652 0.714 0.654 0.716 0.653 0.716 0.653 0.72 0.655 0.722 0.655 0.723 0.658 0.725 0.659 0.725 0.66 0.726 0.661 0.726 0.662 0.727 0.668 0.727 0.67 0.725 0.671 0.725 0.672 0.726 0.67 0.727 0.67 0.728 0.669 0.729 0.669 0.73 0.668 0.73 0.668 0.735 0.669 0.736 0.669 0.737 0.67 0.738 0.67 0.738 0.673 0.741 0.674 0.741 0.675 0.741 0.677 0.741 0.678 0.742 0.677 0.743 0.672 0.743 0.671 0.744 0.67 0.744 0.669 0.745 0.668 0.745 0.665 0.747 0.665 0.748 0.664 0.748 0.664 0.749 0.662 0.75 0.662 0.754 0.665 0.755 0.665 0.756 0.668 0.759 0.669 0.759 0.67 0.759 0.671 0.759 0.672 0.76 0.677 0.76 0.679 0.759 0.68 0.759 0.683 0.756 0.684 0.757 0.684 0.758 0.688 0.76 0.689 0.76 0.69 0.761 0.691 0.761 0.692 0.762 0.697 0.762 0.699 0.76 0.7 0.76 0.703 0.758 0.703 0.757 0.705 0.755 0.705 0.752 0.704 0.751 0.704 0.75 0.703 0.749 0.703 0.748 0.7 0.746 0.699 0.746 0.697 0.745 0.692 0.745 0.691 0.745 0.69 0.745 0.689 0.746 0.688 0.746 0.684 0.748 0.683 0.748 0.683 0.747 0.68 0.745 0.679 0.745 0.677 0.743 0.678 0.742 0.684 0.742 0.685 0.741 0.686 0.741 0.688 0.741 0.69 0.741 0.693 0.738 0.693 0.738 0.694 0.737 0.694 0.736 0.695 0.735 0.695 0.73 0.694 0.73 0.694 0.729 0.693 0.728 0.693 0.727 0.69 0.725 0.688 0.725 0.686 0.724 0.685 0.724 0.684 0.723 0.678 0.723 0.677 0.724 0.675 0.724 0.674 0.725 0.673 0.725 0.672 0.724 0.674 0.723 0.674 0.722 0.676 0.72 0.676 0.716 0.675 0.716 0.675 0.715 0.674 0.714 0.674 0.713 0.673 0.712 0.673 0.708 0.672 0.707 0.672 0.706 0.671 0.705 0.671 0.705 0.668 0.702 0.668 0.702 0.67 0.7 0.67 0.699 0.672 0.698 0.672 0.694 0.671 0.693 0.671 0.692 0.67 0.691 0.674 0.688 0.674 0.688 0.676 0.686 0.676 0.682 0.675 0.681 0.675 0.68 0.674 0.68 0.674 0.679 0.671 0.677 0.67 0.677 0.668 0.675
3 0.26 0.671 0.259 0.672 0.257 0.672 0.256 0.673 0.255 0.673 0.252 0.675 0.252 0.676 0.251 0.677 0.251 0.677 0.25 0.678 0.25 0.683 0.251 0.684 0.251 0.684 0.252 0.685 0.252 0.686 0.255 0.688 0.256 0.688 0.257 0.689 0.259 0.689 0.26 0.69 0.267 0.69 0.268 0.689 0.269 0.689 0.27 0.688 0.272 0.688 0.275 0.686 0.275 0.685 0.276 0.684 0.276 0.684 0.277 0.683 0.277 0.678 0.276 0.677 0.276 0.677 0.275 0.676 0.275 0.675 0.272 0.673 0.27 0.673 0.269 0.672 0.268 0.672 0.267 0.671
3 0.21 0.671 0.209 0.672 0.206 0.672 0.198 0.678 0.198 0.68 0.197 0.681 0.197 0.687 0.198 0.688 0.198 0.689 0.197 0.69 0.196 0.689 0.195 0.689 0.194 0.688 0.193 0.688 0.192 0.688 0.189 0.688 0.188 0.687 0.18 0.687 0.179 0.688 0.177 0.688 0.176 0.688 0.175 0.688 0.173 0.69 0.172 0.69 0.168 0.693 0.168 0.694 0.166 0.695 0.166 0.696 0.165 0.697 0.165 0.698 0.164 0.699 0.164 0.705 0.165 0.706 0.165 0.708 0.166 0.709 0.166 0.709 0.167 0.71 0.167 0.711 0.172 0.715 0.173 0.715 0.175 0.716 0.176 0.716 0.177 0.717 0.179 0.717 0.18 0.718 0.188 0.718 0.189 0.717 0.192 0.717 0.193 0.716 0.194 0.716 0.195 0.716 0.196 0.716 0.197 0.715 0.198 0.716 0.198 0.716 0.196 0.718 0.196 0.719 0.195 0.72 0.195 0.721 0.194 0.722 0.194 0.728 0.195 0.729 0.195 0.73 0.196 0.731 0.196 0.732 0.197 0.733 0.197 0.734 0.202 0.738 0.203 0.738 0.205 0.739 0.206 0.739 0.207 0.74 0.209 0.74 0.21 0.741 0.218 0.741 0.219 0.74 0.22 0.741 0.22 0.745 0.221 0.746 0.221 0.748 0.229 0.754 0.232 0.754 0.233 0.755 0.241 0.755 0.242 0.754 0.244 0.754 0.252 0.748 0.253 0.748 0.256 0.748 0.257 0.749 0.265 0.749 0.266 0.748 0.268 0.748 0.276 0.742 0.276 0.741 0.277 0.74 0.277 0.734 0.276 0.734 0.276 0.733 0.278 0.731 0.279 0.731 0.28 0.73 0.282 0.73 0.285 0.728 0.285 0.727 0.286 0.727 0.286 0.726 0.288 0.725 0.288 0.72 0.286 0.72 0.286 0.719 0.288 0.718 0.289 0.718 0.292 0.716 0.292 0.715 0.293 0.714 0.293 0.713 0.294 0.712 0.294 0.708 0.293 0.707 0.293 0.706 0.294 0.705 0.3 0.705 0.301 0.705 0.302 0.705 0.303 0.704 0.305 0.704 0.308 0.702 0.308 0.701 0.309 0.7 0.309 0.699 0.31 0.698 0.31 0.694 0.309 0.693 0.309 0.692 0.308 0.691 0.308 0.691 0.305 0.688 0.303 0.688 0.302 0.688 0.301 0.688 0.3 0.687 0.294 0.687 0.293 0.688 0.291 0.688 0.29 0.688 0.289 0.688 0.285 0.691 0.285 0.691 0.284 0.692 0.284 0.693 0.283 0.694 0.283 0.698 0.284 0.699 0.284 0.7 0.283 0.701 0.277 0.701 0.276 0.702 0.274 0.702 0.273 0.702 0.272 0.702 0.269 0.705 0.269 0.705 0.268 0.706 0.268 0.707 0.267 0.708 0.267 0.712 0.268 0.713 0.268 0.714 0.267 0.715 0.266 0.715 0.262 0.717 0.262 0.718 0.261 0.719 0.261 0.72 0.26 0.72 0.26 0.723 0.259 0.724 0.257 0.724 0.256 0.725 0.253 0.725 0.245 0.731 0.244 0.73 0.242 0.73 0.241 0.73 0.235 0.73 0.234 0.729 0.235 0.728 0.235 0.722 0.234 0.721 0.234 0.72 0.233 0.719 0.233 0.718 0.231 0.716 0.231 0.716 0.226 0.712 0.233 0.706 0.233 0.705 0.234 0.704 0.234 0.698 0.233 0.698 0.233 0.695 0.227 0.691 0.229 0.689 0.229 0.688 0.23 0.687 0.23 0.681 0.229 0.68 0.229 0.678 0.221 0.672 0.219 0.672 0.218 0.671
3 0.873 0.67 0.872 0.67 0.87 0.67 0.869 0.671 0.868 0.671 0.865 0.673 0.865 0.674 0.864 0.675 0.864 0.676 0.862 0.677 0.862 0.681 0.864 0.682 0.864 0.683 0.865 0.684 0.865 0.684 0.868 0.687 0.869 0.687 0.87 0.688 0.872 0.688 0.873 0.688 0.879 0.688 0.88 0.688 0.881 0.688 0.882 0.687 0.884 0.687 0.888 0.684 0.888 0.684 0.889 0.683 0.889 0.682 0.89 0.681 0.89 0.677 0.889 0.676 0.889 0.675 0.888 0.674 0.888 0.673 0.884 0.671 0.882 0.671 0.881 0.67 0.88 0.67 0.879 0.67
3 0.294 0.668 0.293 0.669 0.292 0.669 0.291 0.67 0.29 0.67 0.286 0.672 0.286 0.673 0.285 0.673 0.285 0.674 0.284 0.675 0.284 0.679 0.286 0.68 0.286 0.681 0.29 0.684 0.291 0.684 0.292 0.684 0.293 0.684 0.294 0.685 0.299 0.685 0.301 0.684 0.302 0.684 0.305 0.681 0.305 0.68 0.307 0.679 0.307 0.675 0.306 0.674 0.306 0.673 0.305 0.673 0.305 0.672 0.302 0.67 0.301 0.67 0.299 0.668
3 0.722 0.663 0.721 0.664 0.719 0.664 0.718 0.665 0.717 0.665 0.714 0.667 0.714 0.668 0.712 0.669 0.712 0.67 0.711 0.67 0.711 0.675 0.712 0.676 0.712 0.677 0.714 0.677 0.714 0.678 0.717 0.68 0.718 0.68 0.719 0.681 0.721 0.681 0.722 0.682 0.728 0.682 0.729 0.681 0.73 0.681 0.731 0.68 0.733 0.68 0.736 0.678 0.736 0.677 0.738 0.677 0.738 0.676 0.739 0.675 0.739 0.67 0.738 0.67 0.738 0.669 0.736 0.668 0.736 0.667 0.733 0.665 0.731 0.665 0.73 0.664 0.729 0.664 0.728 0.663
3 0.57 0.657 0.569 0.658 0.568 0.658 0.567 0.659 0.566 0.659 0.562 0.661 0.562 0.662 0.561 0.662 0.561 0.663 0.56 0.664 0.56 0.666 0.559 0.667 0.558 0.666 0.557 0.666 0.555 0.665 0.55 0.665 0.549 0.666 0.548 0.666 0.547 0.666 0.546 0.666 0.543 0.669 0.543 0.67 0.542 0.67 0.542 0.671 0.541 0.672 0.541 0.676 0.543 0.677 0.543 0.678 0.546 0.68 0.547 0.68 0.548 0.681 0.549 0.681 0.55 0.682 0.555 0.682 0.557 0.68 0.558 0.68 0.561 0.678 0.561 0.677 0.564 0.676 0.564 0.673 0.565 0.672 0.566 0.673 0.567 0.673 0.569 0.674 0.568 0.675 0.568 0.676 0.567 0.677 0.567 0.68 0.569 0.682 0.569 0.683 0.572 0.685 0.573 0.685 0.574 0.686 0.575 0.686 0.576 0.687 0.581 0.687 0.583 0.685 0.584 0.685 0.588 0.683 0.588 0.682 0.59 0.68 0.59 0.677 0.589 0.676 0.589 0.675 0.588 0.674 0.588 0.673 0.584 0.671 0.583 0.671 0.581 0.67 0.583 0.668 0.583 0.664 0.582 0.663 0.582 0.662 0.581 0.662 0.581 0.661 0.578 0.659 0.577 0.659 0.575 0.657
3 0.68 0.656 0.679 0.657 0.677 0.657 0.676 0.658 0.675 0.658 0.672 0.66 0.672 0.661 0.671 0.662 0.671 0.662 0.67 0.663 0.67 0.668 0.671 0.669 0.671 0.67 0.672 0.67 0.672 0.671 0.675 0.673 0.676 0.673 0.677 0.674 0.679 0.674 0.68 0.675 0.686 0.675 0.688 0.674 0.689 0.674 0.69 0.673 0.692 0.673 0.695 0.671 0.695 0.67 0.696 0.67 0.696 0.669 0.697 0.668 0.697 0.663 0.696 0.662 0.696 0.662 0.695 0.661 0.695 0.66 0.692 0.658 0.69 0.658 0.689 0.657 0.688 0.657 0.686 0.656
3 0.829 0.646 0.828 0.647 0.826 0.647 0.825 0.648 0.824 0.648 0.821 0.65 0.821 0.651 0.82 0.652 0.82 0.652 0.819 0.653 0.819 0.658 0.82 0.659 0.82 0.659 0.821 0.66 0.821 0.661 0.824 0.663 0.825 0.663 0.826 0.664 0.828 0.664 0.829 0.665 0.835 0.665 0.836 0.664 0.838 0.664 0.839 0.663 0.841 0.663 0.844 0.661 0.844 0.66 0.845 0.659 0.845 0.659 0.846 0.658 0.846 0.653 0.845 0.652 0.845 0.652 0.844 0.651 0.844 0.65 0.841 0.648 0.839 0.648 0.838 0.647 0.836 0.647 0.835 0.646
3 0.714 0.641 0.712 0.642 0.71 0.642 0.709 0.643 0.708 0.643 0.705 0.645 0.705 0.646 0.704 0.647 0.704 0.648 0.703 0.648 0.703 0.653 0.704 0.654 0.704 0.655 0.705 0.655 0.705 0.656 0.708 0.659 0.709 0.659 0.71 0.659 0.712 0.659 0.714 0.66 0.72 0.66 0.721 0.659 0.722 0.659 0.723 0.659 0.725 0.659 0.728 0.656 0.728 0.655 0.729 0.655 0.729 0.654 0.73 0.653 0.73 0.648 0.729 0.648 0.729 0.647 0.728 0.646 0.728 0.645 0.725 0.643 0.723 0.643 0.722 0.642 0.721 0.642 0.72 0.641
3 0.302 0.636 0.301 0.637 0.3 0.637 0.299 0.638 0.298 0.638 0.295 0.64 0.295 0.641 0.294 0.641 0.294 0.642 0.293 0.643 0.293 0.647 0.295 0.648 0.295 0.649 0.298 0.652 0.299 0.652 0.3 0.652 0.301 0.652 0.302 0.653 0.307 0.653 0.309 0.652 0.31 0.652 0.314 0.649 0.314 0.648 0.316 0.647 0.316 0.643 0.315 0.642 0.315 0.641 0.314 0.641 0.314 0.64 0.31 0.638 0.309 0.638 0.307 0.636
3 0.341 0.634 0.34 0.634 0.339 0.634 0.338 0.635 0.336 0.635 0.333 0.638 0.333 0.638 0.332 0.639 0.332 0.64 0.331 0.641 0.331 0.645 0.333 0.646 0.333 0.647 0.336 0.649 0.338 0.649 0.339 0.65 0.34 0.65 0.341 0.651 0.346 0.651 0.348 0.649 0.349 0.649 0.352 0.647 0.352 0.646 0.354 0.645 0.354 0.641 0.353 0.64 0.353 0.639 0.352 0.638 0.352 0.638 0.349 0.635 0.348 0.635 0.346 0.634
3 0.819 0.627 0.818 0.627 0.816 0.627 0.815 0.628 0.814 0.628 0.81 0.63 0.81 0.631 0.809 0.632 0.809 0.633 0.808 0.634 0.808 0.638 0.809 0.639 0.809 0.64 0.81 0.641 0.81 0.641 0.814 0.644 0.815 0.644 0.816 0.645 0.818 0.645 0.819 0.645 0.825 0.645 0.826 0.645 0.827 0.645 0.828 0.644 0.83 0.644 0.833 0.641 0.833 0.641 0.834 0.64 0.834 0.639 0.835 0.638 0.835 0.634 0.834 0.633 0.834 0.632 0.833 0.631 0.833 0.63 0.83 0.628 0.828 0.628 0.827 0.627 0.826 0.627 0.825 0.627
3 0.75 0.625 0.749 0.626 0.748 0.626 0.747 0.627 0.746 0.627 0.743 0.629 0.743 0.63 0.742 0.63 0.742 0.631 0.741 0.632 0.741 0.636 0.743 0.638 0.743 0.638 0.746 0.641 0.747 0.641 0.748 0.641 0.749 0.641 0.75 0.642 0.754 0.642 0.755 0.643 0.755 0.644 0.754 0.645 0.753 0.645 0.75 0.647 0.75 0.648 0.749 0.648 0.749 0.649 0.748 0.65 0.748 0.654 0.75 0.655 0.75 0.656 0.753 0.659 0.754 0.659 0.755 0.659 0.756 0.659 0.757 0.66 0.762 0.66 0.765 0.659 0.766 0.659 0.769 0.656 0.769 0.655 0.771 0.654 0.771 0.65 0.77 0.649 0.77 0.648 0.771 0.647 0.772 0.647 0.775 0.645 0.775 0.644 0.777 0.642 0.777 0.638 0.776 0.638 0.776 0.637 0.775 0.636 0.775 0.635 0.772 0.633 0.771 0.633 0.769 0.631 0.764 0.631 0.761 0.63 0.761 0.629 0.758 0.627 0.757 0.627 0.755 0.625
3 0.72 0.62 0.719 0.62 0.718 0.62 0.717 0.621 0.716 0.621 0.712 0.623 0.712 0.624 0.711 0.625 0.711 0.626 0.71 0.627 0.71 0.63 0.712 0.632 0.712 0.633 0.716 0.635 0.717 0.635 0.718 0.636 0.719 0.636 0.72 0.637 0.725 0.637 0.727 0.635 0.728 0.635 0.731 0.633 0.731 0.632 0.733 0.63 0.733 0.627 0.732 0.626 0.732 0.625 0.731 0.624 0.731 0.623 0.728 0.621 0.727 0.621 0.725 0.62
3 0.241 0.614 0.24 0.615 0.238 0.615 0.236 0.616 0.235 0.616 0.23 0.62 0.23 0.62 0.229 0.621 0.229 0.623 0.228 0.623 0.228 0.627 0.229 0.628 0.229 0.629 0.23 0.63 0.23 0.63 0.235 0.634 0.236 0.634 0.238 0.635 0.24 0.635 0.241 0.636 0.246 0.636 0.247 0.635 0.248 0.635 0.249 0.634 0.25 0.634 0.255 0.63 0.255 0.63 0.256 0.629 0.256 0.628 0.257 0.627 0.257 0.623 0.256 0.623 0.256 0.621 0.255 0.62 0.255 0.62 0.25 0.616 0.249 0.616 0.248 0.615 0.247 0.615 0.246 0.614
3 0.183 0.611 0.182 0.612 0.179 0.612 0.171 0.618 0.171 0.62 0.17 0.621 0.17 0.627 0.171 0.627 0.171 0.629 0.179 0.635 0.182 0.635 0.183 0.636 0.191 0.636 0.192 0.635 0.194 0.635 0.201 0.63 0.208 0.63 0.209 0.629 0.21 0.629 0.211 0.628 0.214 0.628 0.217 0.626 0.217 0.625 0.218 0.624 0.218 0.623 0.219 0.623 0.219 0.618 0.218 0.617 0.218 0.616 0.217 0.616 0.217 0.615 0.214 0.612 0.211 0.612 0.21 0.612 0.209 0.612 0.208 0.611 0.202 0.611 0.201 0.612 0.199 0.612 0.198 0.612 0.197 0.612 0.196 0.613 0.194 0.612 0.192 0.612 0.191 0.611
3 0.96 0.605 0.959 0.605 0.956 0.605 0.948 0.612 0.948 0.614 0.947 0.615 0.947 0.62 0.948 0.621 0.948 0.623 0.956 0.629 0.959 0.629 0.96 0.63 0.968 0.63 0.969 0.629 0.971 0.629 0.979 0.623 0.979 0.621 0.98 0.62 0.98 0.615 0.979 0.614 0.979 0.612 0.971 0.605 0.969 0.605 0.968 0.605
3 0.802 0.605 0.801 0.605 0.799 0.605 0.798 0.606 0.797 0.606 0.794 0.609 0.794 0.609 0.793 0.61 0.793 0.611 0.792 0.612 0.792 0.616 0.793 0.617 0.793 0.618 0.794 0.619 0.794 0.62 0.797 0.622 0.798 0.622 0.799 0.623 0.801 0.623 0.802 0.623 0.808 0.623 0.809 0.623 0.81 0.623 0.811 0.622 0.814 0.622 0.817 0.62 0.817 0.619 0.818 0.618 0.818 0.617 0.819 0.616 0.819 0.612 0.818 0.611 0.818 0.61 0.817 0.609 0.817 0.609 0.814 0.606 0.811 0.606 0.81 0.605 0.809 0.605 0.808 0.605
3 0.709 0.596 0.708 0.597 0.707 0.597 0.706 0.598 0.705 0.598 0.702 0.6 0.702 0.601 0.701 0.602 0.701 0.602 0.7 0.603 0.7 0.607 0.702 0.609 0.702 0.609 0.705 0.612 0.706 0.612 0.707 0.612 0.708 0.612 0.709 0.613 0.715 0.613 0.717 0.612 0.718 0.612 0.721 0.609 0.721 0.609 0.723 0.607 0.723 0.603 0.722 0.602 0.722 0.602 0.721 0.601 0.721 0.6 0.718 0.598 0.717 0.598 0.715 0.596
3 0.273 0.587 0.272 0.588 0.271 0.588 0.27 0.588 0.269 0.588 0.266 0.591 0.266 0.591 0.265 0.592 0.265 0.593 0.264 0.594 0.264 0.598 0.266 0.599 0.266 0.6 0.269 0.602 0.27 0.602 0.271 0.603 0.272 0.603 0.273 0.604 0.278 0.604 0.28 0.602 0.281 0.602 0.284 0.6 0.284 0.599 0.286 0.598 0.286 0.594 0.285 0.593 0.285 0.592 0.284 0.591 0.284 0.591 0.281 0.588 0.28 0.588 0.278 0.587
3 0.214 0.576 0.212 0.577 0.21 0.577 0.209 0.577 0.208 0.577 0.203 0.581 0.203 0.582 0.202 0.583 0.202 0.584 0.201 0.585 0.201 0.589 0.202 0.59 0.202 0.591 0.203 0.591 0.203 0.592 0.208 0.596 0.209 0.596 0.21 0.597 0.212 0.597 0.214 0.598 0.219 0.598 0.22 0.597 0.221 0.597 0.222 0.596 0.223 0.596 0.228 0.592 0.228 0.591 0.229 0.591 0.229 0.59 0.23 0.589 0.23 0.585 0.229 0.584 0.229 0.583 0.228 0.582 0.228 0.581 0.223 0.577 0.222 0.577 0.221 0.577 0.22 0.577 0.219 0.576
3 0.844 0.573 0.843 0.574 0.84 0.574 0.831 0.58 0.831 0.583 0.83 0.584 0.83 0.589 0.831 0.59 0.831 0.591 0.84 0.598 0.843 0.598 0.844 0.598 0.851 0.598 0.852 0.598 0.854 0.598 0.862 0.591 0.862 0.59 0.864 0.589 0.864 0.584 0.862 0.583 0.862 0.58 0.854 0.574 0.852 0.574 0.851 0.573
3 0.673 0.562 0.672 0.562 0.671 0.562 0.67 0.563 0.669 0.563 0.666 0.566 0.666 0.566 0.665 0.567 0.665 0.568 0.664 0.569 0.664 0.573 0.666 0.574 0.666 0.575 0.669 0.577 0.67 0.577 0.671 0.578 0.672 0.578 0.673 0.579 0.678 0.579 0.68 0.577 0.681 0.577 0.684 0.575 0.684 0.574 0.686 0.573 0.686 0.569 0.685 0.568 0.685 0.567 0.684 0.566 0.684 0.566 0.681 0.563 0.68 0.563 0.678 0.562
3 0.605 0.56 0.604 0.561 0.603 0.561 0.602 0.562 0.601 0.562 0.598 0.564 0.598 0.565 0.597 0.566 0.597 0.566 0.596 0.567 0.596 0.571 0.598 0.573 0.598 0.573 0.601 0.576 0.602 0.576 0.603 0.577 0.604 0.577 0.605 0.577 0.61 0.577 0.612 0.576 0.614 0.576 0.617 0.573 0.617 0.573 0.619 0.571 0.619 0.567 0.618 0.566 0.618 0.566 0.617 0.565 0.617 0.564 0.614 0.562 0.612 0.562 0.61 0.56
3 0.802 0.555 0.801 0.555 0.799 0.555 0.798 0.556 0.797 0.556 0.794 0.559 0.794 0.559 0.793 0.56 0.793 0.561 0.792 0.562 0.792 0.566 0.793 0.567 0.793 0.568 0.794 0.569 0.794 0.57 0.793 0.57 0.792 0.57 0.791 0.57 0.784 0.57 0.783 0.57 0.781 0.57 0.78 0.571 0.779 0.571 0.776 0.573 0.776 0.574 0.775 0.575 0.775 0.576 0.774 0.577 0.774 0.581 0.775 0.582 0.775 0.583 0.776 0.584 0.776 0.584 0.779 0.587 0.78 0.587 0.781 0.588 0.783 0.588 0.784 0.588 0.791 0.588 0.792 0.588 0.793 0.588 0.794 0.587 0.796 0.587 0.799 0.584 0.799 0.584 0.8 0.583 0.8 0.582 0.801 0.581 0.801 0.577 0.8 0.576 0.8 0.575 0.799 0.574 0.799 0.573 0.8 0.573 0.801 0.573 0.802 0.573 0.808 0.573 0.809 0.573 0.81 0.573 0.811 0.572 0.814 0.572 0.817 0.57 0.817 0.569 0.818 0.568 0.818 0.567 0.819 0.566 0.819 0.562 0.818 0.561 0.818 0.56 0.817 0.559 0.817 0.559 0.814 0.556 0.811 0.556 0.81 0.555 0.809 0.555 0.808 0.555
3 0.632 0.553 0.631 0.554 0.63 0.554 0.629 0.555 0.628 0.555 0.625 0.557 0.625 0.558 0.624 0.559 0.624 0.559 0.623 0.56 0.623 0.564 0.625 0.566 0.625 0.566 0.628 0.569 0.629 0.569 0.63 0.57 0.631 0.57 0.632 0.57 0.638 0.57 0.64 0.569 0.641 0.569 0.644 0.566 0.644 0.566 0.646 0.564 0.646 0.56 0.645 0.559 0.645 0.559 0.644 0.558 0.644 0.557 0.641 0.555 0.64 0.555 0.638 0.553
3 0.922 0.548 0.921 0.549 0.918 0.549 0.909 0.555 0.909 0.558 0.908 0.559 0.908 0.564 0.909 0.565 0.909 0.566 0.918 0.573 0.921 0.573 0.922 0.573 0.923 0.573 0.924 0.574 0.924 0.576 0.925 0.577 0.925 0.578 0.933 0.584 0.936 0.584 0.938 0.585 0.945 0.585 0.946 0.584 0.948 0.584 0.956 0.578 0.956 0.577 0.957 0.576 0.957 0.57 0.956 0.57 0.956 0.567 0.948 0.561 0.946 0.561 0.945 0.56 0.943 0.56 0.942 0.559 0.942 0.559 0.941 0.558 0.941 0.555 0.932 0.549 0.93 0.549 0.929 0.548
3 0.236 0.545 0.235 0.545 0.233 0.545 0.232 0.546 0.231 0.546 0.228 0.548 0.228 0.549 0.227 0.55 0.227 0.551 0.225 0.552 0.224 0.552 0.219 0.552 0.218 0.552 0.216 0.552 0.215 0.553 0.214 0.553 0.208 0.557 0.208 0.558 0.207 0.559 0.207 0.56 0.206 0.561 0.206 0.563 0.205 0.564 0.204 0.563 0.204 0.562 0.203 0.562 0.203 0.561 0.2 0.559 0.198 0.559 0.197 0.558 0.196 0.558 0.195 0.557 0.189 0.557 0.188 0.558 0.185 0.558 0.184 0.559 0.183 0.559 0.18 0.561 0.18 0.562 0.179 0.562 0.177 0.562 0.176 0.562 0.175 0.562 0.174 0.561 0.169 0.561 0.168 0.562 0.166 0.562 0.165 0.562 0.164 0.562 0.158 0.566 0.158 0.567 0.157 0.568 0.157 0.57 0.156 0.57 0.156 0.574 0.157 0.575 0.157 0.576 0.158 0.577 0.158 0.577 0.164 0.581 0.165 0.581 0.166 0.582 0.168 0.582 0.169 0.583 0.174 0.583 0.175 0.582 0.176 0.582 0.177 0.581 0.178 0.581 0.183 0.577 0.183 0.577 0.185 0.575 0.188 0.575 0.189 0.576 0.195 0.576 0.196 0.575 0.197 0.575 0.198 0.574 0.2 0.574 0.203 0.572 0.203 0.571 0.204 0.57 0.204 0.57 0.205 0.569 0.205 0.566 0.206 0.565 0.207 0.566 0.207 0.566 0.208 0.567 0.208 0.568 0.214 0.572 0.215 0.572 0.216 0.573 0.218 0.573 0.219 0.573 0.224 0.573 0.225 0.573 0.226 0.573 0.227 0.572 0.228 0.572 0.233 0.568 0.233 0.567 0.234 0.566 0.234 0.566 0.235 0.565 0.235 0.564 0.236 0.563 0.243 0.563 0.244 0.562 0.245 0.562 0.246 0.562 0.248 0.562 0.251 0.559 0.251 0.559 0.252 0.558 0.252 0.557 0.253 0.556 0.253 0.552 0.252 0.551 0.252 0.55 0.251 0.549 0.251 0.548 0.248 0.546 0.246 0.546 0.245 0.545 0.244 0.545 0.243 0.545
3 0.651 0.54 0.65 0.541 0.649 0.541 0.648 0.541 0.647 0.541 0.644 0.544 0.644 0.545 0.643 0.545 0.643 0.546 0.642 0.547 0.642 0.551 0.644 0.552 0.644 0.553 0.647 0.555 0.648 0.555 0.649 0.556 0.65 0.556 0.651 0.557 0.656 0.557 0.658 0.555 0.659 0.555 0.662 0.553 0.662 0.552 0.665 0.551 0.665 0.547 0.664 0.546 0.664 0.545 0.662 0.545 0.662 0.544 0.659 0.541 0.658 0.541 0.656 0.54
3 0.05 0.539 0.049 0.54 0.047 0.54 0.046 0.541 0.045 0.541 0.044 0.541 0.043 0.541 0.041 0.543 0.04 0.543 0.038 0.545 0.038 0.545 0.035 0.547 0.035 0.548 0.034 0.548 0.034 0.549 0.033 0.55 0.033 0.552 0.032 0.552 0.032 0.559 0.033 0.559 0.033 0.561 0.034 0.562 0.034 0.563 0.035 0.564 0.035 0.565 0.036 0.565 0.039 0.566 0.039 0.567 0.04 0.568 0.041 0.568 0.043 0.57 0.044 0.57 0.045 0.57 0.046 0.57 0.047 0.571 0.049 0.571 0.05 0.572 0.058 0.572 0.059 0.571 0.061 0.571 0.062 0.57 0.065 0.57 0.066 0.57 0.067 0.57 0.067 0.569 0.069 0.567 0.07 0.567 0.07 0.566 0.072 0.565 0.073 0.565 0.073 0.564 0.074 0.563 0.074 0.562 0.075 0.561 0.075 0.559 0.076 0.559 0.076 0.552 0.075 0.552 0.075 0.55 0.074 0.549 0.074 0.548 0.073 0.548 0.073 0.547 0.071 0.545 0.071 0.545 0.07 0.544 0.069 0.544 0.067 0.542 0.067 0.541 0.066 0.541 0.065 0.541 0.062 0.541 0.061 0.54 0.059 0.54 0.058 0.539
3 0.624 0.522 0.623 0.523 0.622 0.523 0.621 0.523 0.62 0.523 0.617 0.526 0.617 0.527 0.616 0.527 0.616 0.528 0.615 0.529 0.615 0.533 0.617 0.534 0.617 0.535 0.62 0.538 0.621 0.538 0.622 0.538 0.623 0.538 0.624 0.539 0.629 0.539 0.631 0.538 0.632 0.538 0.635 0.535 0.635 0.534 0.638 0.533 0.638 0.529 0.636 0.528 0.636 0.527 0.635 0.527 0.635 0.526 0.632 0.523 0.631 0.523 0.629 0.522
3 0.725 0.52 0.724 0.521 0.722 0.521 0.721 0.522 0.72 0.522 0.717 0.524 0.717 0.525 0.716 0.526 0.716 0.527 0.715 0.527 0.715 0.532 0.716 0.533 0.716 0.534 0.717 0.534 0.717 0.535 0.72 0.538 0.721 0.538 0.722 0.538 0.724 0.538 0.725 0.539 0.731 0.539 0.732 0.538 0.733 0.538 0.734 0.538 0.735 0.538 0.735 0.54 0.734 0.541 0.731 0.541 0.73 0.541 0.729 0.541 0.728 0.542 0.727 0.542 0.724 0.545 0.724 0.545 0.723 0.546 0.723 0.547 0.722 0.548 0.722 0.552 0.721 0.552 0.715 0.552 0.714 0.553 0.711 0.553 0.71 0.554 0.709 0.554 0.706 0.556 0.706 0.557 0.705 0.558 0.705 0.559 0.704 0.559 0.704 0.564 0.705 0.565 0.705 0.566 0.706 0.566 0.706 0.567 0.709 0.57 0.71 0.57 0.711 0.57 0.714 0.57 0.715 0.571 0.721 0.571 0.722 0.57 0.723 0.57 0.724 0.57 0.726 0.57 0.729 0.567 0.729 0.566 0.73 0.566 0.73 0.565 0.731 0.564 0.731 0.559 0.73 0.559 0.731 0.558 0.736 0.558 0.739 0.556 0.74 0.556 0.741 0.555 0.742 0.556 0.742 0.557 0.745 0.559 0.746 0.559 0.747 0.56 0.747 0.561 0.746 0.562 0.746 0.562 0.745 0.563 0.745 0.567 0.747 0.569 0.747 0.57 0.75 0.572 0.751 0.572 0.752 0.573 0.753 0.573 0.754 0.573 0.759 0.573 0.761 0.572 0.762 0.572 0.766 0.57 0.766 0.569 0.768 0.567 0.768 0.563 0.767 0.562 0.767 0.562 0.766 0.561 0.766 0.56 0.762 0.558 0.761 0.558 0.76 0.557 0.76 0.556 0.762 0.555 0.762 0.551 0.761 0.55 0.761 0.549 0.762 0.548 0.764 0.549 0.769 0.549 0.771 0.548 0.772 0.548 0.775 0.545 0.775 0.545 0.777 0.543 0.777 0.539 0.776 0.538 0.776 0.538 0.775 0.537 0.775 0.536 0.772 0.534 0.771 0.534 0.769 0.532 0.764 0.532 0.762 0.533 0.761 0.533 0.76 0.534 0.759 0.534 0.757 0.535 0.756 0.535 0.753 0.533 0.752 0.533 0.75 0.531 0.745 0.531 0.744 0.532 0.743 0.532 0.742 0.531 0.742 0.527 0.741 0.527 0.741 0.526 0.74 0.525 0.74 0.524 0.736 0.522 0.734 0.522 0.733 0.521 0.732 0.521 0.731 0.52
3 0.302 0.512 0.301 0.513 0.3 0.513 0.299 0.514 0.298 0.514 0.295 0.516 0.295 0.517 0.294 0.518 0.294 0.519 0.293 0.52 0.293 0.523 0.295 0.525 0.295 0.526 0.298 0.528 0.299 0.528 0.3 0.529 0.301 0.529 0.302 0.53 0.307 0.53 0.309 0.528 0.31 0.528 0.314 0.526 0.314 0.525 0.316 0.523 0.316 0.52 0.315 0.519 0.315 0.518 0.314 0.517 0.314 0.516 0.31 0.514 0.309 0.514 0.307 0.512
3 0.676 0.512 0.675 0.512 0.673 0.512 0.672 0.513 0.671 0.513 0.668 0.516 0.668 0.516 0.667 0.517 0.667 0.518 0.666 0.519 0.666 0.523 0.667 0.524 0.667 0.525 0.668 0.526 0.668 0.527 0.671 0.529 0.672 0.529 0.673 0.53 0.675 0.53 0.676 0.53 0.682 0.53 0.683 0.53 0.684 0.53 0.685 0.529 0.688 0.529 0.691 0.527 0.691 0.526 0.692 0.525 0.692 0.524 0.693 0.523 0.693 0.519 0.692 0.518 0.692 0.517 0.691 0.516 0.691 0.516 0.688 0.513 0.685 0.513 0.684 0.512 0.683 0.512 0.682 0.512
3 0.938 0.506 0.936 0.507 0.933 0.507 0.925 0.513 0.925 0.516 0.924 0.516 0.924 0.522 0.925 0.523 0.925 0.524 0.933 0.53 0.936 0.53 0.938 0.531 0.945 0.531 0.946 0.53 0.948 0.53 0.956 0.524 0.956 0.523 0.957 0.522 0.957 0.516 0.956 0.516 0.956 0.513 0.948 0.507 0.946 0.507 0.945 0.506
3 0.86 0.486 0.859 0.487 0.857 0.487 0.856 0.488 0.855 0.488 0.852 0.49 0.852 0.491 0.851 0.491 0.851 0.492 0.85 0.493 0.85 0.498 0.851 0.498 0.851 0.499 0.852 0.5 0.852 0.501 0.855 0.503 0.856 0.503 0.857 0.504 0.859 0.504 0.86 0.505 0.867 0.505 0.868 0.504 0.869 0.504 0.87 0.503 0.872 0.503 0.875 0.501 0.875 0.5 0.876 0.499 0.876 0.498 0.877 0.498 0.877 0.493 0.876 0.492 0.876 0.491 0.875 0.491 0.875 0.49 0.872 0.488 0.87 0.488 0.869 0.487 0.868 0.487 0.867 0.486
3 0.747 0.474 0.746 0.475 0.744 0.475 0.743 0.476 0.742 0.476 0.739 0.478 0.739 0.479 0.738 0.48 0.738 0.48 0.736 0.481 0.736 0.486 0.738 0.487 0.738 0.488 0.739 0.488 0.739 0.489 0.742 0.491 0.743 0.491 0.744 0.492 0.746 0.492 0.747 0.493 0.753 0.493 0.754 0.492 0.755 0.492 0.756 0.491 0.758 0.491 0.761 0.489 0.761 0.488 0.762 0.488 0.762 0.487 0.764 0.486 0.764 0.481 0.762 0.48 0.762 0.48 0.761 0.479 0.761 0.478 0.758 0.476 0.756 0.476 0.755 0.475 0.754 0.475 0.753 0.474
3 0.265 0.473 0.264 0.474 0.261 0.474 0.26 0.475 0.259 0.475 0.254 0.479 0.254 0.48 0.253 0.48 0.253 0.482 0.252 0.483 0.252 0.487 0.253 0.488 0.253 0.488 0.254 0.489 0.254 0.49 0.259 0.494 0.26 0.494 0.261 0.495 0.264 0.495 0.265 0.495 0.27 0.495 0.271 0.495 0.272 0.495 0.273 0.494 0.274 0.494 0.279 0.49 0.279 0.489 0.28 0.488 0.28 0.488 0.281 0.487 0.281 0.483 0.28 0.482 0.28 0.48 0.279 0.48 0.279 0.479 0.274 0.475 0.273 0.475 0.272 0.474 0.271 0.474 0.27 0.473
3 0.223 0.464 0.222 0.465 0.22 0.465 0.219 0.466 0.218 0.466 0.215 0.468 0.215 0.469 0.214 0.47 0.214 0.47 0.212 0.471 0.212 0.477 0.211 0.478 0.211 0.479 0.21 0.48 0.209 0.479 0.208 0.479 0.207 0.478 0.207 0.477 0.204 0.475 0.202 0.475 0.201 0.474 0.2 0.474 0.199 0.473 0.193 0.473 0.192 0.474 0.19 0.474 0.189 0.475 0.188 0.475 0.184 0.477 0.184 0.478 0.183 0.479 0.183 0.48 0.182 0.48 0.182 0.485 0.183 0.486 0.183 0.487 0.184 0.488 0.184 0.488 0.188 0.491 0.189 0.491 0.19 0.491 0.192 0.491 0.193 0.492 0.194 0.492 0.195 0.493 0.195 0.494 0.198 0.496 0.199 0.496 0.2 0.497 0.202 0.497 0.203 0.498 0.209 0.498 0.21 0.497 0.211 0.497 0.212 0.496 0.215 0.496 0.218 0.494 0.218 0.493 0.219 0.492 0.219 0.491 0.22 0.491 0.22 0.49 0.221 0.489 0.222 0.49 0.228 0.49 0.229 0.489 0.23 0.489 0.231 0.488 0.233 0.488 0.236 0.486 0.236 0.485 0.238 0.484 0.238 0.484 0.239 0.483 0.239 0.477 0.24 0.476 0.24 0.471 0.239 0.47 0.239 0.47 0.238 0.469 0.238 0.468 0.234 0.466 0.232 0.466 0.231 0.465 0.23 0.465 0.229 0.464
3 0.721 0.463 0.72 0.464 0.718 0.464 0.717 0.465 0.716 0.465 0.712 0.467 0.712 0.468 0.711 0.469 0.711 0.47 0.71 0.47 0.71 0.475 0.711 0.476 0.711 0.477 0.712 0.477 0.712 0.478 0.716 0.48 0.717 0.48 0.718 0.481 0.72 0.481 0.721 0.482 0.727 0.482 0.728 0.481 0.729 0.481 0.73 0.48 0.732 0.48 0.735 0.478 0.735 0.477 0.736 0.477 0.736 0.476 0.738 0.475 0.738 0.47 0.736 0.47 0.736 0.469 0.735 0.468 0.735 0.467 0.732 0.465 0.73 0.465 0.729 0.464 0.728 0.464 0.727 0.463
3 0.768 0.448 0.767 0.449 0.766 0.449 0.765 0.45 0.764 0.45 0.76 0.452 0.76 0.453 0.759 0.454 0.759 0.455 0.758 0.455 0.758 0.459 0.76 0.461 0.76 0.462 0.764 0.464 0.765 0.464 0.766 0.465 0.767 0.465 0.768 0.466 0.773 0.466 0.775 0.464 0.776 0.464 0.779 0.462 0.779 0.461 0.781 0.459 0.781 0.455 0.78 0.455 0.78 0.454 0.779 0.453 0.779 0.452 0.776 0.45 0.775 0.45 0.773 0.448
3 0.267 0.448 0.266 0.449 0.264 0.449 0.262 0.45 0.261 0.45 0.258 0.452 0.258 0.453 0.257 0.454 0.257 0.455 0.256 0.455 0.256 0.46 0.257 0.461 0.257 0.462 0.258 0.462 0.258 0.463 0.261 0.466 0.262 0.466 0.264 0.466 0.266 0.466 0.267 0.467 0.273 0.467 0.274 0.466 0.275 0.466 0.276 0.466 0.278 0.466 0.281 0.463 0.281 0.462 0.282 0.462 0.282 0.461 0.283 0.46 0.283 0.455 0.282 0.455 0.282 0.454 0.281 0.453 0.281 0.452 0.278 0.45 0.276 0.45 0.275 0.449 0.274 0.449 0.273 0.448
3 0.206 0.447 0.205 0.448 0.203 0.448 0.202 0.448 0.201 0.448 0.198 0.451 0.198 0.452 0.197 0.452 0.197 0.453 0.196 0.454 0.196 0.459 0.197 0.459 0.197 0.46 0.198 0.461 0.198 0.462 0.201 0.464 0.202 0.464 0.203 0.465 0.205 0.465 0.206 0.466 0.212 0.466 0.214 0.465 0.215 0.465 0.216 0.464 0.218 0.464 0.221 0.462 0.221 0.461 0.222 0.46 0.222 0.459 0.223 0.459 0.223 0.454 0.222 0.453 0.222 0.452 0.221 0.452 0.221 0.451 0.218 0.448 0.216 0.448 0.215 0.448 0.214 0.448 0.212 0.447
3 0.697 0.441 0.696 0.441 0.695 0.441 0.694 0.442 0.693 0.442 0.69 0.445 0.69 0.445 0.689 0.446 0.689 0.447 0.688 0.448 0.688 0.452 0.69 0.453 0.69 0.454 0.693 0.456 0.694 0.456 0.695 0.457 0.696 0.457 0.697 0.458 0.702 0.458 0.704 0.456 0.705 0.456 0.708 0.454 0.708 0.453 0.71 0.452 0.71 0.448 0.709 0.447 0.709 0.446 0.708 0.445 0.708 0.445 0.705 0.442 0.704 0.442 0.702 0.441
3 0.162 0.43 0.161 0.43 0.158 0.43 0.15 0.437 0.15 0.439 0.149 0.44 0.149 0.441 0.148 0.442 0.145 0.44 0.143 0.44 0.142 0.439 0.134 0.439 0.133 0.44 0.13 0.44 0.122 0.446 0.122 0.448 0.121 0.449 0.121 0.455 0.122 0.455 0.122 0.457 0.13 0.463 0.133 0.463 0.134 0.464 0.136 0.464 0.143 0.469 0.146 0.469 0.147 0.47 0.154 0.47 0.155 0.469 0.157 0.469 0.166 0.462 0.167 0.463 0.167 0.466 0.168 0.466 0.168 0.467 0.169 0.468 0.169 0.469 0.172 0.471 0.173 0.471 0.174 0.472 0.176 0.472 0.177 0.473 0.183 0.473 0.184 0.472 0.185 0.472 0.186 0.471 0.189 0.471 0.192 0.469 0.192 0.468 0.193 0.467 0.193 0.466 0.194 0.466 0.194 0.461 0.193 0.46 0.193 0.459 0.192 0.459 0.192 0.458 0.189 0.455 0.186 0.455 0.185 0.455 0.184 0.455 0.183 0.454 0.177 0.454 0.176 0.455 0.174 0.455 0.173 0.454 0.181 0.448 0.181 0.446 0.182 0.445 0.182 0.44 0.181 0.439 0.181 0.437 0.173 0.43 0.171 0.43 0.17 0.43
3 0.809 0.419 0.808 0.42 0.805 0.42 0.797 0.426 0.797 0.428 0.796 0.429 0.796 0.434 0.797 0.435 0.797 0.437 0.805 0.443 0.808 0.443 0.809 0.444 0.817 0.444 0.818 0.443 0.82 0.443 0.828 0.437 0.828 0.435 0.829 0.434 0.829 0.429 0.828 0.428 0.828 0.426 0.82 0.42 0.818 0.42 0.817 0.419
3 0.385 0.393 0.384 0.394 0.383 0.394 0.382 0.395 0.381 0.395 0.378 0.397 0.378 0.398 0.377 0.398 0.377 0.399 0.376 0.4 0.376 0.404 0.378 0.405 0.378 0.406 0.381 0.409 0.382 0.409 0.383 0.409 0.384 0.409 0.385 0.41 0.391 0.41 0.393 0.409 0.394 0.409 0.397 0.406 0.397 0.405 0.399 0.404 0.399 0.4 0.398 0.399 0.398 0.398 0.397 0.398 0.397 0.397 0.394 0.395 0.393 0.395 0.391 0.393
3 0.759 0.384 0.758 0.385 0.755 0.385 0.747 0.391 0.747 0.394 0.746 0.395 0.746 0.4 0.747 0.401 0.747 0.402 0.755 0.409 0.758 0.409 0.759 0.409 0.767 0.409 0.768 0.409 0.77 0.409 0.778 0.402 0.778 0.401 0.779 0.4 0.779 0.395 0.778 0.394 0.778 0.391 0.77 0.385 0.768 0.385 0.767 0.384
3 0.157 0.38 0.156 0.381 0.153 0.381 0.145 0.388 0.145 0.39 0.144 0.391 0.144 0.396 0.145 0.397 0.145 0.398 0.153 0.405 0.156 0.405 0.157 0.405 0.165 0.405 0.166 0.405 0.168 0.405 0.176 0.398 0.176 0.397 0.177 0.396 0.177 0.391 0.176 0.39 0.176 0.388 0.168 0.381 0.166 0.381 0.165 0.38
3 0.389 0.374 0.388 0.375 0.386 0.375 0.385 0.376 0.384 0.376 0.381 0.378 0.381 0.379 0.38 0.38 0.38 0.38 0.379 0.381 0.379 0.385 0.381 0.387 0.381 0.388 0.384 0.39 0.385 0.39 0.386 0.391 0.388 0.391 0.389 0.391 0.394 0.391 0.396 0.39 0.397 0.39 0.4 0.388 0.4 0.387 0.402 0.385 0.402 0.381 0.401 0.38 0.401 0.38 0.4 0.379 0.4 0.378 0.397 0.376 0.396 0.376 0.394 0.374
3 0.231 0.365 0.23 0.366 0.228 0.366 0.227 0.366 0.226 0.366 0.223 0.369 0.223 0.37 0.222 0.37 0.222 0.371 0.221 0.372 0.221 0.377 0.222 0.377 0.222 0.378 0.223 0.379 0.223 0.38 0.226 0.382 0.227 0.382 0.228 0.383 0.23 0.383 0.231 0.384 0.238 0.384 0.239 0.383 0.24 0.383 0.241 0.382 0.243 0.382 0.246 0.38 0.246 0.379 0.247 0.378 0.247 0.377 0.248 0.377 0.248 0.372 0.247 0.371 0.247 0.37 0.246 0.37 0.246 0.369 0.243 0.366 0.241 0.366 0.24 0.366 0.239 0.366 0.238 0.365
3 0.275 0.355 0.274 0.355 0.272 0.355 0.271 0.356 0.27 0.356 0.267 0.359 0.267 0.359 0.266 0.36 0.266 0.361 0.265 0.362 0.265 0.366 0.266 0.367 0.266 0.368 0.267 0.369 0.267 0.37 0.27 0.372 0.271 0.372 0.272 0.373 0.274 0.373 0.275 0.373 0.281 0.373 0.282 0.373 0.283 0.373 0.284 0.372 0.286 0.372 0.29 0.37 0.29 0.369 0.291 0.368 0.291 0.367 0.292 0.366 0.292 0.362 0.291 0.361 0.291 0.36 0.29 0.359 0.29 0.359 0.286 0.356 0.284 0.356 0.283 0.355 0.282 0.355 0.281 0.355
3 0.144 0.352 0.143 0.353 0.14 0.353 0.131 0.359 0.131 0.362 0.13 0.362 0.13 0.368 0.131 0.369 0.131 0.37 0.14 0.377 0.143 0.377 0.144 0.377 0.151 0.377 0.152 0.377 0.154 0.377 0.162 0.37 0.162 0.369 0.164 0.368 0.164 0.362 0.162 0.362 0.162 0.359 0.154 0.353 0.152 0.353 0.151 0.352
3 0.707 0.352 0.706 0.352 0.705 0.352 0.704 0.353 0.703 0.353 0.7 0.355 0.7 0.356 0.699 0.357 0.699 0.358 0.698 0.359 0.698 0.362 0.7 0.364 0.7 0.365 0.703 0.367 0.704 0.367 0.705 0.368 0.706 0.368 0.707 0.369 0.712 0.369 0.715 0.367 0.716 0.367 0.719 0.365 0.719 0.364 0.721 0.362 0.721 0.359 0.72 0.358 0.72 0.357 0.719 0.356 0.719 0.355 0.716 0.353 0.715 0.353 0.712 0.352
3 0.318 0.348 0.317 0.348 0.315 0.348 0.314 0.349 0.312 0.349 0.309 0.352 0.309 0.352 0.308 0.353 0.308 0.354 0.307 0.355 0.307 0.359 0.308 0.36 0.308 0.361 0.309 0.362 0.309 0.362 0.312 0.365 0.314 0.365 0.315 0.366 0.317 0.366 0.318 0.366 0.324 0.366 0.325 0.366 0.326 0.366 0.327 0.365 0.329 0.365 0.332 0.362 0.332 0.362 0.333 0.361 0.333 0.36 0.334 0.359 0.335 0.36 0.335 0.365 0.336 0.366 0.336 0.366 0.338 0.367 0.338 0.368 0.341 0.37 0.342 0.37 0.343 0.371 0.345 0.371 0.346 0.372 0.352 0.372 0.353 0.371 0.354 0.371 0.355 0.37 0.357 0.37 0.36 0.368 0.36 0.367 0.361 0.366 0.361 0.366 0.362 0.365 0.362 0.36 0.361 0.359 0.361 0.359 0.36 0.358 0.36 0.357 0.357 0.355 0.355 0.355 0.354 0.354 0.353 0.354 0.352 0.353 0.346 0.353 0.345 0.354 0.343 0.354 0.342 0.355 0.341 0.355 0.338 0.357 0.338 0.358 0.336 0.359 0.336 0.359 0.335 0.36 0.334 0.359 0.334 0.355 0.333 0.354 0.333 0.353 0.332 0.352 0.332 0.352 0.329 0.349 0.327 0.349 0.326 0.348 0.325 0.348 0.324 0.348
3 0.229 0.343 0.228 0.344 0.226 0.344 0.225 0.345 0.224 0.345 0.221 0.347 0.221 0.348 0.22 0.348 0.22 0.349 0.219 0.35 0.219 0.355 0.22 0.355 0.22 0.356 0.221 0.357 0.221 0.358 0.224 0.36 0.225 0.36 0.226 0.361 0.228 0.361 0.229 0.362 0.235 0.362 0.236 0.361 0.238 0.361 0.239 0.36 0.241 0.36 0.244 0.358 0.244 0.357 0.245 0.356 0.245 0.355 0.246 0.355 0.246 0.35 0.245 0.349 0.245 0.348 0.244 0.348 0.244 0.347 0.241 0.345 0.239 0.345 0.238 0.344 0.236 0.344 0.235 0.343
3 0.569 0.33 0.568 0.331 0.566 0.331 0.565 0.332 0.564 0.332 0.56 0.334 0.56 0.335 0.559 0.336 0.559 0.337 0.558 0.338 0.558 0.342 0.559 0.343 0.559 0.344 0.56 0.345 0.56 0.345 0.564 0.348 0.565 0.348 0.566 0.348 0.568 0.348 0.569 0.349 0.575 0.349 0.576 0.348 0.577 0.348 0.578 0.348 0.58 0.348 0.583 0.345 0.584 0.346 0.584 0.349 0.586 0.351 0.586 0.352 0.59 0.354 0.591 0.354 0.592 0.355 0.593 0.355 0.594 0.355 0.599 0.355 0.6 0.356 0.597 0.359 0.597 0.359 0.596 0.36 0.596 0.361 0.595 0.362 0.595 0.366 0.597 0.367 0.597 0.368 0.6 0.37 0.601 0.37 0.602 0.371 0.603 0.371 0.604 0.372 0.609 0.372 0.611 0.37 0.612 0.37 0.616 0.368 0.616 0.367 0.618 0.366 0.618 0.362 0.617 0.361 0.617 0.36 0.616 0.359 0.616 0.359 0.612 0.356 0.611 0.356 0.609 0.355 0.604 0.355 0.603 0.355 0.602 0.355 0.601 0.356 0.6 0.356 0.599 0.355 0.601 0.354 0.602 0.354 0.605 0.352 0.605 0.351 0.607 0.349 0.607 0.345 0.606 0.345 0.606 0.344 0.605 0.343 0.605 0.342 0.602 0.34 0.601 0.34 0.599 0.338 0.594 0.338 0.593 0.339 0.592 0.339 0.591 0.34 0.59 0.34 0.586 0.342 0.585 0.341 0.585 0.338 0.584 0.337 0.584 0.336 0.583 0.335 0.583 0.334 0.58 0.332 0.578 0.332 0.577 0.331 0.576 0.331 0.575 0.33
3 0.731 0.33 0.73 0.33 0.727 0.33 0.719 0.337 0.719 0.339 0.718 0.34 0.718 0.345 0.719 0.346 0.719 0.348 0.727 0.354 0.73 0.354 0.731 0.355 0.739 0.355 0.74 0.354 0.742 0.354 0.75 0.348 0.75 0.346 0.751 0.345 0.751 0.34 0.75 0.339 0.75 0.337 0.742 0.33 0.74 0.33 0.739 0.33
3 0.377 0.324 0.376 0.325 0.374 0.325 0.373 0.326 0.372 0.326 0.369 0.328 0.369 0.329 0.368 0.33 0.368 0.33 0.367 0.331 0.367 0.336 0.368 0.337 0.368 0.338 0.369 0.338 0.369 0.339 0.372 0.341 0.373 0.341 0.374 0.342 0.376 0.342 0.377 0.343 0.383 0.343 0.384 0.342 0.385 0.342 0.386 0.341 0.389 0.341 0.392 0.339 0.392 0.338 0.393 0.338 0.393 0.337 0.394 0.336 0.394 0.331 0.393 0.33 0.393 0.33 0.392 0.329 0.392 0.328 0.389 0.326 0.386 0.326 0.385 0.325 0.384 0.325 0.383 0.324
3 0.606 0.322 0.605 0.323 0.604 0.323 0.603 0.323 0.602 0.323 0.599 0.326 0.599 0.327 0.598 0.327 0.598 0.328 0.597 0.329 0.597 0.333 0.599 0.334 0.599 0.335 0.602 0.338 0.603 0.338 0.604 0.338 0.605 0.338 0.606 0.339 0.611 0.339 0.614 0.338 0.615 0.338 0.618 0.335 0.618 0.334 0.62 0.333 0.62 0.329 0.619 0.328 0.619 0.327 0.618 0.327 0.618 0.326 0.615 0.323 0.614 0.323 0.611 0.322
3 0.33 0.321 0.329 0.322 0.327 0.322 0.326 0.323 0.325 0.323 0.322 0.325 0.322 0.326 0.321 0.327 0.321 0.327 0.32 0.328 0.32 0.333 0.321 0.334 0.321 0.334 0.322 0.335 0.322 0.336 0.325 0.338 0.326 0.338 0.327 0.339 0.329 0.339 0.333 0.342 0.334 0.342 0.335 0.343 0.338 0.343 0.339 0.344 0.345 0.344 0.346 0.343 0.347 0.343 0.348 0.342 0.35 0.342 0.353 0.34 0.353 0.339 0.354 0.338 0.354 0.338 0.355 0.337 0.355 0.332 0.354 0.331 0.354 0.33 0.353 0.33 0.353 0.329 0.35 0.327 0.348 0.327 0.347 0.326 0.346 0.326 0.342 0.323 0.34 0.323 0.339 0.322 0.338 0.322 0.336 0.321
3 0.651 0.317 0.65 0.318 0.649 0.318 0.648 0.319 0.647 0.319 0.644 0.321 0.644 0.322 0.643 0.323 0.643 0.323 0.642 0.324 0.642 0.328 0.644 0.33 0.644 0.33 0.647 0.333 0.648 0.333 0.649 0.334 0.65 0.334 0.651 0.334 0.656 0.334 0.658 0.333 0.659 0.333 0.662 0.33 0.662 0.33 0.665 0.328 0.665 0.324 0.664 0.323 0.664 0.323 0.662 0.322 0.662 0.321 0.659 0.319 0.658 0.319 0.656 0.317
3 0.409 0.312 0.408 0.312 0.406 0.312 0.405 0.313 0.404 0.313 0.401 0.316 0.401 0.316 0.4 0.317 0.4 0.318 0.399 0.319 0.399 0.323 0.4 0.324 0.4 0.325 0.401 0.326 0.401 0.327 0.404 0.329 0.405 0.329 0.406 0.33 0.408 0.33 0.409 0.33 0.416 0.33 0.417 0.33 0.418 0.33 0.419 0.329 0.421 0.329 0.424 0.327 0.424 0.326 0.425 0.325 0.425 0.324 0.426 0.323 0.426 0.319 0.425 0.318 0.425 0.317 0.424 0.316 0.424 0.316 0.421 0.313 0.419 0.313 0.418 0.312 0.417 0.312 0.416 0.312
3 0.401 0.292 0.4 0.293 0.398 0.293 0.397 0.294 0.396 0.294 0.393 0.296 0.393 0.297 0.392 0.298 0.392 0.298 0.391 0.299 0.391 0.304 0.392 0.305 0.392 0.305 0.393 0.306 0.393 0.307 0.396 0.309 0.397 0.309 0.398 0.31 0.4 0.31 0.401 0.311 0.407 0.311 0.408 0.31 0.409 0.31 0.41 0.309 0.412 0.309 0.416 0.307 0.416 0.306 0.417 0.305 0.417 0.305 0.418 0.304 0.418 0.299 0.417 0.298 0.417 0.298 0.416 0.297 0.416 0.296 0.412 0.294 0.41 0.294 0.409 0.293 0.408 0.293 0.407 0.292
3 0.278 0.288 0.277 0.289 0.275 0.289 0.274 0.29 0.273 0.29 0.27 0.292 0.27 0.293 0.269 0.294 0.269 0.295 0.268 0.295 0.268 0.3 0.269 0.301 0.269 0.302 0.27 0.302 0.27 0.303 0.273 0.305 0.274 0.305 0.275 0.306 0.277 0.306 0.278 0.307 0.284 0.307 0.285 0.306 0.286 0.306 0.288 0.305 0.29 0.305 0.293 0.303 0.293 0.302 0.294 0.302 0.294 0.301 0.295 0.3 0.295 0.295 0.294 0.295 0.294 0.294 0.293 0.293 0.293 0.292 0.29 0.29 0.288 0.29 0.286 0.289 0.285 0.289 0.284 0.288
3 0.325 0.278 0.324 0.279 0.322 0.279 0.321 0.28 0.32 0.28 0.317 0.282 0.317 0.283 0.316 0.284 0.316 0.284 0.315 0.285 0.315 0.29 0.316 0.291 0.316 0.291 0.317 0.292 0.317 0.293 0.32 0.295 0.321 0.295 0.322 0.296 0.324 0.296 0.325 0.297 0.331 0.297 0.332 0.296 0.333 0.296 0.334 0.295 0.336 0.295 0.34 0.293 0.34 0.292 0.341 0.291 0.341 0.291 0.342 0.29 0.342 0.285 0.341 0.284 0.341 0.284 0.34 0.283 0.34 0.282 0.336 0.28 0.334 0.28 0.333 0.279 0.332 0.279 0.331 0.278
3 0.549 0.277 0.548 0.277 0.546 0.277 0.545 0.278 0.544 0.278 0.541 0.28 0.541 0.281 0.54 0.282 0.54 0.283 0.539 0.284 0.539 0.288 0.54 0.289 0.54 0.29 0.541 0.291 0.541 0.291 0.544 0.294 0.545 0.294 0.546 0.295 0.548 0.295 0.549 0.295 0.555 0.295 0.556 0.295 0.557 0.295 0.558 0.294 0.56 0.294 0.564 0.291 0.564 0.291 0.565 0.29 0.565 0.289 0.566 0.288 0.566 0.284 0.565 0.283 0.565 0.282 0.564 0.281 0.564 0.28 0.56 0.278 0.558 0.278 0.557 0.277 0.556 0.277 0.555 0.277
3 0.602 0.276 0.601 0.277 0.598 0.277 0.59 0.283 0.59 0.285 0.589 0.286 0.589 0.291 0.59 0.292 0.59 0.294 0.589 0.295 0.588 0.294 0.588 0.293 0.584 0.291 0.582 0.291 0.581 0.29 0.58 0.29 0.579 0.289 0.573 0.289 0.572 0.29 0.57 0.29 0.569 0.291 0.568 0.291 0.565 0.293 0.565 0.294 0.564 0.295 0.564 0.295 0.562 0.296 0.562 0.301 0.561 0.302 0.558 0.299 0.556 0.299 0.555 0.298 0.554 0.298 0.553 0.298 0.547 0.298 0.546 0.298 0.544 0.298 0.543 0.299 0.542 0.299 0.539 0.302 0.539 0.302 0.538 0.303 0.538 0.304 0.536 0.305 0.536 0.309 0.538 0.31 0.538 0.311 0.539 0.312 0.539 0.312 0.542 0.315 0.543 0.315 0.544 0.316 0.546 0.316 0.547 0.316 0.553 0.316 0.554 0.316 0.555 0.316 0.556 0.315 0.558 0.315 0.561 0.312 0.561 0.312 0.562 0.311 0.562 0.31 0.564 0.309 0.564 0.305 0.565 0.304 0.568 0.306 0.569 0.306 0.57 0.307 0.572 0.307 0.573 0.308 0.579 0.308 0.58 0.307 0.581 0.307 0.582 0.306 0.584 0.306 0.588 0.304 0.588 0.303 0.589 0.302 0.589 0.302 0.59 0.301 0.59 0.296 0.589 0.295 0.589 0.295 0.59 0.294 0.598 0.3 0.601 0.3 0.602 0.301 0.609 0.301 0.61 0.3 0.612 0.3 0.621 0.294 0.621 0.292 0.622 0.291 0.622 0.286 0.621 0.285 0.621 0.283 0.612 0.277 0.61 0.277 0.609 0.276
3 0.69 0.264 0.689 0.265 0.685 0.265 0.677 0.271 0.677 0.273 0.676 0.274 0.676 0.28 0.677 0.28 0.677 0.282 0.685 0.288 0.689 0.288 0.69 0.289 0.697 0.289 0.698 0.288 0.7 0.288 0.708 0.282 0.708 0.28 0.709 0.28 0.709 0.274 0.708 0.273 0.708 0.271 0.7 0.265 0.698 0.265 0.697 0.264
