7 0.306 0.755 0.305 0.756 0.303 0.756 0.302 0.757 0.301 0.757 0.296 0.761 0.296 0.762 0.295 0.762 0.295 0.764 0.294 0.765 0.294 0.769 0.295 0.77 0.295 0.77 0.296 0.771 0.296 0.772 0.301 0.776 0.302 0.776 0.303 0.777 0.305 0.777 0.306 0.777 0.311 0.777 0.312 0.777 0.314 0.777 0.315 0.776 0.316 0.776 0.321 0.772 0.321 0.771 0.322 0.77 0.322 0.77 0.323 0.769 0.323 0.765 0.322 0.764 0.322 0.762 0.321 0.762 0.321 0.761 0.316 0.757 0.315 0.757 0.314 0.756 0.312 0.756 0.311 0.755
7 0.492 0.732 0.491 0.733 0.489 0.733 0.488 0.734 0.486 0.734 0.481 0.738 0.481 0.738 0.48 0.739 0.48 0.741 0.479 0.741 0.479 0.745 0.48 0.746 0.48 0.747 0.481 0.748 0.481 0.748 0.486 0.752 0.488 0.752 0.489 0.753 0.491 0.753 0.492 0.754 0.497 0.754 0.498 0.753 0.499 0.753 0.5 0.752 0.501 0.752 0.506 0.748 0.506 0.748 0.507 0.747 0.507 0.746 0.508 0.745 0.508 0.741 0.507 0.741 0.507 0.739 0.506 0.738 0.506 0.738 0.501 0.734 0.5 0.734 0.499 0.733 0.498 0.733 0.497 0.732
7 0.426 0.704 0.425 0.705 0.423 0.705 0.422 0.705 0.421 0.705 0.416 0.709 0.416 0.71 0.415 0.711 0.415 0.712 0.414 0.713 0.414 0.717 0.415 0.718 0.415 0.719 0.416 0.72 0.416 0.72 0.421 0.724 0.422 0.724 0.423 0.725 0.425 0.725 0.426 0.726 0.431 0.726 0.432 0.725 0.433 0.725 0.434 0.724 0.435 0.724 0.441 0.72 0.441 0.72 0.442 0.719 0.442 0.718 0.443 0.717 0.443 0.713 0.442 0.712 0.442 0.711 0.441 0.71 0.441 0.709 0.435 0.705 0.434 0.705 0.433 0.705 0.432 0.705 0.431 0.704
7 0.502 0.699 0.501 0.7 0.499 0.7 0.498 0.701 0.497 0.701 0.492 0.705 0.492 0.705 0.491 0.706 0.491 0.708 0.49 0.709 0.49 0.712 0.491 0.713 0.491 0.714 0.492 0.715 0.492 0.716 0.497 0.72 0.498 0.72 0.499 0.72 0.501 0.72 0.502 0.721 0.507 0.721 0.508 0.72 0.509 0.72 0.51 0.72 0.511 0.72 0.517 0.716 0.517 0.715 0.518 0.714 0.518 0.713 0.519 0.712 0.519 0.709 0.518 0.708 0.518 0.706 0.517 0.705 0.517 0.705 0.511 0.701 0.51 0.701 0.509 0.7 0.508 0.7 0.507 0.699
7 0.395 0.674 0.394 0.675 0.393 0.675 0.392 0.676 0.391 0.676 0.388 0.678 0.388 0.679 0.386 0.68 0.386 0.68 0.385 0.681 0.385 0.686 0.386 0.687 0.386 0.688 0.388 0.688 0.388 0.689 0.391 0.691 0.392 0.691 0.393 0.692 0.394 0.692 0.395 0.693 0.401 0.693 0.402 0.692 0.403 0.692 0.404 0.691 0.405 0.691 0.408 0.689 0.408 0.688 0.409 0.688 0.409 0.687 0.41 0.686 0.41 0.681 0.409 0.68 0.409 0.68 0.408 0.679 0.408 0.678 0.405 0.676 0.404 0.676 0.403 0.675 0.402 0.675 0.401 0.674
7 0.746 0.653 0.745 0.654 0.743 0.654 0.742 0.655 0.741 0.655 0.735 0.659 0.735 0.659 0.734 0.66 0.734 0.662 0.733 0.662 0.733 0.666 0.734 0.667 0.734 0.668 0.735 0.669 0.735 0.67 0.741 0.673 0.742 0.673 0.743 0.674 0.745 0.674 0.746 0.675 0.751 0.675 0.752 0.674 0.753 0.674 0.754 0.673 0.755 0.673 0.76 0.67 0.76 0.669 0.761 0.668 0.761 0.667 0.762 0.666 0.762 0.662 0.761 0.662 0.761 0.66 0.76 0.659 0.76 0.659 0.755 0.655 0.754 0.655 0.753 0.654 0.752 0.654 0.751 0.653
7 0.431 0.63 0.43 0.63 0.429 0.63 0.428 0.631 0.427 0.631 0.424 0.634 0.424 0.634 0.423 0.635 0.423 0.636 0.422 0.637 0.422 0.641 0.423 0.642 0.423 0.643 0.424 0.644 0.424 0.645 0.427 0.647 0.426 0.648 0.425 0.648 0.424 0.647 0.418 0.647 0.417 0.648 0.416 0.648 0.415 0.648 0.414 0.648 0.41 0.651 0.41 0.652 0.409 0.652 0.409 0.653 0.408 0.654 0.408 0.659 0.409 0.659 0.409 0.66 0.41 0.661 0.41 0.662 0.415 0.665 0.415 0.67 0.416 0.67 0.416 0.671 0.417 0.672 0.417 0.673 0.42 0.675 0.421 0.675 0.422 0.676 0.423 0.676 0.424 0.677 0.43 0.677 0.431 0.676 0.432 0.676 0.433 0.675 0.434 0.675 0.438 0.673 0.438 0.672 0.439 0.671 0.439 0.67 0.44 0.67 0.44 0.665 0.439 0.664 0.439 0.663 0.438 0.662 0.438 0.662 0.433 0.659 0.433 0.654 0.432 0.653 0.432 0.652 0.431 0.652 0.431 0.651 0.428 0.648 0.429 0.648 0.43 0.648 0.431 0.648 0.438 0.648 0.439 0.648 0.44 0.648 0.441 0.647 0.442 0.647 0.445 0.645 0.445 0.644 0.446 0.643 0.446 0.642 0.447 0.641 0.447 0.637 0.446 0.636 0.446 0.635 0.445 0.634 0.445 0.634 0.442 0.631 0.441 0.631 0.44 0.63 0.439 0.63 0.438 0.63
7 0.46 0.628 0.459 0.629 0.458 0.629 0.457 0.63 0.456 0.63 0.453 0.632 0.453 0.633 0.452 0.634 0.452 0.634 0.451 0.635 0.451 0.64 0.452 0.641 0.452 0.641 0.453 0.642 0.453 0.643 0.456 0.645 0.457 0.645 0.458 0.646 0.459 0.646 0.46 0.647 0.467 0.647 0.468 0.646 0.469 0.646 0.47 0.645 0.471 0.645 0.474 0.643 0.474 0.642 0.475 0.641 0.475 0.641 0.476 0.64 0.476 0.635 0.475 0.634 0.475 0.634 0.474 0.633 0.474 0.632 0.471 0.63 0.47 0.63 0.469 0.629 0.468 0.629 0.467 0.628
7 0.397 0.623 0.396 0.623 0.395 0.623 0.394 0.624 0.393 0.624 0.39 0.627 0.39 0.627 0.389 0.628 0.389 0.629 0.388 0.63 0.388 0.634 0.389 0.635 0.389 0.636 0.39 0.637 0.39 0.638 0.393 0.64 0.394 0.64 0.395 0.641 0.396 0.641 0.397 0.641 0.403 0.641 0.404 0.641 0.405 0.641 0.406 0.64 0.407 0.64 0.41 0.638 0.41 0.637 0.411 0.636 0.411 0.635 0.412 0.634 0.412 0.63 0.411 0.629 0.411 0.628 0.41 0.627 0.41 0.627 0.407 0.624 0.406 0.624 0.405 0.623 0.404 0.623 0.403 0.623
7 0.123 0.623 0.122 0.623 0.12 0.623 0.119 0.624 0.118 0.624 0.112 0.628 0.112 0.629 0.111 0.63 0.111 0.631 0.11 0.632 0.11 0.636 0.111 0.637 0.111 0.638 0.112 0.638 0.112 0.639 0.118 0.643 0.119 0.643 0.12 0.644 0.122 0.644 0.123 0.645 0.128 0.645 0.129 0.644 0.13 0.644 0.131 0.643 0.132 0.643 0.138 0.639 0.138 0.638 0.139 0.638 0.139 0.637 0.14 0.636 0.14 0.632 0.139 0.631 0.139 0.63 0.138 0.629 0.138 0.628 0.132 0.624 0.131 0.624 0.13 0.623 0.129 0.623 0.128 0.623
7 0.342 0.622 0.341 0.623 0.34 0.623 0.339 0.623 0.338 0.623 0.334 0.626 0.334 0.627 0.333 0.627 0.333 0.628 0.332 0.629 0.332 0.634 0.333 0.634 0.333 0.635 0.334 0.636 0.334 0.637 0.338 0.639 0.339 0.639 0.34 0.64 0.341 0.64 0.342 0.641 0.348 0.641 0.349 0.64 0.35 0.64 0.351 0.639 0.352 0.639 0.355 0.637 0.355 0.636 0.356 0.635 0.356 0.634 0.357 0.634 0.357 0.629 0.356 0.628 0.356 0.627 0.355 0.627 0.355 0.626 0.352 0.623 0.351 0.623 0.35 0.623 0.349 0.623 0.348 0.622
7 0.683 0.619 0.682 0.62 0.68 0.62 0.679 0.62 0.678 0.62 0.673 0.624 0.673 0.625 0.672 0.626 0.672 0.627 0.671 0.628 0.671 0.632 0.672 0.633 0.672 0.634 0.673 0.634 0.673 0.635 0.678 0.639 0.679 0.639 0.68 0.64 0.682 0.64 0.683 0.641 0.689 0.641 0.69 0.64 0.691 0.64 0.692 0.639 0.693 0.639 0.698 0.635 0.698 0.634 0.699 0.634 0.699 0.633 0.7 0.632 0.701 0.633 0.701 0.634 0.702 0.635 0.702 0.636 0.703 0.637 0.703 0.638 0.708 0.641 0.709 0.641 0.71 0.642 0.712 0.642 0.714 0.643 0.719 0.643 0.72 0.642 0.721 0.642 0.722 0.641 0.723 0.641 0.728 0.638 0.728 0.637 0.729 0.636 0.729 0.635 0.73 0.634 0.73 0.63 0.729 0.63 0.729 0.628 0.728 0.627 0.728 0.627 0.723 0.623 0.722 0.623 0.721 0.622 0.72 0.622 0.719 0.621 0.714 0.621 0.712 0.622 0.71 0.622 0.709 0.623 0.708 0.623 0.703 0.627 0.703 0.627 0.702 0.628 0.702 0.63 0.701 0.63 0.7 0.63 0.7 0.628 0.699 0.627 0.699 0.626 0.698 0.625 0.698 0.624 0.693 0.62 0.692 0.62 0.691 0.62 0.69 0.62 0.689 0.619
7 0.152 0.609 0.151 0.61 0.149 0.61 0.148 0.611 0.147 0.611 0.142 0.615 0.142 0.616 0.141 0.616 0.141 0.618 0.14 0.619 0.14 0.623 0.141 0.623 0.141 0.624 0.142 0.625 0.142 0.626 0.147 0.63 0.148 0.63 0.149 0.63 0.151 0.63 0.152 0.631 0.157 0.631 0.158 0.63 0.159 0.63 0.16 0.63 0.161 0.63 0.167 0.626 0.167 0.625 0.168 0.624 0.168 0.623 0.169 0.623 0.169 0.619 0.168 0.618 0.168 0.616 0.167 0.616 0.167 0.615 0.161 0.611 0.16 0.611 0.159 0.61 0.158 0.61 0.157 0.609
7 0.416 0.607 0.415 0.608 0.414 0.608 0.412 0.609 0.411 0.609 0.408 0.611 0.408 0.612 0.407 0.612 0.407 0.613 0.406 0.614 0.406 0.619 0.407 0.62 0.407 0.62 0.408 0.621 0.408 0.622 0.411 0.624 0.412 0.624 0.414 0.625 0.415 0.625 0.416 0.626 0.422 0.626 0.423 0.625 0.424 0.625 0.425 0.624 0.426 0.624 0.429 0.622 0.429 0.621 0.43 0.62 0.43 0.62 0.431 0.619 0.431 0.614 0.43 0.613 0.43 0.612 0.429 0.612 0.429 0.611 0.426 0.609 0.425 0.609 0.424 0.608 0.423 0.608 0.422 0.607
7 0.272 0.545 0.271 0.546 0.269 0.546 0.268 0.547 0.267 0.547 0.261 0.551 0.261 0.552 0.26 0.552 0.26 0.554 0.259 0.555 0.259 0.559 0.26 0.559 0.26 0.56 0.261 0.561 0.261 0.562 0.267 0.566 0.268 0.566 0.269 0.566 0.271 0.566 0.272 0.567 0.277 0.567 0.278 0.566 0.279 0.566 0.28 0.566 0.281 0.566 0.286 0.562 0.286 0.561 0.288 0.56 0.288 0.559 0.289 0.559 0.289 0.555 0.288 0.554 0.288 0.552 0.286 0.552 0.286 0.551 0.281 0.547 0.28 0.547 0.279 0.546 0.278 0.546 0.277 0.545
7 0.186 0.542 0.185 0.543 0.183 0.543 0.182 0.544 0.181 0.544 0.176 0.548 0.176 0.548 0.175 0.549 0.175 0.551 0.174 0.552 0.174 0.555 0.175 0.556 0.175 0.557 0.176 0.558 0.176 0.559 0.181 0.562 0.182 0.562 0.183 0.563 0.185 0.563 0.186 0.564 0.192 0.564 0.193 0.563 0.194 0.563 0.195 0.562 0.196 0.562 0.201 0.559 0.201 0.558 0.202 0.557 0.202 0.556 0.203 0.555 0.203 0.552 0.202 0.551 0.202 0.549 0.201 0.548 0.201 0.548 0.196 0.544 0.195 0.544 0.194 0.543 0.193 0.543 0.192 0.542
7 0.161 0.473 0.16 0.474 0.158 0.474 0.157 0.475 0.156 0.475 0.151 0.479 0.151 0.48 0.15 0.48 0.15 0.482 0.149 0.483 0.149 0.487 0.15 0.488 0.15 0.488 0.151 0.489 0.151 0.49 0.156 0.494 0.157 0.494 0.158 0.495 0.16 0.495 0.161 0.495 0.167 0.495 0.168 0.495 0.169 0.495 0.17 0.494 0.171 0.494 0.176 0.49 0.176 0.489 0.177 0.488 0.177 0.488 0.178 0.487 0.178 0.483 0.177 0.482 0.177 0.48 0.176 0.48 0.176 0.479 0.171 0.475 0.17 0.475 0.169 0.474 0.168 0.474 0.167 0.473
7 0.281 0.434 0.28 0.435 0.278 0.435 0.277 0.436 0.276 0.436 0.271 0.44 0.271 0.441 0.27 0.441 0.27 0.443 0.269 0.444 0.269 0.448 0.27 0.448 0.27 0.449 0.271 0.45 0.271 0.451 0.276 0.455 0.277 0.455 0.278 0.455 0.28 0.455 0.281 0.456 0.286 0.456 0.288 0.455 0.289 0.455 0.29 0.455 0.291 0.455 0.296 0.451 0.296 0.45 0.297 0.449 0.297 0.448 0.298 0.448 0.298 0.444 0.297 0.443 0.297 0.441 0.296 0.441 0.296 0.44 0.291 0.436 0.29 0.436 0.289 0.435 0.288 0.435 0.286 0.434
7 0.252 0.411 0.251 0.412 0.249 0.412 0.248 0.412 0.247 0.412 0.242 0.416 0.242 0.417 0.241 0.418 0.241 0.42 0.24 0.42 0.24 0.424 0.241 0.425 0.241 0.426 0.242 0.427 0.242 0.427 0.247 0.431 0.248 0.431 0.249 0.432 0.251 0.432 0.252 0.433 0.257 0.433 0.258 0.432 0.259 0.432 0.26 0.431 0.261 0.431 0.267 0.427 0.267 0.427 0.268 0.426 0.268 0.425 0.269 0.424 0.269 0.42 0.268 0.42 0.268 0.418 0.267 0.417 0.267 0.416 0.261 0.412 0.26 0.412 0.259 0.412 0.258 0.412 0.257 0.411
7 0.566 0.385 0.565 0.386 0.562 0.386 0.561 0.387 0.56 0.387 0.555 0.391 0.555 0.391 0.554 0.392 0.554 0.394 0.553 0.395 0.553 0.398 0.554 0.399 0.554 0.4 0.555 0.401 0.555 0.402 0.56 0.405 0.561 0.405 0.562 0.406 0.565 0.406 0.566 0.407 0.571 0.407 0.572 0.406 0.573 0.406 0.574 0.405 0.575 0.405 0.58 0.402 0.58 0.401 0.581 0.4 0.581 0.399 0.582 0.398 0.582 0.395 0.581 0.394 0.581 0.392 0.58 0.391 0.58 0.391 0.575 0.387 0.574 0.387 0.573 0.386 0.572 0.386 0.571 0.385
7 0.406 0.369 0.405 0.37 0.403 0.37 0.402 0.37 0.401 0.37 0.396 0.374 0.396 0.375 0.395 0.376 0.395 0.377 0.394 0.378 0.394 0.382 0.395 0.383 0.395 0.384 0.396 0.384 0.396 0.385 0.401 0.389 0.402 0.389 0.403 0.39 0.405 0.39 0.406 0.391 0.411 0.391 0.412 0.39 0.414 0.39 0.415 0.389 0.416 0.389 0.421 0.385 0.421 0.384 0.422 0.384 0.422 0.383 0.423 0.382 0.423 0.378 0.422 0.377 0.422 0.376 0.421 0.375 0.421 0.374 0.416 0.37 0.415 0.37 0.414 0.37 0.412 0.37 0.411 0.369
7 0.22 0.363 0.219 0.364 0.217 0.364 0.216 0.365 0.215 0.365 0.209 0.369 0.209 0.37 0.208 0.37 0.208 0.372 0.207 0.373 0.207 0.377 0.208 0.377 0.208 0.378 0.209 0.379 0.209 0.38 0.215 0.384 0.216 0.384 0.217 0.384 0.219 0.384 0.22 0.385 0.225 0.385 0.226 0.384 0.227 0.384 0.228 0.384 0.229 0.384 0.234 0.38 0.234 0.379 0.235 0.378 0.235 0.377 0.236 0.377 0.236 0.373 0.235 0.372 0.235 0.37 0.234 0.37 0.234 0.369 0.229 0.365 0.228 0.365 0.227 0.364 0.226 0.364 0.225 0.363
7 0.62 0.341 0.619 0.342 0.617 0.342 0.616 0.343 0.615 0.343 0.609 0.347 0.609 0.348 0.608 0.348 0.608 0.35 0.607 0.351 0.607 0.355 0.608 0.355 0.608 0.356 0.609 0.357 0.609 0.358 0.615 0.362 0.616 0.362 0.617 0.362 0.619 0.362 0.62 0.363 0.625 0.363 0.626 0.362 0.627 0.362 0.628 0.362 0.629 0.362 0.634 0.358 0.634 0.357 0.635 0.356 0.635 0.355 0.636 0.355 0.636 0.351 0.635 0.35 0.635 0.348 0.634 0.348 0.634 0.347 0.629 0.343 0.628 0.343 0.627 0.342 0.626 0.342 0.625 0.341
7 0.393 0.323 0.392 0.324 0.39 0.324 0.389 0.325 0.388 0.325 0.382 0.329 0.382 0.33 0.381 0.33 0.381 0.332 0.38 0.333 0.38 0.337 0.381 0.338 0.381 0.338 0.382 0.339 0.382 0.34 0.388 0.344 0.389 0.344 0.39 0.345 0.392 0.345 0.393 0.345 0.393 0.346 0.392 0.347 0.392 0.348 0.391 0.348 0.391 0.35 0.39 0.351 0.39 0.355 0.391 0.355 0.391 0.356 0.392 0.357 0.392 0.358 0.397 0.362 0.398 0.362 0.399 0.362 0.401 0.362 0.402 0.363 0.407 0.363 0.408 0.362 0.409 0.362 0.41 0.362 0.411 0.362 0.417 0.358 0.417 0.357 0.418 0.356 0.418 0.355 0.419 0.355 0.419 0.351 0.418 0.35 0.418 0.348 0.417 0.348 0.417 0.347 0.411 0.343 0.41 0.343 0.409 0.342 0.408 0.342 0.406 0.341 0.407 0.34 0.407 0.339 0.408 0.338 0.408 0.338 0.409 0.337 0.409 0.333 0.408 0.332 0.408 0.33 0.407 0.33 0.407 0.329 0.402 0.325 0.401 0.325 0.4 0.324 0.399 0.324 0.398 0.323
7 0.47 0.274 0.469 0.275 0.467 0.275 0.466 0.276 0.465 0.276 0.459 0.28 0.459 0.28 0.458 0.281 0.458 0.283 0.457 0.284 0.457 0.288 0.458 0.288 0.458 0.289 0.459 0.29 0.459 0.291 0.465 0.295 0.466 0.295 0.467 0.295 0.469 0.295 0.47 0.296 0.475 0.296 0.476 0.295 0.477 0.295 0.478 0.295 0.479 0.295 0.484 0.291 0.484 0.29 0.485 0.289 0.485 0.288 0.486 0.288 0.486 0.284 0.485 0.283 0.485 0.281 0.484 0.28 0.484 0.28 0.479 0.276 0.478 0.276 0.477 0.275 0.476 0.275 0.475 0.274
