7 0.522 0.68 0.521 0.681 0.519 0.681 0.518 0.682 0.517 0.682 0.516 0.683 0.515 0.683 0.51 0.686 0.51 0.687 0.509 0.688 0.509 0.688 0.508 0.689 0.508 0.691 0.507 0.691 0.507 0.698 0.508 0.698 0.508 0.7 0.509 0.701 0.509 0.702 0.511 0.703 0.511 0.704 0.515 0.706 0.516 0.706 0.517 0.707 0.518 0.707 0.519 0.708 0.521 0.708 0.522 0.709 0.53 0.709 0.531 0.708 0.533 0.708 0.534 0.707 0.535 0.707 0.538 0.705 0.539 0.705 0.541 0.704 0.541 0.703 0.543 0.702 0.543 0.701 0.544 0.7 0.544 0.698 0.545 0.698 0.545 0.691 0.544 0.691 0.544 0.689 0.543 0.688 0.543 0.688 0.542 0.687 0.542 0.686 0.539 0.684 0.538 0.684 0.535 0.682 0.534 0.682 0.533 0.681 0.531 0.681 0.53 0.68
7 0.549 0.663 0.548 0.664 0.546 0.664 0.545 0.665 0.544 0.665 0.541 0.667 0.541 0.668 0.54 0.669 0.54 0.67 0.539 0.671 0.539 0.676 0.54 0.677 0.54 0.677 0.541 0.678 0.541 0.68 0.544 0.682 0.545 0.682 0.546 0.683 0.548 0.683 0.549 0.684 0.555 0.684 0.556 0.683 0.557 0.683 0.558 0.682 0.56 0.682 0.564 0.68 0.564 0.678 0.565 0.677 0.565 0.677 0.566 0.676 0.566 0.671 0.565 0.67 0.565 0.669 0.564 0.668 0.564 0.667 0.56 0.665 0.558 0.665 0.557 0.664 0.556 0.664 0.555 0.663
7 0.208 0.656 0.207 0.657 0.205 0.657 0.204 0.658 0.203 0.658 0.202 0.659 0.201 0.659 0.197 0.662 0.197 0.662 0.196 0.663 0.196 0.664 0.195 0.665 0.195 0.666 0.194 0.667 0.194 0.673 0.195 0.674 0.195 0.676 0.196 0.677 0.196 0.677 0.198 0.679 0.198 0.68 0.201 0.682 0.202 0.682 0.203 0.683 0.204 0.683 0.205 0.684 0.207 0.684 0.208 0.684 0.217 0.684 0.218 0.684 0.22 0.684 0.221 0.683 0.222 0.683 0.224 0.681 0.225 0.681 0.227 0.68 0.227 0.679 0.229 0.677 0.229 0.677 0.23 0.676 0.23 0.674 0.231 0.673 0.231 0.667 0.23 0.666 0.23 0.665 0.229 0.664 0.229 0.663 0.228 0.662 0.228 0.662 0.225 0.659 0.224 0.659 0.222 0.658 0.221 0.658 0.22 0.657 0.218 0.657 0.217 0.656
7 0.778 0.655 0.777 0.655 0.775 0.655 0.774 0.656 0.773 0.656 0.772 0.657 0.771 0.657 0.767 0.66 0.767 0.661 0.766 0.662 0.766 0.662 0.765 0.663 0.765 0.665 0.764 0.666 0.764 0.672 0.765 0.673 0.765 0.674 0.766 0.675 0.766 0.676 0.768 0.677 0.768 0.678 0.771 0.68 0.772 0.68 0.773 0.681 0.774 0.681 0.775 0.682 0.777 0.682 0.778 0.683 0.786 0.683 0.788 0.682 0.79 0.682 0.791 0.681 0.792 0.681 0.794 0.68 0.795 0.68 0.797 0.678 0.797 0.677 0.799 0.676 0.799 0.675 0.8 0.674 0.8 0.673 0.801 0.672 0.801 0.666 0.8 0.665 0.8 0.663 0.799 0.662 0.799 0.662 0.798 0.661 0.798 0.66 0.795 0.658 0.794 0.658 0.792 0.656 0.791 0.656 0.79 0.655 0.788 0.655 0.786 0.655
7 0.64 0.632 0.639 0.633 0.636 0.633 0.635 0.634 0.634 0.634 0.633 0.634 0.632 0.634 0.628 0.638 0.628 0.638 0.627 0.639 0.627 0.64 0.626 0.641 0.626 0.642 0.625 0.643 0.625 0.649 0.626 0.65 0.626 0.652 0.627 0.652 0.627 0.653 0.629 0.655 0.629 0.655 0.632 0.658 0.633 0.658 0.634 0.659 0.635 0.659 0.636 0.659 0.639 0.659 0.64 0.66 0.648 0.66 0.649 0.659 0.651 0.659 0.652 0.659 0.653 0.659 0.655 0.657 0.656 0.657 0.658 0.655 0.658 0.655 0.66 0.653 0.66 0.652 0.661 0.652 0.661 0.65 0.662 0.649 0.662 0.643 0.661 0.642 0.661 0.641 0.66 0.64 0.66 0.639 0.659 0.638 0.659 0.638 0.656 0.635 0.655 0.635 0.653 0.634 0.652 0.634 0.651 0.633 0.649 0.633 0.648 0.632
7 0.564 0.63 0.562 0.63 0.561 0.63 0.557 0.634 0.557 0.634 0.556 0.635 0.556 0.64 0.557 0.641 0.557 0.641 0.561 0.645 0.562 0.645 0.564 0.645 0.57 0.645 0.572 0.644 0.573 0.644 0.576 0.641 0.576 0.641 0.577 0.64 0.577 0.635 0.576 0.634 0.576 0.634 0.573 0.631 0.572 0.631 0.57 0.63
7 0.511 0.623 0.51 0.623 0.508 0.623 0.507 0.624 0.506 0.624 0.503 0.627 0.503 0.627 0.502 0.628 0.502 0.63 0.501 0.63 0.501 0.635 0.502 0.636 0.502 0.637 0.503 0.638 0.503 0.639 0.506 0.641 0.507 0.641 0.508 0.642 0.51 0.642 0.511 0.643 0.518 0.643 0.519 0.642 0.52 0.642 0.521 0.641 0.523 0.641 0.526 0.639 0.526 0.638 0.527 0.637 0.527 0.636 0.528 0.635 0.528 0.63 0.527 0.63 0.527 0.628 0.526 0.627 0.526 0.627 0.523 0.624 0.521 0.624 0.52 0.623 0.519 0.623 0.518 0.623
7 0.581 0.612 0.58 0.613 0.579 0.613 0.575 0.616 0.575 0.617 0.574 0.618 0.574 0.623 0.575 0.623 0.575 0.624 0.579 0.627 0.58 0.627 0.581 0.628 0.588 0.628 0.59 0.627 0.591 0.627 0.594 0.624 0.594 0.623 0.595 0.623 0.595 0.618 0.594 0.617 0.594 0.616 0.591 0.614 0.59 0.614 0.588 0.612
7 0.614 0.608 0.612 0.609 0.611 0.609 0.607 0.612 0.607 0.612 0.606 0.613 0.606 0.618 0.607 0.619 0.607 0.62 0.611 0.623 0.612 0.623 0.614 0.623 0.62 0.623 0.622 0.622 0.623 0.622 0.626 0.62 0.626 0.619 0.627 0.618 0.627 0.613 0.626 0.612 0.626 0.612 0.623 0.609 0.622 0.609 0.62 0.608
7 0.441 0.607 0.44 0.608 0.438 0.608 0.436 0.609 0.435 0.609 0.432 0.611 0.432 0.612 0.431 0.612 0.431 0.614 0.43 0.615 0.43 0.62 0.431 0.62 0.431 0.621 0.432 0.622 0.432 0.623 0.435 0.626 0.436 0.626 0.438 0.627 0.44 0.627 0.441 0.627 0.447 0.627 0.448 0.627 0.449 0.627 0.45 0.626 0.452 0.626 0.455 0.623 0.455 0.622 0.456 0.621 0.456 0.62 0.457 0.62 0.457 0.615 0.456 0.614 0.456 0.612 0.455 0.612 0.455 0.611 0.452 0.609 0.45 0.609 0.449 0.608 0.448 0.608 0.447 0.607
7 0.495 0.602 0.494 0.602 0.492 0.602 0.489 0.605 0.489 0.606 0.488 0.607 0.488 0.609 0.489 0.609 0.489 0.611 0.492 0.613 0.494 0.613 0.495 0.614 0.497 0.614 0.498 0.613 0.5 0.613 0.503 0.611 0.503 0.609 0.504 0.609 0.504 0.607 0.503 0.606 0.503 0.605 0.5 0.602 0.498 0.602 0.497 0.602
7 0.58 0.594 0.579 0.595 0.577 0.595 0.574 0.597 0.574 0.598 0.573 0.599 0.573 0.601 0.574 0.602 0.574 0.603 0.577 0.605 0.579 0.605 0.58 0.606 0.582 0.606 0.583 0.605 0.585 0.605 0.589 0.603 0.589 0.602 0.59 0.601 0.59 0.599 0.589 0.598 0.589 0.597 0.585 0.595 0.583 0.595 0.582 0.594
7 0.679 0.591 0.678 0.592 0.676 0.592 0.675 0.593 0.674 0.593 0.673 0.594 0.672 0.594 0.668 0.597 0.668 0.598 0.667 0.598 0.667 0.599 0.666 0.6 0.666 0.602 0.665 0.602 0.665 0.609 0.666 0.609 0.666 0.611 0.667 0.612 0.667 0.612 0.669 0.614 0.669 0.615 0.672 0.617 0.673 0.617 0.674 0.618 0.675 0.618 0.676 0.619 0.678 0.619 0.679 0.62 0.688 0.62 0.689 0.619 0.691 0.619 0.692 0.618 0.693 0.618 0.695 0.616 0.696 0.616 0.698 0.615 0.698 0.614 0.7 0.612 0.7 0.612 0.701 0.611 0.701 0.609 0.702 0.609 0.702 0.602 0.701 0.602 0.701 0.6 0.7 0.599 0.7 0.598 0.699 0.598 0.699 0.597 0.696 0.595 0.695 0.595 0.693 0.593 0.692 0.593 0.691 0.592 0.689 0.592 0.688 0.591
7 0.551 0.591 0.55 0.591 0.548 0.591 0.545 0.594 0.545 0.595 0.544 0.596 0.544 0.598 0.545 0.598 0.545 0.6 0.548 0.602 0.55 0.602 0.551 0.603 0.553 0.603 0.554 0.602 0.556 0.602 0.559 0.6 0.559 0.598 0.56 0.598 0.56 0.596 0.559 0.595 0.559 0.594 0.556 0.591 0.554 0.591 0.553 0.591
7 0.459 0.589 0.458 0.59 0.456 0.59 0.453 0.592 0.453 0.594 0.452 0.595 0.452 0.596 0.453 0.597 0.453 0.598 0.456 0.601 0.458 0.601 0.46 0.602 0.459 0.603 0.459 0.605 0.46 0.605 0.46 0.607 0.464 0.609 0.466 0.609 0.467 0.61 0.469 0.61 0.47 0.609 0.472 0.609 0.475 0.607 0.475 0.605 0.476 0.605 0.476 0.604 0.477 0.603 0.478 0.603 0.481 0.601 0.481 0.599 0.482 0.598 0.482 0.597 0.481 0.596 0.481 0.595 0.478 0.592 0.476 0.592 0.475 0.591 0.473 0.591 0.472 0.592 0.47 0.592 0.469 0.593 0.465 0.59 0.462 0.59 0.461 0.589
7 0.508 0.584 0.507 0.584 0.506 0.584 0.503 0.587 0.503 0.588 0.502 0.588 0.502 0.591 0.503 0.591 0.503 0.592 0.505 0.594 0.507 0.594 0.508 0.595 0.51 0.595 0.511 0.594 0.514 0.594 0.516 0.592 0.516 0.591 0.517 0.591 0.517 0.588 0.516 0.588 0.516 0.586 0.514 0.584 0.511 0.584 0.51 0.584
7 0.574 0.58 0.573 0.581 0.571 0.581 0.568 0.584 0.568 0.585 0.567 0.586 0.567 0.588 0.568 0.588 0.568 0.59 0.571 0.592 0.573 0.592 0.574 0.593 0.576 0.593 0.577 0.592 0.579 0.592 0.582 0.59 0.582 0.588 0.583 0.588 0.583 0.586 0.582 0.585 0.582 0.584 0.579 0.581 0.577 0.581 0.576 0.58
7 0.542 0.577 0.541 0.578 0.54 0.578 0.536 0.58 0.536 0.581 0.535 0.582 0.535 0.584 0.536 0.585 0.536 0.586 0.539 0.588 0.541 0.588 0.542 0.588 0.544 0.588 0.545 0.588 0.547 0.588 0.549 0.586 0.549 0.585 0.55 0.584 0.55 0.582 0.549 0.581 0.549 0.58 0.547 0.578 0.545 0.578 0.544 0.577
7 0.491 0.577 0.49 0.577 0.489 0.577 0.485 0.58 0.485 0.58 0.484 0.581 0.484 0.584 0.485 0.584 0.485 0.585 0.488 0.587 0.49 0.587 0.491 0.588 0.493 0.588 0.494 0.587 0.496 0.587 0.498 0.585 0.498 0.584 0.499 0.584 0.499 0.581 0.498 0.58 0.498 0.579 0.496 0.577 0.494 0.577 0.493 0.577
7 0.411 0.573 0.41 0.573 0.408 0.573 0.405 0.576 0.405 0.577 0.404 0.578 0.404 0.58 0.405 0.58 0.405 0.581 0.404 0.582 0.402 0.582 0.401 0.583 0.399 0.583 0.398 0.584 0.397 0.584 0.394 0.581 0.392 0.581 0.391 0.58 0.39 0.58 0.389 0.58 0.382 0.58 0.381 0.58 0.379 0.58 0.378 0.581 0.377 0.581 0.374 0.584 0.374 0.584 0.373 0.585 0.373 0.587 0.372 0.588 0.372 0.592 0.373 0.593 0.373 0.594 0.374 0.595 0.374 0.596 0.377 0.598 0.378 0.598 0.379 0.599 0.381 0.599 0.382 0.6 0.389 0.6 0.39 0.599 0.391 0.599 0.392 0.598 0.394 0.598 0.397 0.596 0.397 0.595 0.398 0.594 0.401 0.594 0.402 0.595 0.404 0.595 0.405 0.594 0.407 0.594 0.41 0.591 0.41 0.59 0.411 0.589 0.411 0.588 0.41 0.587 0.41 0.586 0.411 0.585 0.416 0.588 0.418 0.588 0.419 0.589 0.421 0.589 0.422 0.588 0.424 0.588 0.427 0.586 0.427 0.585 0.428 0.584 0.429 0.585 0.431 0.585 0.432 0.586 0.434 0.586 0.435 0.585 0.438 0.585 0.441 0.583 0.441 0.581 0.442 0.58 0.442 0.579 0.441 0.578 0.441 0.577 0.438 0.574 0.435 0.574 0.434 0.573 0.432 0.573 0.431 0.574 0.429 0.574 0.426 0.577 0.426 0.577 0.425 0.578 0.424 0.577 0.422 0.577 0.417 0.573 0.415 0.573 0.414 0.573
7 0.589 0.562 0.588 0.563 0.585 0.563 0.582 0.566 0.582 0.567 0.581 0.568 0.581 0.57 0.582 0.57 0.582 0.572 0.585 0.574 0.588 0.574 0.589 0.575 0.591 0.575 0.592 0.574 0.594 0.574 0.597 0.572 0.597 0.57 0.598 0.57 0.598 0.568 0.597 0.567 0.597 0.566 0.594 0.563 0.592 0.563 0.591 0.562
7 0.525 0.559 0.524 0.559 0.523 0.559 0.52 0.562 0.52 0.562 0.519 0.563 0.519 0.566 0.52 0.566 0.52 0.567 0.522 0.569 0.524 0.569 0.525 0.57 0.527 0.57 0.528 0.569 0.53 0.569 0.532 0.567 0.532 0.566 0.533 0.566 0.533 0.563 0.532 0.562 0.532 0.561 0.53 0.559 0.528 0.559 0.527 0.559
7 0.495 0.559 0.494 0.559 0.493 0.559 0.49 0.562 0.49 0.562 0.489 0.563 0.489 0.566 0.49 0.566 0.49 0.567 0.492 0.569 0.494 0.569 0.495 0.57 0.497 0.57 0.498 0.569 0.5 0.569 0.502 0.567 0.502 0.566 0.503 0.566 0.503 0.563 0.502 0.562 0.502 0.561 0.5 0.559 0.498 0.559 0.497 0.559
7 0.404 0.556 0.403 0.557 0.401 0.557 0.398 0.559 0.398 0.561 0.397 0.562 0.397 0.563 0.398 0.564 0.398 0.566 0.401 0.568 0.403 0.568 0.404 0.569 0.406 0.569 0.407 0.568 0.409 0.568 0.412 0.566 0.412 0.564 0.414 0.563 0.414 0.562 0.412 0.561 0.412 0.559 0.409 0.557 0.407 0.557 0.406 0.556
7 0.579 0.547 0.578 0.548 0.576 0.548 0.573 0.55 0.573 0.552 0.572 0.552 0.572 0.554 0.573 0.555 0.573 0.556 0.576 0.559 0.578 0.559 0.579 0.559 0.581 0.559 0.582 0.559 0.584 0.559 0.588 0.556 0.588 0.555 0.589 0.554 0.589 0.552 0.588 0.552 0.588 0.55 0.584 0.548 0.582 0.548 0.581 0.547
7 0.451 0.545 0.45 0.546 0.448 0.546 0.445 0.548 0.445 0.55 0.444 0.551 0.444 0.552 0.445 0.553 0.445 0.555 0.448 0.557 0.45 0.557 0.451 0.558 0.453 0.558 0.454 0.557 0.456 0.557 0.459 0.555 0.459 0.553 0.46 0.552 0.46 0.551 0.459 0.55 0.459 0.548 0.456 0.546 0.454 0.546 0.453 0.545
7 0.317 0.538 0.316 0.538 0.314 0.538 0.312 0.539 0.311 0.539 0.31 0.54 0.309 0.54 0.305 0.543 0.305 0.544 0.304 0.545 0.304 0.545 0.303 0.546 0.303 0.548 0.302 0.548 0.302 0.555 0.303 0.555 0.303 0.557 0.304 0.558 0.304 0.559 0.306 0.56 0.306 0.561 0.309 0.563 0.31 0.563 0.311 0.564 0.312 0.564 0.314 0.565 0.316 0.565 0.317 0.566 0.325 0.566 0.326 0.565 0.328 0.565 0.329 0.564 0.33 0.564 0.332 0.562 0.333 0.562 0.335 0.561 0.335 0.56 0.338 0.559 0.338 0.558 0.339 0.557 0.339 0.555 0.34 0.555 0.34 0.548 0.339 0.548 0.339 0.546 0.338 0.545 0.338 0.545 0.336 0.544 0.336 0.543 0.333 0.541 0.332 0.541 0.33 0.539 0.329 0.539 0.328 0.538 0.326 0.538 0.325 0.538
7 0.726 0.537 0.725 0.538 0.723 0.538 0.722 0.538 0.721 0.538 0.72 0.539 0.719 0.539 0.715 0.542 0.715 0.543 0.714 0.544 0.714 0.545 0.712 0.545 0.712 0.547 0.711 0.548 0.711 0.554 0.712 0.555 0.712 0.556 0.714 0.557 0.714 0.558 0.716 0.559 0.716 0.56 0.719 0.562 0.72 0.562 0.721 0.563 0.722 0.563 0.723 0.564 0.725 0.564 0.726 0.565 0.734 0.565 0.735 0.564 0.738 0.564 0.739 0.563 0.74 0.563 0.742 0.562 0.743 0.562 0.745 0.56 0.745 0.559 0.747 0.558 0.747 0.557 0.748 0.556 0.748 0.555 0.749 0.554 0.749 0.548 0.748 0.547 0.748 0.545 0.747 0.545 0.747 0.544 0.746 0.543 0.746 0.542 0.743 0.54 0.742 0.54 0.74 0.538 0.739 0.538 0.738 0.538 0.735 0.538 0.734 0.537
7 0.622 0.537 0.621 0.538 0.619 0.538 0.616 0.54 0.616 0.541 0.615 0.542 0.615 0.544 0.616 0.545 0.616 0.545 0.614 0.547 0.611 0.547 0.608 0.549 0.608 0.551 0.607 0.552 0.607 0.553 0.608 0.554 0.608 0.555 0.611 0.558 0.614 0.558 0.615 0.559 0.617 0.559 0.618 0.558 0.62 0.558 0.623 0.555 0.623 0.554 0.624 0.553 0.624 0.552 0.623 0.551 0.623 0.55 0.625 0.548 0.627 0.548 0.63 0.546 0.63 0.545 0.631 0.544 0.631 0.542 0.63 0.541 0.63 0.54 0.627 0.538 0.625 0.538 0.624 0.537
7 0.514 0.534 0.512 0.534 0.511 0.534 0.508 0.537 0.508 0.538 0.507 0.538 0.507 0.541 0.508 0.541 0.508 0.542 0.51 0.544 0.512 0.544 0.514 0.545 0.512 0.545 0.511 0.545 0.508 0.548 0.508 0.548 0.507 0.549 0.507 0.552 0.508 0.552 0.508 0.553 0.51 0.555 0.512 0.555 0.514 0.555 0.516 0.555 0.517 0.555 0.519 0.555 0.521 0.553 0.521 0.552 0.522 0.552 0.523 0.552 0.525 0.552 0.526 0.552 0.528 0.552 0.53 0.55 0.53 0.549 0.531 0.548 0.531 0.546 0.53 0.545 0.53 0.544 0.528 0.542 0.526 0.542 0.525 0.541 0.523 0.541 0.522 0.541 0.522 0.538 0.521 0.538 0.521 0.536 0.519 0.534 0.517 0.534 0.516 0.534
7 0.479 0.534 0.478 0.534 0.477 0.534 0.475 0.536 0.472 0.536 0.471 0.535 0.469 0.535 0.468 0.536 0.466 0.536 0.462 0.538 0.462 0.54 0.461 0.541 0.461 0.542 0.462 0.543 0.462 0.545 0.466 0.547 0.468 0.547 0.469 0.548 0.471 0.548 0.472 0.547 0.474 0.547 0.478 0.544 0.479 0.545 0.481 0.545 0.482 0.544 0.484 0.544 0.486 0.542 0.486 0.541 0.488 0.541 0.488 0.538 0.486 0.538 0.486 0.536 0.484 0.534 0.482 0.534 0.481 0.534
7 0.373 0.533 0.372 0.534 0.37 0.534 0.367 0.536 0.367 0.538 0.366 0.538 0.366 0.54 0.367 0.541 0.367 0.542 0.37 0.545 0.372 0.545 0.373 0.545 0.375 0.545 0.376 0.545 0.378 0.545 0.381 0.542 0.381 0.541 0.382 0.54 0.382 0.538 0.381 0.538 0.381 0.536 0.378 0.534 0.376 0.534 0.375 0.533
7 0.601 0.531 0.6 0.532 0.599 0.532 0.596 0.534 0.596 0.535 0.595 0.536 0.595 0.538 0.596 0.539 0.596 0.54 0.598 0.541 0.6 0.541 0.601 0.542 0.603 0.542 0.604 0.541 0.606 0.541 0.608 0.54 0.608 0.539 0.609 0.538 0.609 0.536 0.608 0.535 0.608 0.534 0.606 0.532 0.604 0.532 0.603 0.531
7 0.567 0.524 0.566 0.525 0.565 0.525 0.561 0.527 0.561 0.528 0.56 0.529 0.558 0.527 0.556 0.527 0.555 0.527 0.553 0.527 0.552 0.527 0.551 0.527 0.548 0.53 0.548 0.53 0.547 0.531 0.547 0.534 0.548 0.534 0.547 0.535 0.546 0.535 0.545 0.534 0.543 0.534 0.542 0.535 0.541 0.535 0.538 0.538 0.538 0.538 0.536 0.539 0.536 0.541 0.538 0.542 0.538 0.543 0.54 0.545 0.542 0.545 0.543 0.545 0.545 0.545 0.546 0.545 0.548 0.545 0.55 0.543 0.55 0.542 0.551 0.541 0.551 0.539 0.55 0.538 0.55 0.538 0.551 0.537 0.552 0.537 0.553 0.538 0.555 0.538 0.556 0.537 0.558 0.537 0.56 0.535 0.56 0.534 0.561 0.534 0.562 0.534 0.564 0.534 0.566 0.534 0.567 0.535 0.569 0.535 0.57 0.534 0.572 0.534 0.574 0.533 0.574 0.532 0.575 0.531 0.575 0.529 0.574 0.528 0.574 0.527 0.572 0.525 0.57 0.525 0.569 0.524
7 0.491 0.522 0.49 0.523 0.489 0.523 0.485 0.525 0.485 0.526 0.484 0.527 0.484 0.529 0.485 0.53 0.485 0.53 0.488 0.532 0.49 0.532 0.491 0.533 0.493 0.533 0.494 0.532 0.496 0.532 0.498 0.53 0.498 0.53 0.499 0.529 0.499 0.527 0.498 0.526 0.498 0.524 0.496 0.523 0.494 0.523 0.493 0.522
7 0.393 0.519 0.392 0.52 0.39 0.52 0.386 0.522 0.386 0.523 0.385 0.524 0.385 0.526 0.386 0.527 0.386 0.528 0.39 0.53 0.392 0.53 0.393 0.531 0.395 0.531 0.396 0.53 0.398 0.53 0.401 0.528 0.401 0.527 0.402 0.526 0.402 0.524 0.401 0.523 0.401 0.522 0.398 0.52 0.396 0.52 0.395 0.519
7 0.642 0.517 0.641 0.518 0.639 0.518 0.635 0.52 0.635 0.522 0.634 0.523 0.634 0.524 0.635 0.525 0.635 0.527 0.639 0.529 0.641 0.529 0.642 0.53 0.644 0.53 0.645 0.529 0.647 0.529 0.65 0.527 0.65 0.525 0.651 0.524 0.651 0.523 0.65 0.522 0.65 0.52 0.647 0.518 0.645 0.518 0.644 0.517
7 0.523 0.517 0.522 0.518 0.521 0.518 0.518 0.52 0.518 0.521 0.517 0.522 0.517 0.524 0.518 0.525 0.518 0.526 0.52 0.527 0.522 0.527 0.523 0.528 0.525 0.528 0.526 0.527 0.528 0.527 0.529 0.527 0.53 0.527 0.532 0.527 0.533 0.528 0.535 0.528 0.536 0.527 0.539 0.527 0.541 0.526 0.541 0.525 0.542 0.524 0.542 0.522 0.541 0.521 0.541 0.52 0.539 0.518 0.536 0.518 0.535 0.517 0.533 0.517 0.532 0.518 0.531 0.518 0.53 0.519 0.529 0.519 0.528 0.518 0.526 0.518 0.525 0.517
7 0.472 0.517 0.471 0.518 0.47 0.518 0.467 0.52 0.467 0.521 0.466 0.522 0.466 0.524 0.467 0.525 0.467 0.526 0.469 0.527 0.471 0.527 0.472 0.528 0.474 0.528 0.475 0.527 0.477 0.527 0.479 0.526 0.479 0.525 0.48 0.524 0.48 0.522 0.479 0.521 0.479 0.52 0.477 0.518 0.475 0.518 0.474 0.517
7 0.593 0.514 0.592 0.515 0.591 0.515 0.588 0.517 0.588 0.518 0.586 0.519 0.586 0.521 0.588 0.522 0.588 0.523 0.59 0.524 0.592 0.524 0.593 0.525 0.595 0.525 0.596 0.524 0.598 0.524 0.6 0.523 0.6 0.522 0.601 0.521 0.601 0.519 0.6 0.518 0.6 0.516 0.598 0.515 0.596 0.515 0.595 0.514
7 0.433 0.51 0.432 0.511 0.431 0.511 0.428 0.513 0.428 0.514 0.427 0.515 0.424 0.515 0.423 0.516 0.422 0.516 0.419 0.518 0.419 0.519 0.418 0.52 0.418 0.522 0.419 0.523 0.419 0.523 0.421 0.525 0.423 0.525 0.424 0.526 0.426 0.526 0.427 0.525 0.429 0.525 0.431 0.523 0.431 0.523 0.433 0.521 0.435 0.521 0.436 0.52 0.439 0.52 0.441 0.519 0.441 0.518 0.442 0.517 0.442 0.515 0.441 0.514 0.441 0.512 0.439 0.511 0.436 0.511 0.435 0.51
7 0.573 0.507 0.572 0.508 0.571 0.508 0.568 0.51 0.568 0.511 0.567 0.512 0.567 0.514 0.568 0.515 0.568 0.516 0.57 0.517 0.572 0.517 0.573 0.518 0.575 0.518 0.576 0.517 0.578 0.517 0.58 0.516 0.58 0.515 0.581 0.514 0.581 0.512 0.58 0.511 0.58 0.509 0.578 0.508 0.576 0.508 0.575 0.507
7 0.489 0.507 0.488 0.508 0.486 0.508 0.483 0.51 0.483 0.511 0.482 0.512 0.482 0.514 0.483 0.515 0.483 0.516 0.485 0.517 0.488 0.517 0.489 0.518 0.491 0.518 0.492 0.517 0.494 0.517 0.496 0.516 0.496 0.515 0.497 0.514 0.497 0.512 0.496 0.511 0.496 0.509 0.494 0.508 0.492 0.508 0.491 0.507
7 0.636 0.504 0.635 0.505 0.633 0.505 0.63 0.507 0.63 0.509 0.629 0.509 0.629 0.511 0.63 0.512 0.63 0.513 0.633 0.516 0.635 0.516 0.636 0.516 0.639 0.516 0.64 0.516 0.642 0.516 0.645 0.513 0.645 0.512 0.646 0.511 0.646 0.509 0.645 0.509 0.645 0.507 0.642 0.505 0.64 0.505 0.639 0.504
7 0.616 0.504 0.615 0.505 0.614 0.505 0.61 0.507 0.61 0.508 0.609 0.509 0.609 0.511 0.61 0.512 0.61 0.512 0.612 0.514 0.611 0.515 0.61 0.515 0.607 0.517 0.607 0.518 0.606 0.519 0.606 0.521 0.607 0.522 0.607 0.523 0.609 0.524 0.611 0.524 0.612 0.525 0.615 0.525 0.616 0.524 0.618 0.524 0.62 0.523 0.62 0.522 0.621 0.521 0.621 0.519 0.62 0.518 0.62 0.516 0.618 0.515 0.619 0.514 0.621 0.514 0.623 0.512 0.623 0.512 0.624 0.511 0.624 0.509 0.623 0.508 0.623 0.506 0.621 0.505 0.619 0.505 0.618 0.504
7 0.471 0.504 0.47 0.505 0.469 0.505 0.466 0.507 0.466 0.508 0.465 0.509 0.465 0.511 0.466 0.512 0.466 0.512 0.468 0.514 0.47 0.514 0.471 0.515 0.473 0.515 0.474 0.514 0.476 0.514 0.478 0.512 0.478 0.512 0.479 0.511 0.479 0.509 0.478 0.508 0.478 0.506 0.476 0.505 0.474 0.505 0.473 0.504
7 0.448 0.498 0.447 0.499 0.446 0.499 0.443 0.502 0.443 0.502 0.442 0.503 0.442 0.505 0.443 0.506 0.443 0.507 0.445 0.509 0.447 0.509 0.448 0.509 0.45 0.509 0.451 0.509 0.453 0.509 0.455 0.507 0.455 0.506 0.456 0.505 0.456 0.503 0.455 0.502 0.455 0.501 0.453 0.499 0.451 0.499 0.45 0.498
7 0.418 0.498 0.417 0.498 0.415 0.498 0.411 0.501 0.411 0.502 0.41 0.503 0.41 0.505 0.411 0.505 0.411 0.507 0.415 0.509 0.417 0.509 0.418 0.51 0.42 0.51 0.421 0.509 0.423 0.509 0.426 0.507 0.426 0.505 0.427 0.505 0.427 0.503 0.426 0.502 0.426 0.501 0.423 0.498 0.421 0.498 0.42 0.498
7 0.469 0.49 0.468 0.491 0.467 0.491 0.464 0.493 0.464 0.494 0.462 0.495 0.462 0.497 0.464 0.498 0.464 0.498 0.466 0.5 0.468 0.5 0.469 0.501 0.471 0.501 0.472 0.5 0.474 0.5 0.476 0.498 0.476 0.498 0.477 0.497 0.477 0.495 0.476 0.494 0.476 0.492 0.474 0.491 0.472 0.491 0.471 0.49
7 0.632 0.485 0.631 0.486 0.629 0.486 0.626 0.488 0.625 0.488 0.624 0.488 0.622 0.488 0.621 0.487 0.619 0.487 0.618 0.488 0.616 0.488 0.615 0.488 0.614 0.488 0.611 0.488 0.61 0.487 0.608 0.487 0.607 0.488 0.605 0.488 0.602 0.49 0.602 0.491 0.601 0.492 0.599 0.492 0.598 0.493 0.596 0.493 0.593 0.495 0.593 0.497 0.592 0.498 0.592 0.499 0.593 0.5 0.593 0.502 0.596 0.504 0.598 0.504 0.599 0.505 0.601 0.505 0.602 0.504 0.604 0.504 0.607 0.502 0.607 0.5 0.608 0.499 0.61 0.499 0.611 0.498 0.614 0.498 0.615 0.498 0.616 0.498 0.618 0.498 0.619 0.499 0.621 0.499 0.622 0.498 0.624 0.498 0.627 0.496 0.628 0.496 0.629 0.497 0.631 0.497 0.632 0.498 0.634 0.498 0.635 0.497 0.638 0.497 0.641 0.495 0.641 0.493 0.642 0.492 0.642 0.491 0.641 0.49 0.641 0.488 0.638 0.486 0.635 0.486 0.634 0.485
7 0.539 0.485 0.538 0.486 0.536 0.486 0.533 0.488 0.533 0.489 0.528 0.493 0.528 0.494 0.526 0.495 0.525 0.495 0.523 0.495 0.522 0.495 0.521 0.495 0.518 0.498 0.518 0.498 0.517 0.499 0.517 0.502 0.518 0.502 0.518 0.503 0.52 0.505 0.522 0.505 0.523 0.505 0.525 0.505 0.526 0.505 0.528 0.505 0.53 0.503 0.53 0.502 0.531 0.502 0.531 0.501 0.532 0.5 0.533 0.501 0.535 0.501 0.536 0.5 0.539 0.5 0.541 0.498 0.541 0.498 0.542 0.497 0.542 0.496 0.543 0.495 0.544 0.495 0.546 0.494 0.546 0.493 0.547 0.492 0.549 0.494 0.549 0.495 0.551 0.496 0.553 0.496 0.554 0.497 0.556 0.497 0.557 0.496 0.559 0.496 0.561 0.495 0.561 0.494 0.562 0.493 0.562 0.491 0.561 0.49 0.561 0.488 0.559 0.487 0.557 0.487 0.556 0.486 0.554 0.486 0.553 0.487 0.552 0.487 0.549 0.489 0.549 0.49 0.548 0.491 0.546 0.489 0.546 0.488 0.544 0.486 0.542 0.486 0.541 0.485
7 0.675 0.483 0.674 0.484 0.672 0.484 0.671 0.484 0.67 0.484 0.667 0.487 0.667 0.488 0.666 0.488 0.666 0.49 0.665 0.491 0.665 0.495 0.666 0.496 0.666 0.497 0.667 0.498 0.667 0.499 0.67 0.502 0.671 0.502 0.672 0.502 0.674 0.502 0.675 0.503 0.681 0.503 0.682 0.502 0.683 0.502 0.684 0.502 0.686 0.502 0.69 0.499 0.69 0.498 0.691 0.497 0.691 0.496 0.692 0.495 0.692 0.491 0.691 0.49 0.691 0.488 0.69 0.488 0.69 0.487 0.686 0.484 0.684 0.484 0.683 0.484 0.682 0.484 0.681 0.483
7 0.433 0.473 0.432 0.474 0.43 0.474 0.427 0.477 0.427 0.478 0.426 0.479 0.426 0.48 0.427 0.481 0.427 0.483 0.43 0.485 0.432 0.485 0.433 0.486 0.435 0.486 0.436 0.485 0.439 0.485 0.441 0.484 0.442 0.484 0.442 0.486 0.443 0.487 0.443 0.488 0.445 0.489 0.447 0.489 0.448 0.49 0.45 0.49 0.451 0.489 0.453 0.489 0.455 0.488 0.455 0.487 0.456 0.486 0.456 0.484 0.455 0.483 0.455 0.481 0.453 0.48 0.451 0.48 0.45 0.479 0.448 0.479 0.447 0.48 0.446 0.48 0.444 0.481 0.443 0.48 0.443 0.479 0.442 0.478 0.442 0.477 0.439 0.474 0.436 0.474 0.435 0.473
7 0.473 0.472 0.472 0.473 0.471 0.473 0.468 0.475 0.468 0.476 0.467 0.477 0.467 0.479 0.468 0.48 0.468 0.48 0.471 0.483 0.471 0.484 0.472 0.485 0.472 0.486 0.474 0.488 0.476 0.488 0.477 0.488 0.479 0.488 0.48 0.488 0.482 0.488 0.484 0.486 0.484 0.485 0.485 0.484 0.485 0.482 0.484 0.481 0.484 0.48 0.481 0.477 0.481 0.477 0.48 0.476 0.48 0.474 0.478 0.473 0.476 0.473 0.475 0.472
7 0.508 0.469 0.507 0.47 0.506 0.47 0.503 0.472 0.503 0.473 0.502 0.473 0.502 0.475 0.501 0.476 0.5 0.476 0.497 0.478 0.497 0.479 0.496 0.48 0.496 0.482 0.497 0.483 0.497 0.484 0.499 0.485 0.501 0.485 0.502 0.486 0.504 0.486 0.505 0.485 0.507 0.485 0.509 0.484 0.509 0.483 0.51 0.482 0.51 0.48 0.511 0.479 0.514 0.479 0.516 0.477 0.516 0.477 0.517 0.476 0.517 0.473 0.516 0.473 0.516 0.471 0.514 0.47 0.511 0.47 0.51 0.469
7 0.421 0.461 0.42 0.462 0.418 0.462 0.415 0.464 0.415 0.466 0.414 0.466 0.414 0.468 0.415 0.469 0.415 0.47 0.418 0.473 0.42 0.473 0.421 0.473 0.423 0.473 0.424 0.473 0.426 0.473 0.429 0.47 0.429 0.469 0.43 0.468 0.43 0.466 0.429 0.466 0.429 0.464 0.426 0.462 0.424 0.462 0.423 0.461
7 0.445 0.454 0.444 0.455 0.443 0.455 0.44 0.457 0.44 0.458 0.439 0.459 0.439 0.461 0.44 0.462 0.44 0.462 0.442 0.464 0.444 0.464 0.445 0.465 0.447 0.465 0.448 0.464 0.45 0.464 0.452 0.462 0.452 0.462 0.453 0.461 0.453 0.459 0.452 0.458 0.452 0.456 0.45 0.455 0.448 0.455 0.447 0.454
7 0.391 0.454 0.39 0.455 0.388 0.455 0.384 0.457 0.384 0.459 0.383 0.459 0.383 0.461 0.384 0.462 0.384 0.463 0.388 0.466 0.39 0.466 0.391 0.466 0.393 0.466 0.394 0.466 0.395 0.466 0.396 0.466 0.395 0.467 0.395 0.469 0.396 0.47 0.396 0.471 0.399 0.473 0.401 0.473 0.402 0.474 0.404 0.474 0.405 0.473 0.407 0.473 0.41 0.471 0.41 0.47 0.411 0.469 0.411 0.467 0.41 0.466 0.41 0.465 0.407 0.462 0.405 0.462 0.404 0.462 0.402 0.462 0.401 0.462 0.4 0.462 0.399 0.462 0.4 0.461 0.4 0.459 0.399 0.459 0.399 0.457 0.396 0.455 0.394 0.455 0.393 0.454
7 0.543 0.453 0.542 0.454 0.54 0.454 0.536 0.456 0.536 0.458 0.535 0.459 0.535 0.46 0.536 0.461 0.536 0.462 0.54 0.465 0.542 0.465 0.543 0.466 0.545 0.466 0.546 0.465 0.548 0.465 0.551 0.462 0.551 0.461 0.552 0.46 0.552 0.459 0.551 0.458 0.551 0.456 0.548 0.454 0.546 0.454 0.545 0.453
7 0.48 0.448 0.479 0.448 0.477 0.448 0.475 0.45 0.475 0.451 0.474 0.452 0.474 0.453 0.475 0.454 0.475 0.455 0.477 0.456 0.479 0.456 0.48 0.457 0.483 0.457 0.484 0.456 0.485 0.456 0.488 0.455 0.488 0.454 0.489 0.453 0.489 0.452 0.488 0.451 0.488 0.45 0.485 0.448 0.484 0.448 0.483 0.448
7 0.355 0.441 0.354 0.441 0.352 0.441 0.351 0.442 0.35 0.442 0.347 0.445 0.347 0.445 0.346 0.446 0.346 0.448 0.345 0.448 0.345 0.453 0.346 0.454 0.346 0.455 0.347 0.455 0.347 0.457 0.35 0.459 0.351 0.459 0.352 0.46 0.354 0.46 0.355 0.461 0.361 0.461 0.362 0.46 0.364 0.46 0.365 0.459 0.367 0.459 0.37 0.457 0.37 0.455 0.371 0.455 0.371 0.454 0.372 0.453 0.372 0.448 0.371 0.448 0.371 0.446 0.37 0.445 0.37 0.445 0.367 0.442 0.365 0.442 0.364 0.441 0.362 0.441 0.361 0.441
7 0.541 0.431 0.54 0.432 0.538 0.432 0.534 0.434 0.534 0.436 0.533 0.437 0.532 0.437 0.531 0.436 0.531 0.434 0.529 0.433 0.527 0.433 0.526 0.432 0.524 0.432 0.523 0.433 0.522 0.433 0.519 0.435 0.519 0.436 0.518 0.437 0.518 0.439 0.519 0.44 0.519 0.441 0.521 0.442 0.523 0.442 0.524 0.443 0.526 0.443 0.527 0.442 0.529 0.442 0.531 0.441 0.531 0.44 0.533 0.438 0.534 0.439 0.534 0.441 0.538 0.443 0.54 0.443 0.541 0.444 0.543 0.444 0.544 0.443 0.546 0.443 0.549 0.441 0.549 0.439 0.55 0.438 0.55 0.437 0.549 0.436 0.549 0.434 0.546 0.432 0.544 0.432 0.543 0.431
7 0.488 0.431 0.486 0.432 0.485 0.432 0.482 0.434 0.482 0.435 0.481 0.436 0.481 0.438 0.482 0.439 0.482 0.44 0.484 0.441 0.486 0.441 0.488 0.442 0.49 0.442 0.491 0.441 0.492 0.441 0.493 0.442 0.492 0.443 0.492 0.444 0.491 0.445 0.491 0.447 0.492 0.448 0.492 0.448 0.494 0.45 0.496 0.45 0.497 0.451 0.499 0.451 0.5 0.452 0.5 0.452 0.498 0.454 0.497 0.453 0.495 0.453 0.494 0.454 0.493 0.454 0.49 0.456 0.49 0.457 0.489 0.458 0.489 0.46 0.49 0.461 0.49 0.462 0.492 0.463 0.494 0.463 0.495 0.464 0.497 0.464 0.498 0.463 0.5 0.463 0.502 0.462 0.502 0.461 0.503 0.46 0.503 0.459 0.504 0.459 0.505 0.459 0.507 0.459 0.508 0.459 0.51 0.459 0.512 0.457 0.512 0.456 0.514 0.455 0.514 0.453 0.512 0.452 0.512 0.451 0.51 0.449 0.508 0.449 0.507 0.448 0.505 0.448 0.504 0.448 0.505 0.447 0.505 0.445 0.504 0.444 0.504 0.442 0.502 0.441 0.5 0.441 0.499 0.44 0.497 0.44 0.496 0.441 0.495 0.44 0.495 0.439 0.496 0.438 0.496 0.436 0.495 0.435 0.495 0.434 0.493 0.432 0.491 0.432 0.49 0.431
7 0.592 0.427 0.591 0.427 0.59 0.427 0.585 0.43 0.585 0.431 0.584 0.432 0.584 0.435 0.583 0.436 0.581 0.436 0.58 0.437 0.579 0.437 0.576 0.439 0.576 0.44 0.575 0.441 0.575 0.443 0.576 0.444 0.576 0.445 0.578 0.446 0.58 0.446 0.582 0.448 0.581 0.448 0.581 0.45 0.58 0.451 0.58 0.452 0.581 0.453 0.581 0.455 0.584 0.457 0.586 0.457 0.588 0.458 0.59 0.458 0.591 0.457 0.593 0.457 0.596 0.455 0.596 0.453 0.597 0.452 0.597 0.451 0.596 0.45 0.596 0.448 0.593 0.446 0.591 0.446 0.589 0.445 0.589 0.444 0.59 0.443 0.59 0.442 0.591 0.441 0.592 0.442 0.598 0.442 0.6 0.441 0.601 0.441 0.604 0.438 0.604 0.438 0.605 0.437 0.605 0.432 0.604 0.431 0.604 0.43 0.601 0.428 0.6 0.428 0.598 0.427
7 0.444 0.426 0.443 0.427 0.442 0.427 0.439 0.429 0.439 0.43 0.438 0.43 0.438 0.433 0.439 0.434 0.439 0.434 0.441 0.436 0.443 0.436 0.444 0.437 0.446 0.437 0.447 0.436 0.449 0.436 0.451 0.434 0.451 0.434 0.452 0.433 0.452 0.43 0.451 0.43 0.451 0.428 0.449 0.427 0.447 0.427 0.446 0.426
7 0.468 0.42 0.467 0.421 0.465 0.421 0.461 0.423 0.461 0.425 0.46 0.426 0.46 0.427 0.461 0.428 0.461 0.43 0.465 0.432 0.467 0.432 0.468 0.433 0.47 0.433 0.471 0.432 0.473 0.432 0.476 0.43 0.476 0.428 0.477 0.427 0.477 0.426 0.476 0.425 0.476 0.423 0.473 0.421 0.471 0.421 0.47 0.42
7 0.42 0.416 0.419 0.417 0.417 0.417 0.414 0.42 0.414 0.421 0.412 0.422 0.412 0.423 0.414 0.424 0.414 0.426 0.417 0.428 0.419 0.428 0.42 0.429 0.42 0.43 0.421 0.43 0.421 0.431 0.423 0.433 0.425 0.433 0.426 0.434 0.428 0.434 0.429 0.433 0.431 0.433 0.433 0.431 0.433 0.43 0.434 0.43 0.434 0.427 0.433 0.427 0.433 0.425 0.431 0.423 0.43 0.423 0.429 0.423 0.429 0.422 0.428 0.421 0.428 0.42 0.425 0.417 0.423 0.417 0.422 0.416
7 0.329 0.416 0.328 0.416 0.326 0.416 0.325 0.417 0.324 0.417 0.323 0.418 0.322 0.418 0.318 0.421 0.318 0.422 0.317 0.423 0.317 0.423 0.316 0.424 0.316 0.426 0.315 0.427 0.315 0.433 0.316 0.434 0.316 0.435 0.317 0.436 0.317 0.437 0.319 0.438 0.319 0.439 0.322 0.441 0.323 0.441 0.324 0.442 0.325 0.442 0.326 0.443 0.328 0.443 0.329 0.444 0.338 0.444 0.339 0.443 0.341 0.443 0.342 0.442 0.343 0.442 0.345 0.441 0.346 0.441 0.348 0.439 0.348 0.438 0.35 0.437 0.35 0.436 0.351 0.435 0.351 0.434 0.352 0.433 0.352 0.427 0.351 0.426 0.351 0.424 0.35 0.423 0.35 0.423 0.349 0.422 0.349 0.421 0.346 0.419 0.345 0.419 0.343 0.417 0.342 0.417 0.341 0.416 0.339 0.416 0.338 0.416
7 0.747 0.402 0.746 0.403 0.744 0.403 0.743 0.404 0.742 0.404 0.74 0.405 0.739 0.405 0.739 0.406 0.736 0.408 0.736 0.409 0.735 0.409 0.732 0.407 0.73 0.407 0.729 0.406 0.728 0.406 0.727 0.405 0.721 0.405 0.72 0.406 0.718 0.406 0.717 0.407 0.716 0.407 0.712 0.409 0.712 0.41 0.711 0.411 0.711 0.412 0.71 0.413 0.71 0.418 0.711 0.419 0.711 0.42 0.712 0.42 0.712 0.422 0.716 0.424 0.717 0.424 0.718 0.425 0.72 0.425 0.721 0.426 0.727 0.426 0.728 0.425 0.729 0.425 0.73 0.424 0.732 0.424 0.735 0.422 0.735 0.421 0.736 0.42 0.738 0.421 0.738 0.422 0.739 0.423 0.74 0.423 0.742 0.424 0.743 0.424 0.744 0.425 0.746 0.425 0.747 0.426 0.754 0.426 0.755 0.425 0.756 0.425 0.757 0.424 0.758 0.424 0.759 0.423 0.76 0.423 0.762 0.422 0.762 0.421 0.764 0.42 0.764 0.42 0.765 0.419 0.765 0.418 0.766 0.417 0.766 0.412 0.765 0.411 0.765 0.409 0.764 0.409 0.764 0.408 0.761 0.406 0.761 0.405 0.76 0.405 0.759 0.405 0.758 0.404 0.757 0.404 0.756 0.403 0.755 0.403 0.754 0.402
7 0.52 0.402 0.519 0.403 0.517 0.403 0.514 0.405 0.514 0.407 0.512 0.408 0.512 0.409 0.514 0.41 0.514 0.412 0.517 0.414 0.519 0.414 0.52 0.415 0.52 0.416 0.519 0.416 0.518 0.416 0.515 0.419 0.515 0.42 0.514 0.42 0.514 0.423 0.515 0.423 0.515 0.424 0.517 0.426 0.519 0.426 0.52 0.427 0.522 0.427 0.523 0.426 0.528 0.426 0.529 0.427 0.531 0.427 0.532 0.426 0.535 0.426 0.536 0.427 0.536 0.427 0.539 0.429 0.541 0.429 0.542 0.43 0.544 0.43 0.545 0.429 0.547 0.429 0.549 0.427 0.549 0.427 0.55 0.426 0.55 0.423 0.549 0.423 0.549 0.421 0.547 0.42 0.545 0.42 0.544 0.419 0.542 0.419 0.541 0.42 0.54 0.42 0.539 0.42 0.538 0.42 0.536 0.42 0.536 0.418 0.534 0.416 0.532 0.416 0.531 0.416 0.529 0.416 0.528 0.416 0.527 0.416 0.526 0.417 0.525 0.416 0.523 0.416 0.522 0.416 0.522 0.415 0.523 0.414 0.525 0.414 0.528 0.412 0.528 0.41 0.529 0.409 0.529 0.408 0.528 0.407 0.528 0.405 0.525 0.403 0.523 0.403 0.522 0.402
7 0.429 0.402 0.428 0.402 0.427 0.402 0.423 0.405 0.423 0.406 0.422 0.407 0.422 0.412 0.423 0.412 0.423 0.413 0.427 0.416 0.428 0.416 0.429 0.417 0.435 0.417 0.438 0.416 0.439 0.416 0.442 0.413 0.442 0.412 0.443 0.412 0.443 0.407 0.442 0.406 0.442 0.405 0.439 0.403 0.438 0.403 0.435 0.402
7 0.607 0.392 0.606 0.393 0.604 0.393 0.603 0.394 0.602 0.394 0.599 0.396 0.599 0.397 0.598 0.398 0.598 0.399 0.597 0.4 0.597 0.405 0.598 0.405 0.598 0.406 0.599 0.407 0.599 0.409 0.602 0.411 0.603 0.411 0.604 0.412 0.606 0.412 0.607 0.412 0.614 0.412 0.615 0.412 0.616 0.412 0.617 0.411 0.619 0.411 0.622 0.409 0.622 0.407 0.623 0.406 0.623 0.405 0.624 0.405 0.624 0.4 0.623 0.399 0.623 0.398 0.622 0.397 0.622 0.396 0.619 0.394 0.617 0.394 0.616 0.393 0.615 0.393 0.614 0.392
7 0.403 0.39 0.402 0.391 0.4 0.391 0.399 0.391 0.398 0.391 0.395 0.394 0.395 0.395 0.394 0.395 0.394 0.397 0.393 0.398 0.393 0.402 0.394 0.403 0.394 0.404 0.395 0.405 0.395 0.406 0.398 0.409 0.399 0.409 0.4 0.409 0.402 0.409 0.403 0.41 0.409 0.41 0.41 0.409 0.411 0.409 0.412 0.409 0.415 0.409 0.418 0.406 0.418 0.405 0.419 0.404 0.419 0.403 0.42 0.402 0.42 0.398 0.419 0.397 0.419 0.395 0.418 0.395 0.418 0.394 0.415 0.391 0.412 0.391 0.411 0.391 0.41 0.391 0.409 0.39
7 0.472 0.377 0.471 0.377 0.47 0.377 0.466 0.38 0.466 0.381 0.465 0.382 0.465 0.387 0.466 0.388 0.466 0.388 0.47 0.391 0.471 0.391 0.472 0.392 0.474 0.392 0.475 0.393 0.475 0.394 0.47 0.398 0.47 0.399 0.469 0.4 0.469 0.402 0.47 0.402 0.47 0.404 0.473 0.406 0.475 0.406 0.476 0.407 0.478 0.407 0.479 0.406 0.481 0.406 0.484 0.404 0.484 0.402 0.49 0.398 0.49 0.397 0.491 0.396 0.491 0.395 0.49 0.394 0.49 0.392 0.486 0.39 0.484 0.39 0.483 0.389 0.484 0.388 0.484 0.388 0.485 0.387 0.485 0.382 0.484 0.381 0.484 0.38 0.481 0.378 0.48 0.378 0.478 0.377
7 0.531 0.355 0.53 0.356 0.528 0.356 0.527 0.357 0.526 0.357 0.523 0.359 0.523 0.36 0.522 0.361 0.522 0.362 0.521 0.363 0.521 0.368 0.522 0.369 0.522 0.37 0.523 0.37 0.523 0.372 0.526 0.374 0.527 0.374 0.528 0.375 0.53 0.375 0.531 0.376 0.538 0.376 0.539 0.375 0.54 0.375 0.541 0.374 0.543 0.374 0.544 0.375 0.543 0.376 0.542 0.376 0.538 0.379 0.538 0.38 0.536 0.38 0.536 0.385 0.538 0.386 0.538 0.387 0.542 0.39 0.543 0.39 0.544 0.391 0.55 0.391 0.552 0.389 0.553 0.389 0.556 0.387 0.556 0.386 0.557 0.385 0.557 0.38 0.556 0.38 0.556 0.379 0.553 0.377 0.552 0.377 0.55 0.375 0.544 0.375 0.543 0.374 0.546 0.372 0.546 0.37 0.547 0.37 0.547 0.369 0.548 0.368 0.548 0.363 0.547 0.362 0.547 0.361 0.546 0.36 0.546 0.359 0.543 0.357 0.541 0.357 0.54 0.356 0.539 0.356 0.538 0.355
7 0.483 0.352 0.482 0.352 0.48 0.352 0.479 0.353 0.478 0.353 0.475 0.355 0.475 0.356 0.474 0.357 0.474 0.359 0.473 0.359 0.473 0.364 0.474 0.365 0.474 0.366 0.475 0.366 0.475 0.368 0.478 0.37 0.479 0.37 0.48 0.371 0.482 0.371 0.483 0.372 0.49 0.372 0.491 0.371 0.492 0.371 0.493 0.37 0.495 0.37 0.498 0.368 0.498 0.366 0.499 0.366 0.499 0.365 0.5 0.364 0.5 0.359 0.499 0.359 0.499 0.357 0.498 0.356 0.498 0.355 0.495 0.353 0.493 0.353 0.492 0.352 0.491 0.352 0.49 0.352
7 0.628 0.344 0.627 0.345 0.625 0.345 0.624 0.345 0.623 0.345 0.622 0.346 0.621 0.346 0.617 0.349 0.617 0.35 0.616 0.351 0.616 0.352 0.615 0.352 0.615 0.354 0.614 0.355 0.614 0.361 0.615 0.362 0.615 0.363 0.616 0.364 0.616 0.365 0.618 0.366 0.618 0.367 0.621 0.37 0.622 0.37 0.623 0.37 0.624 0.37 0.625 0.371 0.627 0.371 0.628 0.372 0.636 0.372 0.638 0.371 0.64 0.371 0.641 0.37 0.642 0.37 0.644 0.369 0.645 0.369 0.647 0.367 0.647 0.366 0.649 0.365 0.649 0.364 0.65 0.363 0.65 0.362 0.651 0.361 0.651 0.355 0.65 0.354 0.65 0.352 0.649 0.352 0.649 0.351 0.648 0.35 0.648 0.349 0.645 0.347 0.644 0.347 0.642 0.345 0.641 0.345 0.64 0.345 0.638 0.345 0.636 0.344
7 0.265 0.338 0.264 0.338 0.261 0.338 0.26 0.339 0.259 0.339 0.258 0.34 0.257 0.34 0.253 0.343 0.253 0.344 0.252 0.345 0.252 0.345 0.251 0.346 0.251 0.348 0.25 0.348 0.25 0.355 0.251 0.355 0.251 0.357 0.252 0.358 0.252 0.359 0.254 0.36 0.254 0.361 0.257 0.363 0.258 0.363 0.259 0.364 0.26 0.364 0.261 0.365 0.264 0.365 0.265 0.366 0.273 0.366 0.274 0.365 0.276 0.365 0.277 0.364 0.278 0.364 0.28 0.362 0.281 0.362 0.283 0.361 0.283 0.36 0.285 0.359 0.285 0.358 0.286 0.357 0.286 0.355 0.288 0.355 0.288 0.348 0.286 0.348 0.286 0.346 0.285 0.345 0.285 0.345 0.284 0.344 0.284 0.343 0.281 0.341 0.28 0.341 0.278 0.339 0.277 0.339 0.276 0.338 0.274 0.338 0.273 0.338
