6 0.507 0.814 0.506 0.815 0.504 0.815 0.501 0.817 0.501 0.819 0.5 0.82 0.5 0.821 0.501 0.822 0.501 0.823 0.504 0.826 0.506 0.826 0.507 0.827 0.509 0.827 0.51 0.826 0.512 0.826 0.516 0.823 0.516 0.822 0.517 0.821 0.517 0.82 0.516 0.819 0.516 0.817 0.512 0.815 0.51 0.815 0.509 0.814
6 0.433 0.795 0.432 0.795 0.43 0.795 0.427 0.798 0.427 0.799 0.426 0.8 0.426 0.802 0.427 0.802 0.427 0.804 0.43 0.806 0.432 0.806 0.433 0.807 0.435 0.807 0.436 0.806 0.439 0.806 0.442 0.804 0.442 0.802 0.443 0.802 0.443 0.8 0.442 0.799 0.442 0.798 0.439 0.795 0.436 0.795 0.435 0.795
6 0.499 0.781 0.498 0.782 0.496 0.782 0.493 0.784 0.493 0.786 0.492 0.787 0.492 0.788 0.493 0.789 0.493 0.791 0.496 0.793 0.498 0.793 0.499 0.794 0.501 0.794 0.502 0.793 0.504 0.793 0.507 0.791 0.507 0.789 0.508 0.788 0.508 0.787 0.507 0.786 0.507 0.784 0.504 0.782 0.502 0.782 0.501 0.781
6 0.296 0.753 0.295 0.754 0.293 0.754 0.29 0.756 0.29 0.758 0.289 0.759 0.289 0.76 0.29 0.761 0.29 0.762 0.293 0.765 0.295 0.765 0.296 0.766 0.298 0.766 0.299 0.765 0.301 0.765 0.304 0.762 0.304 0.761 0.305 0.76 0.305 0.759 0.304 0.758 0.304 0.756 0.301 0.754 0.299 0.754 0.298 0.753
6 0.343 0.729 0.342 0.73 0.34 0.73 0.336 0.732 0.336 0.734 0.335 0.734 0.335 0.736 0.336 0.737 0.336 0.738 0.34 0.741 0.342 0.741 0.343 0.741 0.345 0.741 0.346 0.741 0.348 0.741 0.351 0.738 0.351 0.737 0.352 0.736 0.352 0.734 0.351 0.734 0.351 0.732 0.348 0.73 0.346 0.73 0.345 0.729
6 0.505 0.727 0.504 0.727 0.502 0.727 0.499 0.73 0.499 0.731 0.498 0.732 0.498 0.734 0.499 0.734 0.499 0.736 0.502 0.738 0.504 0.738 0.505 0.739 0.507 0.739 0.508 0.738 0.51 0.738 0.514 0.736 0.514 0.734 0.515 0.734 0.515 0.732 0.514 0.731 0.514 0.73 0.51 0.727 0.508 0.727 0.507 0.727
6 0.525 0.709 0.524 0.71 0.522 0.71 0.519 0.712 0.519 0.714 0.518 0.715 0.518 0.716 0.519 0.717 0.519 0.719 0.522 0.721 0.524 0.721 0.525 0.722 0.527 0.722 0.528 0.721 0.53 0.721 0.533 0.719 0.533 0.717 0.534 0.716 0.534 0.715 0.533 0.714 0.533 0.712 0.53 0.71 0.528 0.71 0.527 0.709
6 0.315 0.709 0.314 0.71 0.311 0.71 0.308 0.712 0.308 0.714 0.307 0.715 0.307 0.716 0.308 0.717 0.308 0.719 0.311 0.721 0.314 0.721 0.315 0.722 0.317 0.722 0.318 0.721 0.32 0.721 0.323 0.719 0.323 0.717 0.324 0.716 0.324 0.715 0.323 0.714 0.323 0.712 0.32 0.71 0.318 0.71 0.317 0.709
6 0.581 0.706 0.58 0.707 0.578 0.707 0.575 0.709 0.575 0.711 0.574 0.712 0.574 0.713 0.575 0.714 0.575 0.716 0.578 0.718 0.58 0.718 0.581 0.719 0.583 0.719 0.584 0.718 0.586 0.718 0.59 0.716 0.59 0.714 0.591 0.713 0.591 0.712 0.59 0.711 0.59 0.709 0.586 0.707 0.584 0.707 0.583 0.706
6 0.604 0.695 0.603 0.695 0.601 0.695 0.598 0.698 0.598 0.699 0.597 0.7 0.597 0.702 0.598 0.702 0.598 0.704 0.601 0.706 0.603 0.706 0.604 0.707 0.606 0.707 0.607 0.706 0.609 0.706 0.612 0.704 0.612 0.702 0.614 0.702 0.614 0.7 0.612 0.699 0.612 0.698 0.609 0.695 0.607 0.695 0.606 0.695
6 0.321 0.695 0.32 0.695 0.318 0.695 0.315 0.698 0.315 0.699 0.314 0.7 0.314 0.702 0.315 0.702 0.315 0.704 0.318 0.706 0.32 0.706 0.321 0.707 0.323 0.707 0.324 0.706 0.326 0.706 0.328 0.705 0.329 0.705 0.329 0.706 0.328 0.707 0.328 0.709 0.329 0.709 0.329 0.711 0.332 0.713 0.334 0.713 0.335 0.714 0.338 0.714 0.339 0.713 0.341 0.713 0.344 0.711 0.344 0.709 0.345 0.709 0.345 0.707 0.344 0.706 0.344 0.705 0.341 0.702 0.339 0.702 0.338 0.702 0.335 0.702 0.334 0.702 0.332 0.702 0.33 0.704 0.329 0.703 0.329 0.702 0.33 0.702 0.33 0.7 0.329 0.699 0.329 0.698 0.326 0.695 0.324 0.695 0.323 0.695
6 0.455 0.682 0.454 0.683 0.452 0.683 0.449 0.685 0.449 0.687 0.448 0.688 0.448 0.689 0.449 0.69 0.449 0.691 0.452 0.694 0.454 0.694 0.455 0.695 0.457 0.695 0.458 0.694 0.46 0.694 0.464 0.691 0.464 0.69 0.465 0.689 0.465 0.688 0.464 0.687 0.464 0.685 0.46 0.683 0.458 0.683 0.457 0.682
6 0.681 0.674 0.68 0.675 0.678 0.675 0.675 0.677 0.675 0.679 0.674 0.68 0.674 0.681 0.675 0.682 0.675 0.684 0.678 0.686 0.68 0.686 0.681 0.687 0.683 0.687 0.684 0.686 0.686 0.686 0.69 0.684 0.69 0.682 0.691 0.681 0.691 0.68 0.69 0.679 0.69 0.677 0.686 0.675 0.684 0.675 0.683 0.674
6 0.233 0.67 0.232 0.67 0.23 0.67 0.227 0.673 0.227 0.674 0.226 0.675 0.226 0.677 0.227 0.677 0.227 0.679 0.23 0.681 0.232 0.681 0.233 0.682 0.235 0.682 0.236 0.681 0.239 0.681 0.242 0.679 0.242 0.677 0.243 0.677 0.243 0.675 0.242 0.674 0.242 0.673 0.239 0.67 0.236 0.67 0.235 0.67
6 0.436 0.668 0.435 0.669 0.433 0.669 0.43 0.671 0.43 0.673 0.429 0.673 0.429 0.675 0.43 0.676 0.43 0.677 0.433 0.68 0.435 0.68 0.436 0.68 0.439 0.68 0.44 0.68 0.442 0.68 0.445 0.677 0.445 0.676 0.446 0.675 0.446 0.673 0.445 0.673 0.445 0.671 0.442 0.669 0.44 0.669 0.439 0.668
6 0.352 0.668 0.351 0.669 0.349 0.669 0.346 0.671 0.346 0.673 0.345 0.673 0.345 0.675 0.346 0.676 0.346 0.677 0.349 0.68 0.351 0.68 0.352 0.68 0.354 0.68 0.355 0.68 0.357 0.68 0.36 0.677 0.36 0.676 0.361 0.675 0.361 0.673 0.36 0.673 0.36 0.671 0.357 0.669 0.355 0.669 0.354 0.668
6 0.215 0.666 0.214 0.667 0.211 0.667 0.208 0.67 0.208 0.671 0.207 0.672 0.207 0.673 0.208 0.674 0.208 0.676 0.211 0.678 0.214 0.678 0.215 0.679 0.217 0.679 0.218 0.678 0.22 0.678 0.223 0.676 0.223 0.674 0.224 0.673 0.224 0.672 0.223 0.671 0.223 0.67 0.22 0.667 0.218 0.667 0.217 0.666
6 0.503 0.666 0.502 0.666 0.5 0.666 0.497 0.669 0.497 0.67 0.496 0.671 0.496 0.673 0.497 0.673 0.497 0.675 0.5 0.677 0.502 0.677 0.503 0.678 0.505 0.678 0.506 0.677 0.508 0.677 0.511 0.675 0.511 0.673 0.512 0.673 0.512 0.671 0.511 0.67 0.511 0.669 0.508 0.666 0.506 0.666 0.505 0.666
6 0.625 0.654 0.624 0.655 0.622 0.655 0.619 0.657 0.619 0.659 0.618 0.659 0.618 0.661 0.619 0.662 0.619 0.663 0.622 0.666 0.624 0.666 0.625 0.666 0.627 0.666 0.628 0.666 0.63 0.666 0.633 0.663 0.633 0.662 0.634 0.661 0.634 0.659 0.633 0.659 0.633 0.657 0.63 0.655 0.628 0.655 0.627 0.654
6 0.44 0.652 0.439 0.652 0.436 0.652 0.433 0.655 0.433 0.656 0.432 0.657 0.432 0.659 0.433 0.659 0.433 0.661 0.436 0.663 0.439 0.663 0.44 0.664 0.442 0.664 0.443 0.663 0.445 0.663 0.448 0.661 0.448 0.659 0.449 0.659 0.449 0.657 0.448 0.656 0.448 0.655 0.445 0.652 0.443 0.652 0.442 0.652
6 0.317 0.652 0.316 0.652 0.314 0.652 0.31 0.655 0.31 0.656 0.309 0.657 0.309 0.659 0.31 0.659 0.31 0.661 0.315 0.664 0.311 0.666 0.311 0.668 0.31 0.669 0.31 0.67 0.311 0.671 0.311 0.673 0.315 0.675 0.317 0.675 0.318 0.676 0.32 0.676 0.321 0.675 0.323 0.675 0.326 0.673 0.326 0.671 0.327 0.67 0.327 0.669 0.326 0.668 0.326 0.666 0.322 0.663 0.325 0.661 0.325 0.659 0.326 0.659 0.326 0.657 0.325 0.656 0.325 0.655 0.322 0.652 0.32 0.652 0.319 0.652
6 0.147 0.649 0.146 0.65 0.144 0.65 0.141 0.652 0.141 0.654 0.14 0.655 0.14 0.656 0.141 0.657 0.141 0.659 0.144 0.661 0.146 0.661 0.147 0.662 0.149 0.662 0.15 0.661 0.152 0.661 0.155 0.659 0.155 0.657 0.156 0.656 0.156 0.655 0.155 0.654 0.155 0.652 0.152 0.65 0.15 0.65 0.149 0.649
6 0.383 0.646 0.382 0.647 0.38 0.647 0.377 0.649 0.377 0.651 0.376 0.652 0.376 0.653 0.377 0.654 0.377 0.655 0.38 0.658 0.382 0.658 0.383 0.659 0.385 0.659 0.386 0.658 0.389 0.658 0.392 0.655 0.392 0.654 0.393 0.653 0.393 0.652 0.392 0.651 0.392 0.649 0.389 0.647 0.386 0.647 0.385 0.646
6 0.3 0.646 0.299 0.647 0.297 0.647 0.294 0.649 0.294 0.651 0.293 0.652 0.293 0.653 0.294 0.654 0.293 0.655 0.292 0.655 0.291 0.654 0.289 0.654 0.288 0.655 0.285 0.655 0.282 0.657 0.282 0.659 0.281 0.659 0.281 0.661 0.282 0.662 0.282 0.663 0.285 0.666 0.288 0.666 0.289 0.666 0.291 0.666 0.292 0.666 0.294 0.666 0.297 0.663 0.297 0.662 0.298 0.661 0.298 0.659 0.297 0.659 0.298 0.658 0.299 0.658 0.3 0.659 0.302 0.659 0.303 0.658 0.305 0.658 0.308 0.655 0.308 0.654 0.309 0.653 0.309 0.652 0.308 0.651 0.308 0.649 0.305 0.647 0.303 0.647 0.302 0.646
6 0.505 0.644 0.504 0.645 0.502 0.645 0.499 0.647 0.499 0.648 0.498 0.649 0.498 0.651 0.499 0.652 0.499 0.653 0.502 0.655 0.504 0.655 0.505 0.656 0.507 0.656 0.508 0.655 0.51 0.655 0.514 0.653 0.514 0.652 0.515 0.651 0.515 0.649 0.514 0.648 0.514 0.647 0.51 0.645 0.508 0.645 0.507 0.644
6 0.164 0.644 0.162 0.645 0.16 0.645 0.157 0.647 0.157 0.648 0.156 0.649 0.156 0.651 0.157 0.652 0.157 0.653 0.16 0.655 0.162 0.655 0.164 0.656 0.166 0.656 0.167 0.655 0.169 0.655 0.172 0.653 0.172 0.652 0.173 0.651 0.173 0.649 0.172 0.648 0.172 0.647 0.169 0.645 0.167 0.645 0.166 0.644
6 0.531 0.638 0.53 0.639 0.528 0.639 0.525 0.641 0.525 0.643 0.524 0.644 0.524 0.645 0.525 0.646 0.525 0.648 0.528 0.65 0.53 0.65 0.531 0.651 0.533 0.651 0.534 0.65 0.536 0.65 0.54 0.648 0.54 0.646 0.541 0.645 0.541 0.644 0.54 0.643 0.54 0.641 0.536 0.639 0.534 0.639 0.533 0.638
6 0.348 0.638 0.347 0.639 0.345 0.639 0.342 0.641 0.342 0.643 0.341 0.644 0.341 0.645 0.342 0.646 0.342 0.648 0.345 0.65 0.347 0.65 0.348 0.651 0.35 0.651 0.351 0.65 0.353 0.65 0.356 0.648 0.356 0.646 0.357 0.645 0.357 0.644 0.356 0.643 0.356 0.641 0.353 0.639 0.351 0.639 0.35 0.638
6 0.388 0.63 0.386 0.631 0.384 0.631 0.381 0.634 0.381 0.635 0.38 0.636 0.38 0.638 0.381 0.638 0.381 0.64 0.384 0.642 0.386 0.642 0.388 0.643 0.39 0.643 0.391 0.642 0.393 0.642 0.396 0.64 0.396 0.638 0.397 0.638 0.397 0.636 0.396 0.635 0.396 0.634 0.393 0.631 0.391 0.631 0.39 0.63
6 0.661 0.629 0.66 0.63 0.658 0.63 0.655 0.632 0.655 0.634 0.654 0.634 0.654 0.636 0.655 0.637 0.655 0.638 0.658 0.641 0.66 0.641 0.661 0.641 0.664 0.641 0.665 0.641 0.667 0.641 0.67 0.638 0.67 0.637 0.671 0.636 0.671 0.634 0.67 0.634 0.67 0.632 0.667 0.63 0.665 0.63 0.664 0.629
6 0.252 0.629 0.251 0.63 0.249 0.63 0.246 0.632 0.246 0.634 0.245 0.634 0.245 0.636 0.246 0.637 0.246 0.638 0.249 0.641 0.251 0.641 0.252 0.641 0.254 0.641 0.255 0.641 0.257 0.641 0.26 0.638 0.26 0.637 0.261 0.636 0.261 0.634 0.26 0.634 0.26 0.632 0.257 0.63 0.255 0.63 0.254 0.629
6 0.304 0.62 0.303 0.621 0.301 0.621 0.298 0.623 0.298 0.625 0.297 0.626 0.297 0.627 0.298 0.628 0.298 0.63 0.301 0.632 0.303 0.632 0.304 0.633 0.306 0.633 0.307 0.632 0.309 0.632 0.312 0.63 0.312 0.628 0.314 0.627 0.314 0.626 0.312 0.625 0.312 0.623 0.309 0.621 0.307 0.621 0.306 0.62
6 0.33 0.611 0.329 0.612 0.327 0.612 0.324 0.614 0.324 0.616 0.323 0.616 0.323 0.618 0.324 0.619 0.324 0.62 0.327 0.623 0.329 0.623 0.33 0.623 0.332 0.623 0.333 0.623 0.335 0.623 0.339 0.62 0.339 0.619 0.34 0.618 0.34 0.616 0.339 0.616 0.339 0.614 0.335 0.612 0.333 0.612 0.332 0.611
6 0.566 0.61 0.565 0.611 0.562 0.611 0.559 0.613 0.559 0.615 0.558 0.616 0.558 0.617 0.559 0.618 0.559 0.62 0.562 0.622 0.565 0.622 0.566 0.623 0.568 0.623 0.569 0.622 0.571 0.622 0.574 0.62 0.574 0.618 0.575 0.617 0.575 0.616 0.574 0.615 0.574 0.613 0.571 0.611 0.569 0.611 0.568 0.61
6 0.257 0.602 0.256 0.602 0.254 0.602 0.251 0.605 0.251 0.606 0.25 0.607 0.25 0.609 0.251 0.609 0.251 0.611 0.254 0.613 0.256 0.613 0.257 0.614 0.259 0.614 0.26 0.613 0.262 0.613 0.266 0.611 0.266 0.609 0.267 0.609 0.267 0.607 0.266 0.606 0.266 0.605 0.262 0.602 0.26 0.602 0.259 0.602
6 0.174 0.598 0.173 0.599 0.171 0.599 0.168 0.602 0.168 0.603 0.167 0.604 0.167 0.605 0.168 0.606 0.168 0.608 0.171 0.61 0.173 0.61 0.174 0.611 0.176 0.611 0.177 0.61 0.179 0.61 0.182 0.608 0.182 0.606 0.183 0.605 0.183 0.604 0.182 0.603 0.182 0.602 0.179 0.599 0.177 0.599 0.176 0.598
6 0.354 0.596 0.353 0.597 0.351 0.597 0.348 0.599 0.348 0.601 0.347 0.602 0.347 0.603 0.348 0.604 0.348 0.605 0.351 0.608 0.353 0.608 0.354 0.609 0.356 0.609 0.357 0.608 0.359 0.608 0.362 0.605 0.362 0.604 0.364 0.603 0.364 0.602 0.362 0.601 0.362 0.599 0.359 0.597 0.357 0.597 0.356 0.596
6 0.462 0.594 0.461 0.595 0.459 0.595 0.456 0.597 0.456 0.598 0.455 0.599 0.455 0.601 0.456 0.602 0.456 0.603 0.459 0.605 0.461 0.605 0.462 0.606 0.465 0.606 0.466 0.605 0.467 0.606 0.467 0.608 0.466 0.609 0.466 0.61 0.467 0.611 0.467 0.612 0.47 0.615 0.472 0.615 0.473 0.616 0.475 0.616 0.476 0.615 0.478 0.615 0.479 0.614 0.48 0.614 0.481 0.615 0.481 0.616 0.484 0.619 0.486 0.619 0.488 0.62 0.49 0.62 0.491 0.619 0.493 0.619 0.496 0.616 0.496 0.615 0.497 0.614 0.497 0.612 0.496 0.612 0.496 0.61 0.493 0.608 0.491 0.608 0.49 0.607 0.488 0.607 0.486 0.608 0.484 0.608 0.483 0.609 0.482 0.609 0.481 0.608 0.481 0.606 0.478 0.604 0.476 0.604 0.475 0.603 0.473 0.603 0.472 0.604 0.471 0.603 0.471 0.602 0.472 0.601 0.472 0.599 0.471 0.598 0.471 0.597 0.468 0.595 0.466 0.595 0.465 0.594
6 0.421 0.594 0.42 0.595 0.418 0.595 0.415 0.597 0.415 0.598 0.414 0.599 0.414 0.601 0.415 0.602 0.415 0.603 0.414 0.604 0.41 0.602 0.408 0.602 0.407 0.601 0.405 0.601 0.404 0.602 0.402 0.602 0.399 0.604 0.399 0.605 0.398 0.606 0.398 0.608 0.399 0.609 0.399 0.61 0.402 0.612 0.404 0.612 0.405 0.613 0.407 0.613 0.408 0.612 0.41 0.612 0.414 0.61 0.414 0.609 0.415 0.608 0.415 0.606 0.414 0.605 0.414 0.604 0.415 0.603 0.418 0.605 0.42 0.605 0.421 0.606 0.423 0.606 0.424 0.605 0.426 0.605 0.429 0.603 0.429 0.602 0.43 0.601 0.43 0.599 0.429 0.598 0.429 0.597 0.426 0.595 0.424 0.595 0.423 0.594
6 0.33 0.593 0.329 0.594 0.327 0.594 0.324 0.596 0.324 0.598 0.323 0.598 0.323 0.6 0.324 0.601 0.324 0.602 0.327 0.605 0.329 0.605 0.33 0.605 0.332 0.605 0.333 0.605 0.335 0.605 0.339 0.602 0.339 0.601 0.34 0.6 0.34 0.598 0.339 0.598 0.339 0.596 0.335 0.594 0.333 0.594 0.332 0.593
6 0.567 0.59 0.566 0.591 0.564 0.591 0.56 0.593 0.56 0.595 0.559 0.595 0.559 0.597 0.56 0.598 0.56 0.599 0.564 0.602 0.566 0.602 0.567 0.602 0.569 0.602 0.57 0.602 0.572 0.602 0.575 0.599 0.575 0.598 0.576 0.597 0.576 0.595 0.575 0.595 0.575 0.593 0.572 0.591 0.57 0.591 0.569 0.59
6 0.612 0.588 0.611 0.588 0.609 0.588 0.606 0.591 0.606 0.592 0.605 0.593 0.605 0.595 0.606 0.595 0.606 0.597 0.609 0.599 0.611 0.599 0.612 0.6 0.615 0.6 0.616 0.599 0.618 0.599 0.621 0.597 0.621 0.595 0.622 0.595 0.622 0.593 0.621 0.592 0.621 0.591 0.618 0.588 0.616 0.588 0.615 0.588
6 0.351 0.579 0.35 0.58 0.348 0.58 0.345 0.582 0.345 0.584 0.344 0.584 0.344 0.586 0.345 0.587 0.345 0.588 0.348 0.591 0.35 0.591 0.351 0.591 0.353 0.591 0.354 0.591 0.356 0.591 0.359 0.588 0.359 0.587 0.36 0.586 0.36 0.584 0.359 0.584 0.359 0.582 0.356 0.58 0.354 0.58 0.353 0.579
6 0.547 0.577 0.546 0.578 0.544 0.578 0.541 0.58 0.541 0.582 0.54 0.583 0.54 0.584 0.541 0.585 0.541 0.587 0.544 0.589 0.543 0.59 0.542 0.59 0.541 0.591 0.539 0.591 0.535 0.593 0.535 0.595 0.534 0.595 0.534 0.597 0.535 0.598 0.535 0.599 0.539 0.602 0.541 0.602 0.542 0.602 0.544 0.602 0.545 0.602 0.547 0.602 0.55 0.599 0.55 0.598 0.551 0.597 0.551 0.595 0.55 0.595 0.55 0.593 0.547 0.591 0.548 0.59 0.549 0.59 0.55 0.589 0.552 0.589 0.555 0.587 0.555 0.585 0.556 0.584 0.556 0.583 0.555 0.582 0.555 0.58 0.552 0.578 0.55 0.578 0.549 0.577
6 0.514 0.573 0.512 0.574 0.51 0.574 0.507 0.577 0.507 0.578 0.506 0.579 0.506 0.58 0.507 0.581 0.507 0.583 0.51 0.585 0.512 0.585 0.514 0.586 0.516 0.586 0.517 0.585 0.519 0.585 0.522 0.583 0.522 0.581 0.523 0.58 0.523 0.579 0.522 0.578 0.522 0.577 0.519 0.574 0.517 0.574 0.516 0.573
6 0.606 0.571 0.605 0.572 0.603 0.572 0.6 0.574 0.6 0.576 0.599 0.577 0.599 0.578 0.6 0.579 0.6 0.58 0.603 0.583 0.605 0.583 0.606 0.584 0.608 0.584 0.609 0.583 0.611 0.583 0.615 0.58 0.615 0.579 0.616 0.578 0.616 0.577 0.615 0.576 0.615 0.574 0.611 0.572 0.609 0.572 0.608 0.571
6 0.649 0.559 0.648 0.56 0.646 0.56 0.643 0.562 0.643 0.564 0.642 0.565 0.642 0.566 0.643 0.567 0.643 0.569 0.646 0.571 0.648 0.571 0.649 0.572 0.651 0.572 0.652 0.571 0.654 0.571 0.657 0.569 0.657 0.567 0.658 0.566 0.658 0.565 0.657 0.564 0.657 0.562 0.654 0.56 0.652 0.56 0.651 0.559
6 0.709 0.538 0.708 0.539 0.706 0.539 0.703 0.541 0.703 0.543 0.702 0.544 0.702 0.545 0.703 0.546 0.703 0.548 0.706 0.55 0.708 0.55 0.709 0.551 0.711 0.551 0.712 0.55 0.715 0.55 0.718 0.548 0.718 0.546 0.719 0.545 0.719 0.544 0.718 0.543 0.718 0.541 0.715 0.539 0.712 0.539 0.711 0.538
6 0.685 0.537 0.684 0.538 0.682 0.538 0.679 0.54 0.679 0.541 0.678 0.542 0.678 0.544 0.679 0.545 0.679 0.546 0.682 0.548 0.684 0.548 0.685 0.549 0.688 0.549 0.689 0.548 0.691 0.548 0.694 0.546 0.694 0.545 0.695 0.544 0.695 0.542 0.694 0.541 0.694 0.54 0.691 0.538 0.689 0.538 0.688 0.537
6 0.242 0.529 0.241 0.53 0.239 0.53 0.235 0.532 0.235 0.534 0.233 0.535 0.232 0.534 0.232 0.533 0.229 0.53 0.227 0.53 0.226 0.53 0.224 0.53 0.223 0.53 0.221 0.53 0.218 0.533 0.218 0.534 0.217 0.535 0.217 0.537 0.218 0.538 0.218 0.539 0.221 0.541 0.223 0.541 0.224 0.542 0.226 0.542 0.227 0.541 0.229 0.541 0.232 0.539 0.232 0.538 0.234 0.536 0.235 0.537 0.235 0.538 0.239 0.541 0.241 0.541 0.242 0.541 0.244 0.541 0.245 0.541 0.247 0.541 0.25 0.538 0.25 0.537 0.251 0.536 0.251 0.534 0.25 0.534 0.25 0.532 0.247 0.53 0.245 0.53 0.244 0.529
6 0.73 0.528 0.729 0.529 0.727 0.529 0.724 0.531 0.724 0.533 0.723 0.534 0.723 0.535 0.724 0.536 0.724 0.538 0.727 0.54 0.729 0.54 0.73 0.541 0.732 0.541 0.733 0.54 0.735 0.54 0.739 0.538 0.739 0.536 0.74 0.535 0.74 0.534 0.739 0.533 0.739 0.531 0.735 0.529 0.733 0.529 0.732 0.528
6 0.138 0.475 0.136 0.476 0.134 0.476 0.131 0.478 0.131 0.48 0.13 0.48 0.13 0.482 0.131 0.483 0.131 0.484 0.134 0.487 0.136 0.487 0.138 0.488 0.14 0.488 0.141 0.487 0.143 0.487 0.146 0.484 0.146 0.483 0.147 0.482 0.147 0.48 0.146 0.48 0.146 0.478 0.143 0.476 0.141 0.476 0.14 0.475
6 0.17 0.474 0.169 0.475 0.167 0.475 0.164 0.477 0.164 0.479 0.162 0.48 0.162 0.481 0.164 0.482 0.164 0.484 0.167 0.486 0.169 0.486 0.17 0.487 0.172 0.487 0.173 0.486 0.175 0.486 0.178 0.484 0.178 0.482 0.179 0.481 0.179 0.48 0.178 0.479 0.178 0.477 0.175 0.475 0.173 0.475 0.172 0.474
6 0.218 0.472 0.217 0.473 0.215 0.473 0.211 0.475 0.211 0.477 0.21 0.477 0.21 0.479 0.211 0.48 0.211 0.481 0.215 0.484 0.217 0.484 0.218 0.484 0.22 0.484 0.221 0.484 0.223 0.484 0.226 0.481 0.226 0.48 0.227 0.479 0.227 0.477 0.226 0.477 0.226 0.475 0.223 0.473 0.221 0.473 0.22 0.472
6 0.206 0.454 0.205 0.455 0.203 0.455 0.2 0.457 0.2 0.459 0.199 0.459 0.199 0.461 0.2 0.462 0.2 0.463 0.203 0.466 0.205 0.466 0.206 0.466 0.208 0.466 0.209 0.466 0.211 0.466 0.215 0.463 0.215 0.462 0.216 0.461 0.216 0.459 0.215 0.459 0.215 0.457 0.211 0.455 0.209 0.455 0.208 0.454
6 0.264 0.425 0.262 0.426 0.26 0.426 0.257 0.428 0.257 0.43 0.256 0.43 0.256 0.432 0.257 0.433 0.257 0.434 0.26 0.437 0.262 0.437 0.264 0.438 0.266 0.438 0.267 0.437 0.269 0.437 0.272 0.434 0.272 0.433 0.273 0.432 0.273 0.43 0.272 0.43 0.272 0.428 0.269 0.426 0.267 0.426 0.266 0.425
6 0.342 0.416 0.341 0.417 0.339 0.417 0.335 0.42 0.335 0.421 0.334 0.422 0.334 0.423 0.335 0.424 0.335 0.426 0.339 0.428 0.341 0.428 0.342 0.429 0.344 0.429 0.345 0.428 0.347 0.428 0.35 0.426 0.35 0.424 0.351 0.423 0.351 0.422 0.35 0.421 0.35 0.42 0.347 0.417 0.345 0.417 0.344 0.416
6 0.253 0.407 0.252 0.408 0.25 0.408 0.247 0.41 0.247 0.412 0.246 0.412 0.246 0.414 0.247 0.415 0.247 0.416 0.25 0.419 0.252 0.419 0.253 0.42 0.255 0.42 0.256 0.419 0.258 0.419 0.261 0.416 0.261 0.415 0.262 0.414 0.262 0.412 0.261 0.412 0.261 0.41 0.258 0.408 0.256 0.408 0.255 0.407
6 0.381 0.4 0.38 0.401 0.378 0.401 0.375 0.403 0.375 0.405 0.374 0.405 0.374 0.407 0.375 0.408 0.375 0.409 0.378 0.412 0.38 0.412 0.381 0.412 0.383 0.412 0.384 0.412 0.386 0.412 0.39 0.409 0.39 0.408 0.391 0.407 0.391 0.405 0.39 0.405 0.39 0.403 0.386 0.401 0.384 0.401 0.383 0.4
6 0.357 0.384 0.356 0.385 0.354 0.385 0.351 0.388 0.351 0.389 0.35 0.39 0.35 0.391 0.351 0.392 0.351 0.394 0.354 0.396 0.356 0.396 0.357 0.397 0.359 0.397 0.36 0.396 0.362 0.396 0.366 0.394 0.366 0.392 0.367 0.391 0.367 0.39 0.366 0.389 0.366 0.388 0.362 0.385 0.36 0.385 0.359 0.384
6 0.382 0.341 0.381 0.342 0.379 0.342 0.376 0.345 0.376 0.346 0.375 0.347 0.375 0.348 0.376 0.349 0.376 0.351 0.379 0.353 0.381 0.353 0.382 0.354 0.384 0.354 0.385 0.353 0.388 0.353 0.391 0.351 0.391 0.349 0.392 0.348 0.392 0.347 0.391 0.346 0.391 0.345 0.388 0.342 0.385 0.342 0.384 0.341
