6 0.495 0.903 0.494 0.904 0.493 0.904 0.492 0.905 0.491 0.905 0.488 0.907 0.488 0.908 0.486 0.909 0.486 0.909 0.485 0.91 0.485 0.914 0.488 0.916 0.488 0.916 0.491 0.919 0.492 0.919 0.493 0.92 0.494 0.92 0.495 0.92 0.5 0.92 0.502 0.919 0.503 0.919 0.506 0.916 0.506 0.916 0.508 0.914 0.508 0.91 0.507 0.909 0.507 0.909 0.506 0.908 0.506 0.907 0.503 0.905 0.502 0.905 0.5 0.903
6 0.684 0.88 0.683 0.881 0.682 0.881 0.681 0.882 0.68 0.882 0.677 0.884 0.677 0.885 0.676 0.886 0.676 0.887 0.675 0.888 0.675 0.891 0.677 0.893 0.677 0.894 0.68 0.896 0.681 0.896 0.682 0.897 0.683 0.897 0.684 0.898 0.69 0.898 0.692 0.896 0.693 0.896 0.696 0.894 0.696 0.893 0.698 0.891 0.698 0.888 0.697 0.887 0.697 0.886 0.696 0.885 0.696 0.884 0.693 0.882 0.692 0.882 0.69 0.88
6 0.411 0.866 0.41 0.866 0.409 0.866 0.408 0.867 0.407 0.867 0.404 0.87 0.404 0.87 0.403 0.871 0.403 0.872 0.402 0.873 0.402 0.877 0.404 0.878 0.404 0.879 0.407 0.881 0.408 0.881 0.409 0.882 0.41 0.882 0.411 0.883 0.417 0.883 0.419 0.881 0.42 0.881 0.423 0.879 0.423 0.878 0.425 0.877 0.425 0.873 0.424 0.872 0.424 0.871 0.423 0.87 0.423 0.87 0.42 0.867 0.419 0.867 0.417 0.866
6 0.252 0.816 0.251 0.817 0.25 0.817 0.247 0.82 0.247 0.82 0.246 0.821 0.246 0.824 0.247 0.825 0.247 0.826 0.25 0.828 0.251 0.828 0.252 0.829 0.254 0.829 0.255 0.828 0.257 0.828 0.257 0.827 0.259 0.826 0.259 0.825 0.26 0.824 0.26 0.821 0.259 0.82 0.259 0.82 0.257 0.818 0.257 0.817 0.255 0.817 0.254 0.816
6 0.222 0.802 0.221 0.803 0.22 0.803 0.217 0.805 0.217 0.806 0.216 0.807 0.216 0.81 0.217 0.811 0.217 0.812 0.22 0.814 0.221 0.814 0.222 0.815 0.224 0.815 0.225 0.814 0.227 0.814 0.227 0.813 0.229 0.812 0.229 0.811 0.23 0.81 0.23 0.807 0.229 0.806 0.229 0.805 0.227 0.804 0.227 0.803 0.225 0.803 0.224 0.802
6 0.588 0.793 0.586 0.794 0.585 0.794 0.582 0.796 0.582 0.797 0.581 0.798 0.581 0.801 0.582 0.802 0.582 0.802 0.585 0.805 0.586 0.805 0.588 0.805 0.59 0.805 0.591 0.805 0.593 0.805 0.593 0.804 0.595 0.802 0.595 0.802 0.596 0.801 0.596 0.798 0.595 0.797 0.595 0.796 0.593 0.795 0.593 0.794 0.591 0.794 0.59 0.793
6 0.436 0.779 0.435 0.78 0.434 0.78 0.433 0.78 0.432 0.78 0.429 0.783 0.429 0.784 0.428 0.784 0.428 0.785 0.427 0.786 0.427 0.79 0.429 0.791 0.429 0.792 0.432 0.795 0.433 0.795 0.434 0.795 0.435 0.795 0.436 0.796 0.442 0.796 0.444 0.795 0.445 0.795 0.448 0.792 0.448 0.791 0.45 0.79 0.45 0.786 0.449 0.785 0.449 0.784 0.448 0.784 0.448 0.783 0.445 0.78 0.444 0.78 0.442 0.779
6 0.208 0.773 0.207 0.774 0.206 0.774 0.203 0.777 0.203 0.777 0.202 0.778 0.202 0.781 0.203 0.782 0.203 0.783 0.206 0.785 0.207 0.785 0.208 0.786 0.21 0.786 0.211 0.785 0.214 0.785 0.214 0.784 0.216 0.783 0.216 0.782 0.217 0.781 0.217 0.778 0.216 0.777 0.216 0.777 0.214 0.775 0.214 0.774 0.211 0.774 0.21 0.773
6 0.622 0.772 0.621 0.773 0.62 0.773 0.617 0.775 0.617 0.776 0.616 0.777 0.616 0.78 0.617 0.78 0.617 0.781 0.62 0.784 0.621 0.784 0.622 0.784 0.624 0.784 0.625 0.784 0.627 0.784 0.627 0.783 0.629 0.781 0.629 0.78 0.63 0.78 0.63 0.777 0.629 0.776 0.629 0.775 0.627 0.773 0.627 0.773 0.625 0.773 0.624 0.772
6 0.535 0.766 0.534 0.766 0.533 0.766 0.53 0.769 0.53 0.77 0.529 0.77 0.529 0.773 0.53 0.774 0.53 0.775 0.533 0.777 0.534 0.777 0.535 0.778 0.538 0.778 0.539 0.777 0.541 0.777 0.541 0.777 0.543 0.775 0.543 0.774 0.544 0.773 0.544 0.77 0.543 0.77 0.543 0.769 0.541 0.767 0.541 0.766 0.539 0.766 0.538 0.766
6 0.719 0.762 0.718 0.762 0.717 0.762 0.714 0.765 0.714 0.766 0.712 0.766 0.712 0.77 0.714 0.77 0.714 0.771 0.717 0.773 0.718 0.773 0.719 0.774 0.721 0.774 0.722 0.773 0.724 0.773 0.724 0.773 0.726 0.771 0.726 0.77 0.727 0.77 0.727 0.766 0.726 0.766 0.726 0.765 0.724 0.763 0.724 0.762 0.722 0.762 0.721 0.762
6 0.674 0.755 0.673 0.755 0.672 0.755 0.669 0.758 0.669 0.759 0.668 0.759 0.668 0.762 0.669 0.763 0.669 0.764 0.668 0.765 0.667 0.764 0.665 0.764 0.664 0.765 0.662 0.765 0.659 0.767 0.659 0.768 0.658 0.769 0.658 0.772 0.659 0.773 0.659 0.773 0.662 0.776 0.664 0.776 0.665 0.777 0.667 0.777 0.668 0.776 0.67 0.776 0.67 0.775 0.672 0.773 0.672 0.773 0.673 0.772 0.673 0.769 0.672 0.768 0.672 0.767 0.673 0.766 0.674 0.767 0.676 0.767 0.677 0.766 0.679 0.766 0.679 0.766 0.681 0.764 0.681 0.763 0.682 0.762 0.682 0.759 0.681 0.759 0.681 0.758 0.679 0.756 0.679 0.755 0.677 0.755 0.676 0.755
6 0.605 0.752 0.604 0.752 0.603 0.752 0.6 0.755 0.6 0.755 0.599 0.756 0.599 0.759 0.6 0.76 0.6 0.761 0.603 0.763 0.604 0.763 0.605 0.764 0.607 0.764 0.608 0.763 0.61 0.763 0.61 0.762 0.611 0.762 0.614 0.763 0.615 0.763 0.616 0.764 0.618 0.764 0.619 0.763 0.621 0.763 0.621 0.762 0.623 0.761 0.623 0.76 0.624 0.759 0.624 0.756 0.623 0.755 0.623 0.755 0.621 0.753 0.621 0.752 0.619 0.752 0.618 0.752 0.616 0.752 0.615 0.752 0.614 0.752 0.611 0.754 0.61 0.753 0.61 0.752 0.608 0.752 0.607 0.752
6 0.236 0.75 0.235 0.751 0.234 0.751 0.233 0.752 0.232 0.752 0.229 0.754 0.229 0.755 0.228 0.755 0.228 0.756 0.227 0.757 0.227 0.761 0.229 0.762 0.229 0.763 0.232 0.766 0.233 0.766 0.234 0.766 0.235 0.766 0.236 0.767 0.242 0.767 0.244 0.766 0.245 0.766 0.248 0.763 0.248 0.762 0.25 0.761 0.25 0.757 0.249 0.756 0.249 0.755 0.248 0.755 0.248 0.754 0.245 0.752 0.244 0.752 0.242 0.75
6 0.306 0.744 0.305 0.745 0.304 0.745 0.303 0.745 0.302 0.745 0.299 0.748 0.299 0.748 0.298 0.749 0.298 0.75 0.297 0.751 0.297 0.755 0.299 0.756 0.299 0.757 0.302 0.759 0.303 0.759 0.304 0.76 0.305 0.76 0.306 0.761 0.311 0.761 0.314 0.759 0.315 0.759 0.318 0.757 0.318 0.756 0.32 0.755 0.32 0.751 0.319 0.75 0.319 0.749 0.318 0.748 0.318 0.748 0.315 0.745 0.314 0.745 0.311 0.744
6 0.536 0.739 0.535 0.74 0.534 0.74 0.531 0.742 0.531 0.743 0.53 0.744 0.53 0.747 0.531 0.748 0.531 0.748 0.534 0.751 0.535 0.751 0.536 0.752 0.539 0.752 0.54 0.751 0.542 0.751 0.542 0.75 0.544 0.748 0.544 0.748 0.545 0.747 0.545 0.744 0.544 0.743 0.544 0.742 0.542 0.741 0.542 0.74 0.54 0.74 0.539 0.739
6 0.279 0.734 0.278 0.735 0.277 0.735 0.276 0.736 0.275 0.736 0.272 0.738 0.272 0.739 0.271 0.74 0.271 0.741 0.27 0.741 0.27 0.745 0.272 0.747 0.272 0.748 0.275 0.75 0.276 0.75 0.277 0.751 0.278 0.751 0.279 0.752 0.284 0.752 0.286 0.75 0.288 0.75 0.291 0.748 0.291 0.747 0.293 0.745 0.293 0.741 0.292 0.741 0.292 0.74 0.291 0.739 0.291 0.738 0.288 0.736 0.286 0.736 0.284 0.734
6 0.702 0.729 0.701 0.73 0.7 0.73 0.697 0.732 0.697 0.733 0.696 0.734 0.696 0.737 0.697 0.738 0.697 0.738 0.7 0.741 0.701 0.741 0.702 0.741 0.704 0.741 0.705 0.741 0.707 0.741 0.707 0.74 0.709 0.738 0.709 0.738 0.71 0.737 0.71 0.734 0.709 0.733 0.709 0.732 0.707 0.73 0.707 0.73 0.705 0.73 0.704 0.729
6 0.424 0.723 0.423 0.724 0.422 0.724 0.421 0.725 0.42 0.725 0.417 0.727 0.417 0.728 0.416 0.729 0.416 0.73 0.415 0.73 0.415 0.734 0.417 0.736 0.417 0.737 0.42 0.739 0.421 0.739 0.422 0.74 0.423 0.74 0.424 0.741 0.429 0.741 0.431 0.739 0.432 0.739 0.435 0.737 0.435 0.736 0.438 0.734 0.438 0.73 0.436 0.73 0.436 0.729 0.435 0.728 0.435 0.727 0.432 0.725 0.431 0.725 0.429 0.723
6 0.351 0.723 0.35 0.723 0.349 0.723 0.346 0.726 0.346 0.727 0.345 0.727 0.345 0.728 0.344 0.729 0.343 0.728 0.343 0.727 0.341 0.726 0.341 0.725 0.339 0.725 0.338 0.724 0.335 0.724 0.334 0.725 0.333 0.725 0.33 0.727 0.33 0.728 0.329 0.729 0.329 0.732 0.33 0.733 0.33 0.734 0.333 0.736 0.334 0.736 0.335 0.737 0.338 0.737 0.339 0.736 0.341 0.736 0.341 0.735 0.343 0.734 0.343 0.733 0.344 0.732 0.344 0.731 0.345 0.73 0.346 0.731 0.346 0.732 0.349 0.734 0.35 0.734 0.351 0.735 0.353 0.735 0.354 0.734 0.356 0.734 0.356 0.734 0.358 0.732 0.358 0.731 0.359 0.73 0.359 0.727 0.358 0.727 0.358 0.726 0.356 0.724 0.356 0.723 0.354 0.723 0.353 0.723
6 0.559 0.705 0.558 0.706 0.557 0.706 0.554 0.709 0.554 0.709 0.553 0.71 0.553 0.713 0.554 0.714 0.554 0.715 0.557 0.717 0.558 0.717 0.559 0.718 0.561 0.718 0.562 0.717 0.565 0.717 0.565 0.716 0.567 0.715 0.567 0.714 0.568 0.713 0.568 0.71 0.567 0.709 0.567 0.709 0.565 0.707 0.565 0.706 0.562 0.706 0.561 0.705
6 0.831 0.702 0.83 0.702 0.829 0.702 0.826 0.705 0.826 0.705 0.825 0.706 0.825 0.709 0.826 0.71 0.826 0.711 0.829 0.713 0.83 0.713 0.831 0.714 0.833 0.714 0.834 0.713 0.836 0.713 0.836 0.712 0.839 0.711 0.839 0.71 0.84 0.709 0.84 0.706 0.839 0.705 0.839 0.705 0.836 0.703 0.836 0.702 0.834 0.702 0.833 0.702
6 0.511 0.695 0.51 0.695 0.509 0.695 0.506 0.698 0.506 0.698 0.505 0.699 0.505 0.702 0.506 0.703 0.506 0.704 0.509 0.706 0.51 0.706 0.511 0.707 0.514 0.707 0.515 0.706 0.517 0.706 0.517 0.705 0.519 0.704 0.519 0.703 0.52 0.702 0.52 0.699 0.519 0.698 0.519 0.698 0.517 0.696 0.517 0.695 0.515 0.695 0.514 0.695
6 0.467 0.682 0.466 0.683 0.465 0.683 0.461 0.685 0.461 0.686 0.46 0.687 0.46 0.69 0.461 0.691 0.461 0.691 0.465 0.694 0.466 0.694 0.467 0.695 0.469 0.695 0.47 0.694 0.472 0.694 0.472 0.693 0.474 0.691 0.474 0.691 0.475 0.69 0.475 0.687 0.474 0.686 0.474 0.685 0.472 0.684 0.472 0.683 0.47 0.683 0.469 0.682
6 0.368 0.67 0.367 0.671 0.366 0.671 0.362 0.673 0.362 0.674 0.361 0.675 0.361 0.678 0.362 0.679 0.362 0.68 0.366 0.682 0.367 0.682 0.368 0.683 0.37 0.683 0.371 0.682 0.373 0.682 0.373 0.681 0.375 0.68 0.375 0.679 0.376 0.678 0.376 0.675 0.375 0.674 0.375 0.673 0.373 0.672 0.373 0.671 0.371 0.671 0.37 0.67
6 0.291 0.659 0.29 0.66 0.289 0.66 0.285 0.662 0.285 0.663 0.284 0.664 0.284 0.667 0.285 0.668 0.285 0.669 0.289 0.671 0.29 0.671 0.291 0.672 0.293 0.672 0.294 0.671 0.296 0.671 0.296 0.67 0.298 0.669 0.298 0.668 0.299 0.667 0.299 0.664 0.298 0.663 0.298 0.662 0.296 0.661 0.296 0.66 0.294 0.66 0.293 0.659
6 0.576 0.659 0.575 0.659 0.574 0.659 0.571 0.662 0.571 0.662 0.57 0.663 0.57 0.666 0.571 0.667 0.571 0.668 0.574 0.67 0.575 0.67 0.576 0.671 0.578 0.671 0.579 0.67 0.581 0.67 0.581 0.67 0.583 0.668 0.583 0.667 0.584 0.666 0.584 0.663 0.583 0.662 0.583 0.662 0.581 0.66 0.581 0.659 0.579 0.659 0.578 0.659
6 0.529 0.651 0.528 0.652 0.527 0.652 0.524 0.654 0.524 0.655 0.523 0.655 0.523 0.659 0.524 0.659 0.524 0.66 0.527 0.662 0.528 0.662 0.529 0.663 0.531 0.663 0.532 0.662 0.534 0.662 0.534 0.662 0.536 0.66 0.536 0.659 0.538 0.659 0.538 0.655 0.536 0.655 0.536 0.654 0.534 0.652 0.534 0.652 0.532 0.652 0.531 0.651
6 0.478 0.645 0.477 0.645 0.476 0.645 0.473 0.648 0.473 0.648 0.472 0.649 0.472 0.652 0.473 0.653 0.473 0.654 0.476 0.656 0.477 0.656 0.478 0.657 0.48 0.657 0.481 0.656 0.483 0.656 0.483 0.655 0.485 0.654 0.485 0.653 0.486 0.652 0.486 0.649 0.485 0.648 0.485 0.648 0.483 0.646 0.483 0.645 0.481 0.645 0.48 0.645
6 0.109 0.644 0.108 0.645 0.107 0.645 0.104 0.647 0.104 0.648 0.103 0.648 0.103 0.652 0.104 0.652 0.104 0.653 0.107 0.655 0.108 0.655 0.109 0.656 0.111 0.656 0.112 0.655 0.115 0.655 0.115 0.655 0.117 0.653 0.117 0.652 0.118 0.652 0.118 0.648 0.117 0.648 0.117 0.647 0.115 0.645 0.115 0.645 0.112 0.645 0.111 0.644
6 0.7 0.638 0.699 0.639 0.698 0.639 0.695 0.641 0.695 0.642 0.694 0.643 0.694 0.646 0.695 0.647 0.695 0.648 0.698 0.65 0.699 0.65 0.7 0.651 0.702 0.651 0.703 0.65 0.705 0.65 0.705 0.649 0.707 0.648 0.707 0.647 0.708 0.646 0.708 0.643 0.707 0.642 0.707 0.641 0.705 0.64 0.705 0.639 0.703 0.639 0.702 0.638
6 0.461 0.638 0.46 0.639 0.459 0.639 0.456 0.641 0.456 0.642 0.455 0.643 0.455 0.646 0.456 0.647 0.456 0.648 0.459 0.65 0.46 0.65 0.461 0.651 0.464 0.651 0.465 0.65 0.467 0.65 0.467 0.649 0.469 0.648 0.469 0.647 0.47 0.646 0.47 0.643 0.469 0.642 0.469 0.641 0.467 0.64 0.467 0.639 0.465 0.639 0.464 0.638
6 0.507 0.638 0.506 0.638 0.505 0.638 0.502 0.641 0.502 0.641 0.501 0.642 0.501 0.645 0.502 0.646 0.502 0.647 0.505 0.649 0.506 0.649 0.507 0.65 0.509 0.65 0.51 0.649 0.512 0.649 0.512 0.648 0.515 0.647 0.515 0.646 0.516 0.645 0.516 0.642 0.515 0.641 0.515 0.641 0.512 0.639 0.512 0.638 0.51 0.638 0.509 0.638
6 0.791 0.625 0.79 0.626 0.789 0.626 0.785 0.628 0.785 0.629 0.784 0.63 0.784 0.633 0.785 0.634 0.785 0.634 0.789 0.637 0.79 0.637 0.791 0.638 0.793 0.638 0.794 0.637 0.796 0.637 0.796 0.636 0.798 0.634 0.798 0.634 0.799 0.633 0.799 0.63 0.798 0.629 0.798 0.628 0.796 0.627 0.796 0.626 0.794 0.626 0.793 0.625
6 0.848 0.62 0.847 0.62 0.846 0.62 0.843 0.623 0.843 0.623 0.842 0.624 0.842 0.627 0.843 0.628 0.843 0.629 0.846 0.631 0.847 0.631 0.848 0.632 0.85 0.632 0.851 0.631 0.853 0.631 0.853 0.63 0.855 0.629 0.855 0.628 0.856 0.627 0.856 0.624 0.855 0.623 0.855 0.623 0.853 0.621 0.853 0.62 0.851 0.62 0.85 0.62
6 0.878 0.616 0.877 0.616 0.876 0.616 0.873 0.619 0.873 0.62 0.872 0.62 0.872 0.623 0.873 0.624 0.873 0.625 0.876 0.627 0.877 0.627 0.878 0.628 0.88 0.628 0.881 0.627 0.883 0.627 0.883 0.627 0.885 0.625 0.885 0.624 0.886 0.623 0.886 0.62 0.885 0.62 0.885 0.619 0.883 0.617 0.883 0.616 0.881 0.616 0.88 0.616
6 0.494 0.612 0.493 0.613 0.492 0.613 0.489 0.616 0.489 0.616 0.488 0.617 0.488 0.62 0.489 0.621 0.489 0.622 0.492 0.624 0.493 0.624 0.494 0.625 0.496 0.625 0.497 0.624 0.499 0.624 0.499 0.623 0.501 0.622 0.501 0.621 0.502 0.62 0.502 0.617 0.501 0.616 0.501 0.616 0.499 0.614 0.499 0.613 0.497 0.613 0.496 0.612
6 0.458 0.604 0.457 0.605 0.456 0.605 0.453 0.607 0.453 0.608 0.452 0.609 0.452 0.612 0.453 0.612 0.453 0.613 0.456 0.616 0.457 0.616 0.458 0.616 0.46 0.616 0.461 0.616 0.464 0.616 0.464 0.615 0.466 0.613 0.466 0.612 0.467 0.612 0.467 0.609 0.466 0.608 0.466 0.607 0.464 0.605 0.464 0.605 0.461 0.605 0.46 0.604
6 0.552 0.598 0.551 0.599 0.55 0.599 0.547 0.602 0.547 0.602 0.546 0.603 0.546 0.606 0.547 0.607 0.547 0.608 0.55 0.61 0.551 0.61 0.552 0.611 0.554 0.611 0.555 0.61 0.557 0.61 0.557 0.609 0.559 0.608 0.559 0.607 0.56 0.606 0.56 0.603 0.559 0.602 0.559 0.602 0.557 0.6 0.557 0.599 0.555 0.599 0.554 0.598
6 0.232 0.594 0.231 0.595 0.23 0.595 0.227 0.597 0.227 0.598 0.226 0.598 0.226 0.602 0.227 0.602 0.227 0.603 0.23 0.605 0.231 0.605 0.232 0.606 0.234 0.606 0.235 0.605 0.238 0.605 0.238 0.605 0.24 0.603 0.24 0.602 0.241 0.602 0.241 0.598 0.24 0.598 0.24 0.597 0.238 0.595 0.238 0.595 0.235 0.595 0.234 0.594
6 0.445 0.576 0.444 0.577 0.443 0.577 0.44 0.579 0.44 0.58 0.439 0.58 0.439 0.584 0.44 0.584 0.44 0.585 0.443 0.588 0.444 0.588 0.445 0.588 0.447 0.588 0.448 0.588 0.45 0.588 0.45 0.587 0.452 0.585 0.452 0.584 0.453 0.584 0.453 0.58 0.452 0.58 0.452 0.579 0.45 0.577 0.45 0.577 0.448 0.577 0.447 0.576
6 0.888 0.571 0.886 0.572 0.885 0.572 0.882 0.574 0.882 0.575 0.881 0.576 0.881 0.579 0.882 0.58 0.882 0.58 0.885 0.583 0.886 0.583 0.888 0.584 0.89 0.584 0.891 0.583 0.893 0.583 0.893 0.582 0.895 0.58 0.895 0.58 0.896 0.579 0.896 0.576 0.895 0.575 0.895 0.574 0.893 0.573 0.893 0.572 0.891 0.572 0.89 0.571
6 0.136 0.57 0.135 0.571 0.134 0.571 0.131 0.573 0.131 0.574 0.13 0.575 0.13 0.578 0.131 0.579 0.131 0.58 0.134 0.582 0.135 0.582 0.136 0.583 0.139 0.583 0.14 0.582 0.142 0.582 0.142 0.581 0.144 0.58 0.144 0.579 0.145 0.578 0.145 0.575 0.144 0.574 0.144 0.573 0.142 0.572 0.142 0.571 0.14 0.571 0.139 0.57
6 0.278 0.557 0.277 0.558 0.276 0.558 0.273 0.56 0.273 0.561 0.272 0.562 0.272 0.565 0.273 0.566 0.273 0.566 0.276 0.569 0.277 0.569 0.278 0.57 0.28 0.57 0.281 0.569 0.283 0.569 0.283 0.568 0.285 0.566 0.285 0.566 0.286 0.565 0.286 0.562 0.285 0.561 0.285 0.56 0.283 0.559 0.283 0.558 0.281 0.558 0.28 0.557
6 0.886 0.552 0.885 0.552 0.884 0.552 0.881 0.555 0.881 0.555 0.88 0.556 0.88 0.559 0.881 0.56 0.881 0.561 0.884 0.563 0.885 0.563 0.886 0.564 0.889 0.564 0.89 0.563 0.892 0.563 0.892 0.562 0.894 0.561 0.894 0.56 0.895 0.559 0.895 0.556 0.894 0.555 0.894 0.555 0.892 0.553 0.892 0.552 0.89 0.552 0.889 0.552
6 0.676 0.552 0.675 0.552 0.674 0.552 0.671 0.555 0.671 0.555 0.67 0.556 0.67 0.559 0.671 0.56 0.671 0.561 0.674 0.563 0.675 0.563 0.676 0.564 0.678 0.564 0.679 0.563 0.681 0.563 0.681 0.562 0.683 0.561 0.683 0.56 0.684 0.559 0.684 0.556 0.683 0.555 0.683 0.555 0.681 0.553 0.681 0.552 0.679 0.552 0.678 0.552
6 0.169 0.548 0.168 0.548 0.167 0.548 0.164 0.551 0.164 0.552 0.162 0.552 0.162 0.553 0.161 0.554 0.16 0.554 0.159 0.553 0.157 0.553 0.156 0.554 0.155 0.554 0.152 0.556 0.152 0.557 0.151 0.558 0.151 0.561 0.152 0.562 0.152 0.562 0.155 0.565 0.156 0.565 0.157 0.566 0.159 0.566 0.16 0.565 0.162 0.565 0.162 0.564 0.165 0.562 0.165 0.562 0.166 0.561 0.166 0.56 0.167 0.559 0.168 0.559 0.169 0.56 0.171 0.56 0.172 0.559 0.174 0.559 0.174 0.559 0.176 0.557 0.176 0.556 0.177 0.555 0.177 0.552 0.176 0.552 0.176 0.551 0.174 0.549 0.174 0.548 0.172 0.548 0.171 0.548
6 0.621 0.545 0.62 0.546 0.619 0.546 0.616 0.548 0.616 0.549 0.615 0.55 0.615 0.553 0.616 0.554 0.616 0.555 0.619 0.557 0.62 0.557 0.621 0.558 0.623 0.558 0.624 0.557 0.626 0.557 0.626 0.556 0.628 0.555 0.628 0.554 0.629 0.553 0.629 0.55 0.628 0.549 0.628 0.548 0.626 0.547 0.626 0.546 0.624 0.546 0.623 0.545
6 0.574 0.545 0.573 0.545 0.572 0.545 0.569 0.548 0.569 0.548 0.568 0.549 0.568 0.552 0.569 0.553 0.569 0.554 0.572 0.556 0.573 0.556 0.574 0.557 0.576 0.557 0.577 0.556 0.579 0.556 0.579 0.555 0.581 0.554 0.581 0.553 0.582 0.552 0.582 0.549 0.581 0.548 0.581 0.548 0.579 0.546 0.579 0.545 0.577 0.545 0.576 0.545
6 0.718 0.54 0.717 0.541 0.716 0.541 0.712 0.543 0.712 0.544 0.711 0.545 0.711 0.548 0.712 0.548 0.712 0.549 0.716 0.552 0.717 0.552 0.718 0.552 0.72 0.552 0.721 0.552 0.723 0.552 0.723 0.551 0.725 0.549 0.725 0.548 0.726 0.548 0.726 0.545 0.725 0.544 0.725 0.543 0.723 0.541 0.723 0.541 0.721 0.541 0.72 0.54
6 0.421 0.537 0.42 0.538 0.419 0.538 0.416 0.54 0.416 0.541 0.415 0.541 0.415 0.545 0.416 0.545 0.416 0.546 0.419 0.548 0.42 0.548 0.421 0.549 0.423 0.549 0.424 0.548 0.426 0.548 0.426 0.548 0.428 0.546 0.428 0.545 0.429 0.545 0.429 0.541 0.428 0.541 0.428 0.54 0.426 0.538 0.426 0.538 0.424 0.538 0.423 0.537
6 0.684 0.534 0.683 0.535 0.682 0.535 0.679 0.538 0.679 0.538 0.678 0.539 0.678 0.542 0.679 0.543 0.679 0.544 0.682 0.546 0.683 0.546 0.684 0.547 0.686 0.547 0.688 0.546 0.69 0.546 0.69 0.545 0.692 0.544 0.692 0.543 0.693 0.542 0.693 0.539 0.692 0.538 0.692 0.538 0.69 0.536 0.69 0.535 0.688 0.535 0.686 0.534
6 0.349 0.533 0.348 0.534 0.347 0.534 0.344 0.536 0.344 0.537 0.343 0.538 0.343 0.541 0.344 0.541 0.344 0.542 0.347 0.545 0.348 0.545 0.349 0.545 0.351 0.545 0.352 0.545 0.354 0.545 0.354 0.544 0.356 0.542 0.356 0.541 0.357 0.541 0.357 0.538 0.356 0.537 0.356 0.536 0.354 0.534 0.354 0.534 0.352 0.534 0.351 0.533
6 0.664 0.53 0.662 0.53 0.661 0.53 0.658 0.533 0.658 0.534 0.657 0.534 0.657 0.538 0.658 0.538 0.658 0.539 0.661 0.541 0.662 0.541 0.664 0.542 0.666 0.542 0.667 0.541 0.669 0.541 0.669 0.541 0.671 0.539 0.671 0.538 0.672 0.538 0.672 0.534 0.671 0.534 0.671 0.533 0.669 0.531 0.669 0.53 0.667 0.53 0.666 0.53
6 0.623 0.525 0.622 0.526 0.621 0.526 0.618 0.528 0.618 0.529 0.617 0.53 0.617 0.533 0.618 0.534 0.618 0.534 0.621 0.537 0.622 0.537 0.623 0.538 0.625 0.538 0.626 0.537 0.628 0.537 0.628 0.536 0.63 0.534 0.63 0.534 0.631 0.533 0.631 0.53 0.63 0.529 0.63 0.528 0.628 0.527 0.628 0.526 0.626 0.526 0.625 0.525
6 0.508 0.524 0.507 0.525 0.506 0.525 0.503 0.527 0.503 0.528 0.502 0.529 0.502 0.532 0.503 0.533 0.503 0.534 0.506 0.536 0.507 0.536 0.508 0.537 0.51 0.537 0.511 0.536 0.514 0.536 0.514 0.535 0.516 0.534 0.516 0.533 0.517 0.532 0.517 0.529 0.516 0.528 0.516 0.527 0.514 0.526 0.514 0.525 0.511 0.525 0.51 0.524
6 0.22 0.523 0.219 0.523 0.218 0.523 0.215 0.526 0.215 0.527 0.214 0.527 0.214 0.53 0.215 0.531 0.215 0.532 0.218 0.534 0.219 0.534 0.22 0.535 0.222 0.535 0.223 0.534 0.225 0.534 0.225 0.534 0.227 0.532 0.227 0.531 0.228 0.53 0.228 0.527 0.227 0.527 0.227 0.526 0.225 0.524 0.225 0.523 0.223 0.523 0.222 0.523
6 0.288 0.519 0.286 0.52 0.285 0.52 0.282 0.522 0.282 0.523 0.281 0.523 0.281 0.527 0.282 0.527 0.282 0.528 0.285 0.53 0.286 0.53 0.288 0.531 0.29 0.531 0.291 0.53 0.293 0.53 0.293 0.53 0.295 0.528 0.295 0.527 0.296 0.527 0.296 0.523 0.295 0.523 0.295 0.522 0.293 0.52 0.293 0.52 0.291 0.52 0.29 0.519
6 0.635 0.514 0.634 0.515 0.633 0.515 0.63 0.517 0.63 0.518 0.629 0.519 0.629 0.522 0.63 0.523 0.63 0.523 0.633 0.526 0.634 0.526 0.635 0.527 0.638 0.527 0.639 0.526 0.641 0.526 0.641 0.525 0.643 0.523 0.643 0.523 0.644 0.522 0.644 0.519 0.643 0.518 0.643 0.517 0.641 0.516 0.641 0.515 0.639 0.515 0.638 0.514
6 0.843 0.509 0.842 0.509 0.841 0.509 0.838 0.512 0.838 0.512 0.836 0.513 0.836 0.516 0.838 0.517 0.838 0.518 0.841 0.52 0.842 0.52 0.843 0.521 0.845 0.521 0.846 0.52 0.848 0.52 0.848 0.52 0.85 0.518 0.85 0.517 0.851 0.516 0.851 0.513 0.85 0.512 0.85 0.512 0.848 0.51 0.848 0.509 0.846 0.509 0.845 0.509
6 0.233 0.5 0.232 0.501 0.231 0.501 0.228 0.503 0.228 0.504 0.227 0.505 0.227 0.508 0.228 0.509 0.228 0.509 0.231 0.512 0.232 0.512 0.233 0.512 0.235 0.512 0.236 0.512 0.239 0.512 0.239 0.511 0.241 0.509 0.241 0.509 0.242 0.508 0.242 0.505 0.241 0.504 0.241 0.503 0.239 0.502 0.239 0.501 0.236 0.501 0.235 0.5
6 0.592 0.497 0.591 0.498 0.59 0.498 0.586 0.5 0.586 0.501 0.585 0.502 0.585 0.505 0.586 0.505 0.586 0.506 0.59 0.509 0.591 0.509 0.592 0.509 0.594 0.509 0.595 0.509 0.597 0.509 0.597 0.508 0.599 0.506 0.599 0.505 0.6 0.505 0.6 0.502 0.599 0.501 0.599 0.5 0.597 0.498 0.597 0.498 0.595 0.498 0.594 0.497
6 0.285 0.491 0.284 0.492 0.283 0.492 0.28 0.495 0.28 0.495 0.279 0.496 0.279 0.499 0.28 0.5 0.28 0.501 0.283 0.503 0.284 0.503 0.285 0.504 0.288 0.504 0.289 0.503 0.291 0.503 0.291 0.502 0.293 0.501 0.293 0.5 0.294 0.499 0.294 0.496 0.293 0.495 0.293 0.495 0.291 0.493 0.291 0.492 0.289 0.492 0.288 0.491
6 0.89 0.488 0.889 0.489 0.888 0.489 0.884 0.491 0.884 0.492 0.883 0.493 0.883 0.496 0.884 0.497 0.884 0.498 0.888 0.5 0.889 0.5 0.89 0.501 0.892 0.501 0.893 0.5 0.895 0.5 0.895 0.499 0.897 0.498 0.897 0.497 0.898 0.496 0.898 0.493 0.897 0.492 0.897 0.491 0.895 0.49 0.895 0.489 0.893 0.489 0.892 0.488
6 0.304 0.487 0.303 0.488 0.302 0.488 0.299 0.49 0.299 0.491 0.298 0.491 0.298 0.495 0.299 0.495 0.299 0.496 0.302 0.498 0.303 0.498 0.304 0.499 0.306 0.499 0.307 0.498 0.309 0.498 0.309 0.498 0.311 0.496 0.311 0.495 0.312 0.495 0.312 0.491 0.311 0.491 0.311 0.49 0.309 0.488 0.309 0.488 0.307 0.488 0.306 0.487
6 0.156 0.487 0.155 0.488 0.154 0.488 0.151 0.49 0.151 0.491 0.15 0.491 0.15 0.495 0.151 0.495 0.151 0.496 0.154 0.498 0.155 0.498 0.156 0.499 0.158 0.499 0.159 0.498 0.161 0.498 0.161 0.498 0.164 0.496 0.164 0.495 0.165 0.495 0.165 0.491 0.164 0.491 0.164 0.49 0.161 0.488 0.161 0.488 0.159 0.488 0.158 0.487
6 0.373 0.486 0.372 0.487 0.371 0.487 0.368 0.489 0.368 0.49 0.367 0.491 0.367 0.494 0.368 0.495 0.368 0.495 0.371 0.498 0.372 0.498 0.373 0.498 0.375 0.498 0.376 0.498 0.378 0.498 0.378 0.497 0.38 0.495 0.38 0.495 0.381 0.494 0.381 0.491 0.38 0.49 0.38 0.489 0.378 0.488 0.378 0.487 0.376 0.487 0.375 0.486
6 0.798 0.485 0.797 0.486 0.796 0.486 0.793 0.488 0.793 0.489 0.792 0.49 0.792 0.493 0.793 0.494 0.793 0.495 0.796 0.497 0.797 0.497 0.798 0.498 0.8 0.498 0.801 0.497 0.803 0.497 0.803 0.496 0.805 0.495 0.805 0.494 0.806 0.493 0.806 0.49 0.805 0.489 0.805 0.488 0.803 0.487 0.803 0.486 0.801 0.486 0.8 0.485
6 0.34 0.478 0.339 0.479 0.338 0.479 0.334 0.481 0.334 0.482 0.333 0.483 0.333 0.486 0.334 0.487 0.334 0.488 0.338 0.49 0.339 0.49 0.34 0.491 0.342 0.491 0.343 0.49 0.345 0.49 0.345 0.489 0.347 0.488 0.347 0.487 0.348 0.486 0.348 0.483 0.347 0.482 0.347 0.481 0.345 0.48 0.345 0.479 0.343 0.479 0.342 0.478
6 0.504 0.47 0.503 0.47 0.502 0.47 0.499 0.473 0.499 0.473 0.498 0.474 0.498 0.477 0.499 0.478 0.499 0.479 0.502 0.481 0.503 0.481 0.504 0.482 0.506 0.482 0.507 0.481 0.509 0.481 0.509 0.48 0.511 0.479 0.511 0.478 0.512 0.477 0.512 0.474 0.511 0.473 0.511 0.473 0.509 0.471 0.509 0.47 0.507 0.47 0.506 0.47
6 0.32 0.469 0.319 0.47 0.318 0.47 0.315 0.472 0.315 0.473 0.314 0.473 0.314 0.477 0.315 0.477 0.315 0.478 0.318 0.48 0.319 0.48 0.32 0.481 0.322 0.481 0.323 0.48 0.325 0.48 0.325 0.48 0.327 0.478 0.327 0.477 0.328 0.477 0.328 0.473 0.327 0.473 0.327 0.472 0.325 0.47 0.325 0.47 0.323 0.47 0.322 0.469
6 0.839 0.468 0.838 0.469 0.836 0.469 0.833 0.471 0.833 0.472 0.832 0.473 0.832 0.476 0.833 0.477 0.833 0.477 0.836 0.48 0.838 0.48 0.839 0.48 0.841 0.48 0.842 0.48 0.844 0.48 0.844 0.479 0.846 0.477 0.846 0.477 0.847 0.476 0.847 0.473 0.846 0.472 0.846 0.471 0.844 0.47 0.844 0.469 0.842 0.469 0.841 0.468
6 0.544 0.467 0.543 0.468 0.542 0.468 0.539 0.47 0.539 0.471 0.538 0.472 0.538 0.475 0.539 0.476 0.539 0.477 0.542 0.479 0.543 0.479 0.544 0.48 0.546 0.48 0.547 0.479 0.549 0.479 0.549 0.478 0.551 0.477 0.551 0.476 0.552 0.475 0.552 0.472 0.551 0.471 0.551 0.47 0.549 0.469 0.549 0.468 0.547 0.468 0.546 0.467
6 0.665 0.458 0.664 0.459 0.662 0.459 0.659 0.461 0.659 0.462 0.658 0.462 0.658 0.466 0.659 0.466 0.659 0.467 0.662 0.47 0.664 0.47 0.665 0.47 0.667 0.47 0.668 0.47 0.67 0.47 0.67 0.469 0.672 0.467 0.672 0.466 0.673 0.466 0.673 0.462 0.672 0.462 0.672 0.461 0.67 0.459 0.67 0.459 0.668 0.459 0.667 0.458
6 0.311 0.453 0.31 0.454 0.309 0.454 0.306 0.456 0.306 0.457 0.305 0.458 0.305 0.461 0.306 0.462 0.306 0.462 0.309 0.465 0.31 0.465 0.311 0.466 0.314 0.466 0.315 0.465 0.317 0.465 0.317 0.464 0.319 0.462 0.319 0.462 0.32 0.461 0.32 0.458 0.319 0.457 0.319 0.456 0.317 0.455 0.317 0.454 0.315 0.454 0.314 0.453
6 0.197 0.445 0.196 0.446 0.195 0.446 0.192 0.448 0.192 0.449 0.191 0.45 0.191 0.453 0.192 0.454 0.192 0.455 0.195 0.457 0.196 0.457 0.197 0.458 0.199 0.458 0.2 0.457 0.202 0.457 0.202 0.456 0.204 0.455 0.204 0.454 0.205 0.453 0.205 0.45 0.204 0.449 0.204 0.448 0.202 0.447 0.202 0.446 0.2 0.446 0.199 0.445
6 0.544 0.441 0.543 0.442 0.542 0.442 0.539 0.445 0.539 0.445 0.538 0.446 0.538 0.449 0.539 0.45 0.539 0.451 0.542 0.453 0.543 0.453 0.544 0.454 0.546 0.454 0.547 0.453 0.549 0.453 0.549 0.452 0.551 0.451 0.551 0.45 0.552 0.449 0.552 0.446 0.551 0.445 0.551 0.445 0.549 0.443 0.549 0.442 0.547 0.442 0.546 0.441
6 0.783 0.433 0.782 0.434 0.781 0.434 0.778 0.436 0.778 0.437 0.777 0.438 0.777 0.441 0.778 0.441 0.778 0.442 0.781 0.445 0.782 0.445 0.783 0.445 0.785 0.445 0.786 0.445 0.789 0.445 0.789 0.444 0.791 0.442 0.791 0.441 0.792 0.441 0.792 0.438 0.791 0.437 0.791 0.436 0.789 0.434 0.789 0.434 0.786 0.434 0.785 0.433
6 0.304 0.433 0.303 0.434 0.302 0.434 0.299 0.436 0.299 0.437 0.298 0.438 0.298 0.441 0.299 0.441 0.299 0.442 0.302 0.445 0.303 0.445 0.304 0.445 0.306 0.445 0.307 0.445 0.309 0.445 0.309 0.444 0.311 0.442 0.311 0.441 0.312 0.441 0.312 0.438 0.311 0.437 0.311 0.436 0.309 0.434 0.309 0.434 0.307 0.434 0.306 0.433
6 0.585 0.43 0.584 0.43 0.583 0.43 0.58 0.433 0.58 0.434 0.579 0.434 0.579 0.438 0.58 0.438 0.58 0.439 0.583 0.441 0.584 0.441 0.585 0.442 0.588 0.442 0.589 0.441 0.591 0.441 0.591 0.441 0.593 0.439 0.593 0.438 0.594 0.438 0.594 0.434 0.593 0.434 0.593 0.433 0.591 0.431 0.591 0.43 0.589 0.43 0.588 0.43
6 0.21 0.429 0.209 0.43 0.208 0.43 0.205 0.432 0.205 0.433 0.204 0.434 0.204 0.437 0.205 0.438 0.205 0.438 0.208 0.441 0.209 0.441 0.21 0.441 0.212 0.441 0.214 0.441 0.216 0.441 0.216 0.44 0.218 0.438 0.218 0.438 0.219 0.437 0.219 0.434 0.218 0.433 0.218 0.432 0.216 0.43 0.216 0.43 0.214 0.43 0.212 0.429
6 0.379 0.424 0.378 0.425 0.377 0.425 0.374 0.427 0.374 0.428 0.373 0.429 0.373 0.432 0.374 0.433 0.374 0.434 0.377 0.436 0.378 0.436 0.379 0.437 0.381 0.437 0.382 0.436 0.384 0.436 0.384 0.435 0.386 0.434 0.386 0.433 0.388 0.432 0.388 0.429 0.386 0.428 0.386 0.427 0.384 0.426 0.384 0.425 0.382 0.425 0.381 0.424
6 0.424 0.416 0.423 0.417 0.422 0.417 0.419 0.42 0.419 0.42 0.418 0.421 0.418 0.424 0.419 0.425 0.419 0.426 0.422 0.428 0.423 0.428 0.424 0.429 0.426 0.429 0.427 0.428 0.429 0.428 0.429 0.427 0.431 0.426 0.431 0.425 0.432 0.424 0.432 0.421 0.431 0.42 0.431 0.42 0.429 0.418 0.429 0.417 0.427 0.417 0.426 0.416
6 0.679 0.409 0.678 0.409 0.677 0.409 0.674 0.412 0.674 0.412 0.673 0.413 0.673 0.416 0.674 0.417 0.674 0.418 0.677 0.42 0.678 0.42 0.679 0.421 0.681 0.421 0.682 0.42 0.684 0.42 0.684 0.42 0.686 0.418 0.686 0.417 0.688 0.416 0.688 0.413 0.686 0.412 0.686 0.412 0.684 0.41 0.684 0.409 0.682 0.409 0.681 0.409
6 0.75 0.407 0.749 0.408 0.748 0.408 0.745 0.41 0.745 0.411 0.744 0.412 0.744 0.415 0.745 0.416 0.745 0.416 0.748 0.419 0.749 0.419 0.75 0.42 0.752 0.42 0.753 0.419 0.755 0.419 0.755 0.418 0.757 0.416 0.757 0.416 0.758 0.415 0.758 0.412 0.757 0.411 0.757 0.41 0.755 0.409 0.755 0.408 0.753 0.408 0.752 0.407
6 0.417 0.393 0.416 0.394 0.415 0.394 0.411 0.396 0.411 0.397 0.41 0.398 0.41 0.401 0.409 0.402 0.408 0.402 0.407 0.401 0.405 0.401 0.404 0.402 0.403 0.402 0.4 0.404 0.4 0.405 0.399 0.405 0.399 0.409 0.4 0.409 0.4 0.41 0.403 0.412 0.404 0.412 0.405 0.413 0.407 0.413 0.408 0.412 0.41 0.412 0.41 0.412 0.412 0.41 0.412 0.409 0.414 0.409 0.414 0.405 0.415 0.405 0.416 0.405 0.417 0.405 0.419 0.405 0.42 0.405 0.422 0.405 0.422 0.404 0.424 0.402 0.424 0.402 0.425 0.401 0.425 0.398 0.424 0.397 0.424 0.396 0.422 0.395 0.422 0.394 0.42 0.394 0.419 0.393
6 0.617 0.364 0.616 0.365 0.615 0.365 0.611 0.367 0.611 0.368 0.61 0.369 0.61 0.372 0.611 0.373 0.611 0.373 0.615 0.376 0.616 0.376 0.617 0.377 0.619 0.377 0.62 0.376 0.622 0.376 0.622 0.375 0.624 0.373 0.624 0.373 0.625 0.372 0.625 0.369 0.624 0.368 0.624 0.367 0.622 0.366 0.622 0.365 0.62 0.365 0.619 0.364
6 0.638 0.356 0.636 0.357 0.635 0.357 0.632 0.359 0.632 0.36 0.631 0.361 0.631 0.364 0.632 0.365 0.632 0.366 0.635 0.368 0.636 0.368 0.638 0.369 0.64 0.369 0.641 0.368 0.643 0.368 0.643 0.367 0.645 0.366 0.645 0.365 0.646 0.364 0.646 0.361 0.645 0.36 0.645 0.359 0.643 0.358 0.643 0.357 0.641 0.357 0.64 0.356
6 0.359 0.352 0.358 0.352 0.357 0.352 0.354 0.355 0.354 0.355 0.353 0.356 0.353 0.359 0.354 0.36 0.354 0.361 0.357 0.363 0.358 0.363 0.359 0.364 0.361 0.364 0.362 0.363 0.365 0.363 0.365 0.362 0.367 0.361 0.367 0.36 0.368 0.359 0.368 0.356 0.367 0.355 0.367 0.355 0.365 0.353 0.365 0.352 0.362 0.352 0.361 0.352
6 0.464 0.336 0.462 0.337 0.461 0.337 0.458 0.339 0.458 0.34 0.457 0.341 0.457 0.344 0.458 0.345 0.458 0.345 0.461 0.348 0.462 0.348 0.464 0.348 0.466 0.348 0.467 0.348 0.469 0.348 0.469 0.347 0.471 0.345 0.471 0.345 0.472 0.344 0.472 0.341 0.471 0.34 0.471 0.339 0.469 0.338 0.469 0.337 0.467 0.337 0.466 0.336
