0 0.589 0.795 0.588 0.795 0.584 0.795 0.576 0.802 0.576 0.804 0.575 0.805 0.575 0.81 0.576 0.811 0.576 0.812 0.584 0.819 0.588 0.819 0.589 0.82 0.596 0.82 0.597 0.819 0.599 0.819 0.607 0.812 0.607 0.811 0.608 0.81 0.608 0.805 0.607 0.804 0.607 0.802 0.599 0.795 0.597 0.795 0.596 0.795
0 0.349 0.794 0.348 0.795 0.346 0.795 0.345 0.795 0.344 0.795 0.343 0.796 0.342 0.796 0.338 0.799 0.338 0.8 0.336 0.801 0.336 0.802 0.335 0.802 0.335 0.804 0.334 0.805 0.334 0.811 0.335 0.812 0.335 0.813 0.336 0.814 0.336 0.815 0.339 0.816 0.339 0.817 0.342 0.82 0.343 0.82 0.344 0.82 0.345 0.82 0.346 0.821 0.348 0.821 0.349 0.822 0.357 0.822 0.358 0.821 0.36 0.821 0.361 0.82 0.362 0.82 0.365 0.819 0.366 0.819 0.368 0.817 0.368 0.816 0.37 0.815 0.37 0.814 0.371 0.813 0.371 0.812 0.372 0.811 0.372 0.805 0.371 0.804 0.371 0.802 0.37 0.802 0.37 0.801 0.369 0.8 0.369 0.799 0.366 0.797 0.365 0.797 0.362 0.795 0.361 0.795 0.36 0.795 0.358 0.795 0.357 0.794
0 0.286 0.786 0.285 0.787 0.282 0.787 0.274 0.793 0.274 0.795 0.273 0.796 0.273 0.802 0.274 0.802 0.274 0.804 0.282 0.81 0.285 0.81 0.286 0.811 0.294 0.811 0.295 0.81 0.297 0.81 0.305 0.804 0.305 0.802 0.306 0.802 0.306 0.796 0.305 0.795 0.305 0.793 0.297 0.787 0.295 0.787 0.294 0.786
0 0.669 0.769 0.668 0.77 0.665 0.77 0.656 0.776 0.656 0.778 0.655 0.779 0.655 0.784 0.656 0.785 0.656 0.787 0.665 0.793 0.668 0.793 0.669 0.794 0.676 0.794 0.677 0.793 0.679 0.793 0.688 0.787 0.688 0.785 0.689 0.784 0.689 0.779 0.688 0.778 0.688 0.776 0.679 0.77 0.677 0.77 0.676 0.769
0 0.546 0.748 0.545 0.748 0.542 0.748 0.533 0.755 0.533 0.757 0.532 0.758 0.532 0.762 0.531 0.763 0.525 0.763 0.524 0.764 0.521 0.764 0.512 0.77 0.512 0.773 0.511 0.773 0.511 0.779 0.512 0.78 0.512 0.781 0.521 0.788 0.524 0.788 0.525 0.788 0.532 0.788 0.533 0.788 0.535 0.788 0.544 0.781 0.544 0.78 0.545 0.779 0.545 0.773 0.546 0.773 0.553 0.773 0.554 0.772 0.556 0.772 0.565 0.766 0.565 0.764 0.566 0.763 0.566 0.758 0.565 0.757 0.565 0.755 0.556 0.748 0.554 0.748 0.553 0.748
0 0.331 0.745 0.33 0.745 0.327 0.745 0.319 0.752 0.319 0.754 0.318 0.755 0.318 0.76 0.319 0.761 0.319 0.762 0.327 0.769 0.33 0.769 0.331 0.77 0.339 0.77 0.34 0.769 0.342 0.769 0.35 0.762 0.35 0.761 0.351 0.76 0.351 0.755 0.35 0.754 0.35 0.752 0.342 0.745 0.34 0.745 0.339 0.745
0 0.268 0.745 0.267 0.745 0.264 0.745 0.255 0.752 0.255 0.754 0.254 0.755 0.254 0.76 0.255 0.761 0.255 0.762 0.264 0.769 0.267 0.769 0.268 0.77 0.275 0.77 0.276 0.769 0.278 0.769 0.286 0.762 0.286 0.761 0.288 0.76 0.288 0.755 0.286 0.754 0.286 0.752 0.278 0.745 0.276 0.745 0.275 0.745
0 0.65 0.743 0.649 0.744 0.646 0.744 0.638 0.75 0.638 0.752 0.636 0.753 0.636 0.759 0.638 0.759 0.638 0.761 0.646 0.767 0.649 0.767 0.65 0.768 0.657 0.768 0.658 0.767 0.66 0.767 0.669 0.761 0.669 0.759 0.67 0.759 0.67 0.753 0.669 0.752 0.669 0.75 0.66 0.744 0.658 0.744 0.657 0.743
0 0.223 0.74 0.222 0.741 0.22 0.741 0.219 0.741 0.218 0.741 0.217 0.742 0.216 0.742 0.211 0.745 0.211 0.746 0.21 0.747 0.21 0.748 0.209 0.748 0.209 0.75 0.208 0.751 0.208 0.757 0.209 0.758 0.209 0.759 0.21 0.76 0.21 0.761 0.212 0.762 0.212 0.763 0.216 0.766 0.217 0.766 0.218 0.766 0.219 0.766 0.22 0.767 0.222 0.767 0.223 0.768 0.231 0.768 0.232 0.767 0.234 0.767 0.235 0.766 0.236 0.766 0.239 0.765 0.24 0.765 0.242 0.763 0.242 0.762 0.244 0.761 0.244 0.76 0.245 0.759 0.245 0.758 0.246 0.757 0.246 0.751 0.245 0.75 0.245 0.748 0.244 0.748 0.244 0.747 0.243 0.746 0.243 0.745 0.24 0.743 0.239 0.743 0.236 0.741 0.235 0.741 0.234 0.741 0.232 0.741 0.231 0.74
0 0.572 0.738 0.571 0.738 0.57 0.738 0.569 0.739 0.568 0.739 0.566 0.741 0.566 0.741 0.565 0.742 0.565 0.743 0.564 0.744 0.564 0.747 0.565 0.748 0.565 0.748 0.566 0.749 0.566 0.75 0.568 0.752 0.569 0.752 0.57 0.752 0.571 0.752 0.572 0.753 0.578 0.753 0.579 0.752 0.58 0.752 0.582 0.751 0.583 0.751 0.584 0.75 0.584 0.749 0.585 0.748 0.585 0.748 0.586 0.747 0.586 0.744 0.585 0.743 0.585 0.742 0.584 0.741 0.584 0.741 0.583 0.74 0.582 0.74 0.58 0.738 0.579 0.738 0.578 0.738
0 0.379 0.736 0.378 0.737 0.375 0.737 0.367 0.743 0.367 0.745 0.366 0.746 0.366 0.752 0.367 0.752 0.367 0.754 0.375 0.76 0.378 0.76 0.379 0.761 0.386 0.761 0.388 0.76 0.39 0.76 0.398 0.754 0.398 0.752 0.399 0.752 0.399 0.746 0.398 0.745 0.398 0.743 0.39 0.737 0.388 0.737 0.386 0.736
0 0.568 0.72 0.567 0.721 0.566 0.721 0.565 0.722 0.564 0.722 0.561 0.723 0.56 0.723 0.559 0.723 0.553 0.723 0.552 0.723 0.551 0.723 0.55 0.724 0.549 0.724 0.547 0.726 0.547 0.727 0.546 0.727 0.546 0.728 0.545 0.729 0.545 0.732 0.546 0.733 0.546 0.734 0.547 0.734 0.547 0.735 0.549 0.737 0.55 0.737 0.551 0.738 0.552 0.738 0.553 0.738 0.559 0.738 0.56 0.738 0.561 0.738 0.564 0.736 0.565 0.736 0.566 0.735 0.567 0.735 0.568 0.736 0.574 0.736 0.575 0.735 0.576 0.735 0.578 0.734 0.579 0.734 0.58 0.733 0.58 0.732 0.581 0.731 0.581 0.73 0.582 0.73 0.582 0.727 0.581 0.726 0.581 0.725 0.58 0.724 0.58 0.723 0.579 0.723 0.578 0.723 0.576 0.721 0.575 0.721 0.574 0.72
0 0.445 0.713 0.444 0.714 0.442 0.714 0.441 0.715 0.44 0.715 0.436 0.717 0.435 0.717 0.434 0.716 0.428 0.716 0.427 0.717 0.426 0.717 0.425 0.718 0.424 0.718 0.422 0.72 0.422 0.72 0.421 0.721 0.421 0.722 0.42 0.723 0.42 0.726 0.421 0.727 0.421 0.727 0.422 0.728 0.422 0.729 0.424 0.73 0.425 0.73 0.426 0.731 0.427 0.731 0.428 0.732 0.434 0.732 0.435 0.731 0.436 0.731 0.439 0.73 0.44 0.73 0.441 0.73 0.442 0.731 0.444 0.731 0.445 0.732 0.451 0.732 0.452 0.731 0.453 0.731 0.454 0.73 0.456 0.73 0.459 0.728 0.459 0.727 0.46 0.727 0.46 0.726 0.461 0.725 0.461 0.72 0.46 0.72 0.46 0.719 0.459 0.718 0.459 0.717 0.456 0.715 0.454 0.715 0.453 0.714 0.452 0.714 0.451 0.713
0 0.497 0.709 0.496 0.709 0.495 0.709 0.494 0.71 0.493 0.71 0.491 0.712 0.491 0.712 0.49 0.713 0.49 0.714 0.489 0.715 0.489 0.718 0.49 0.719 0.49 0.72 0.489 0.72 0.485 0.72 0.484 0.721 0.483 0.721 0.482 0.722 0.481 0.722 0.479 0.723 0.479 0.724 0.478 0.725 0.478 0.726 0.477 0.727 0.477 0.73 0.478 0.73 0.478 0.731 0.479 0.732 0.479 0.733 0.481 0.734 0.482 0.734 0.483 0.735 0.483 0.736 0.482 0.737 0.481 0.737 0.48 0.738 0.479 0.738 0.477 0.739 0.477 0.74 0.476 0.741 0.476 0.741 0.475 0.742 0.475 0.745 0.476 0.746 0.476 0.747 0.477 0.748 0.477 0.748 0.479 0.75 0.48 0.75 0.481 0.751 0.482 0.751 0.483 0.752 0.49 0.752 0.491 0.751 0.492 0.751 0.494 0.749 0.495 0.749 0.496 0.748 0.496 0.748 0.497 0.747 0.497 0.746 0.498 0.745 0.498 0.742 0.497 0.741 0.497 0.741 0.496 0.74 0.496 0.739 0.495 0.738 0.494 0.738 0.492 0.737 0.492 0.736 0.493 0.735 0.494 0.735 0.496 0.734 0.497 0.734 0.498 0.733 0.498 0.732 0.499 0.731 0.499 0.73 0.5 0.73 0.501 0.73 0.501 0.734 0.502 0.734 0.502 0.735 0.503 0.736 0.503 0.737 0.505 0.738 0.506 0.738 0.507 0.739 0.508 0.739 0.509 0.74 0.516 0.74 0.517 0.739 0.518 0.739 0.52 0.738 0.521 0.738 0.522 0.737 0.522 0.736 0.523 0.735 0.523 0.734 0.524 0.734 0.524 0.73 0.523 0.73 0.523 0.729 0.522 0.728 0.522 0.727 0.521 0.727 0.52 0.727 0.518 0.725 0.517 0.725 0.516 0.724 0.509 0.724 0.508 0.725 0.507 0.725 0.506 0.726 0.505 0.726 0.503 0.727 0.503 0.728 0.502 0.729 0.502 0.73 0.501 0.73 0.5 0.73 0.5 0.727 0.499 0.726 0.499 0.725 0.5 0.724 0.503 0.724 0.504 0.723 0.505 0.723 0.507 0.722 0.508 0.722 0.509 0.721 0.509 0.72 0.51 0.72 0.51 0.719 0.511 0.718 0.511 0.715 0.51 0.714 0.51 0.713 0.509 0.712 0.509 0.712 0.508 0.711 0.507 0.711 0.505 0.709 0.504 0.709 0.503 0.709
0 0.412 0.698 0.411 0.699 0.409 0.699 0.408 0.7 0.405 0.7 0.404 0.699 0.398 0.699 0.397 0.7 0.395 0.7 0.394 0.701 0.393 0.701 0.39 0.703 0.39 0.704 0.389 0.705 0.389 0.705 0.388 0.706 0.388 0.711 0.389 0.712 0.389 0.712 0.39 0.713 0.39 0.714 0.393 0.716 0.394 0.716 0.395 0.717 0.397 0.717 0.398 0.718 0.404 0.718 0.405 0.717 0.406 0.717 0.407 0.716 0.411 0.716 0.412 0.717 0.419 0.717 0.42 0.716 0.421 0.716 0.422 0.716 0.424 0.716 0.427 0.713 0.427 0.712 0.428 0.712 0.428 0.711 0.429 0.71 0.429 0.705 0.428 0.705 0.428 0.704 0.427 0.703 0.427 0.702 0.424 0.7 0.422 0.7 0.421 0.699 0.42 0.699 0.419 0.698
0 0.441 0.691 0.44 0.692 0.438 0.692 0.436 0.693 0.435 0.693 0.432 0.695 0.432 0.696 0.431 0.697 0.431 0.698 0.43 0.698 0.43 0.703 0.431 0.704 0.431 0.705 0.432 0.705 0.432 0.706 0.435 0.709 0.436 0.709 0.438 0.709 0.44 0.709 0.441 0.71 0.447 0.71 0.448 0.709 0.449 0.709 0.45 0.709 0.452 0.709 0.455 0.706 0.455 0.705 0.456 0.705 0.456 0.704 0.457 0.703 0.457 0.698 0.456 0.698 0.456 0.697 0.455 0.696 0.455 0.695 0.452 0.693 0.45 0.693 0.449 0.692 0.448 0.692 0.447 0.691
0 0.311 0.684 0.31 0.685 0.309 0.685 0.308 0.686 0.307 0.686 0.305 0.688 0.305 0.688 0.304 0.689 0.304 0.69 0.303 0.691 0.298 0.691 0.297 0.691 0.296 0.691 0.295 0.692 0.294 0.692 0.292 0.694 0.292 0.695 0.291 0.695 0.291 0.696 0.29 0.697 0.29 0.7 0.291 0.701 0.291 0.702 0.292 0.702 0.292 0.703 0.294 0.705 0.295 0.705 0.296 0.705 0.297 0.705 0.298 0.706 0.304 0.706 0.305 0.705 0.306 0.705 0.308 0.704 0.309 0.704 0.31 0.703 0.31 0.702 0.311 0.702 0.311 0.701 0.312 0.7 0.318 0.7 0.319 0.699 0.32 0.699 0.322 0.698 0.323 0.698 0.324 0.697 0.324 0.696 0.325 0.695 0.325 0.695 0.326 0.694 0.326 0.691 0.325 0.69 0.325 0.689 0.324 0.688 0.324 0.688 0.323 0.687 0.322 0.687 0.32 0.685 0.319 0.685 0.318 0.684
0 0.253 0.684 0.252 0.685 0.25 0.685 0.249 0.686 0.248 0.686 0.243 0.69 0.243 0.691 0.242 0.691 0.242 0.693 0.241 0.694 0.241 0.698 0.242 0.698 0.242 0.699 0.243 0.7 0.243 0.701 0.248 0.705 0.249 0.705 0.25 0.705 0.251 0.705 0.252 0.706 0.252 0.709 0.253 0.71 0.253 0.711 0.254 0.712 0.254 0.712 0.259 0.716 0.26 0.716 0.261 0.717 0.264 0.717 0.265 0.718 0.269 0.718 0.274 0.722 0.275 0.722 0.276 0.723 0.278 0.723 0.279 0.723 0.284 0.723 0.285 0.723 0.286 0.723 0.288 0.722 0.289 0.722 0.294 0.718 0.294 0.717 0.295 0.716 0.295 0.716 0.296 0.715 0.296 0.711 0.295 0.71 0.295 0.709 0.294 0.708 0.294 0.707 0.289 0.703 0.288 0.703 0.286 0.702 0.285 0.702 0.284 0.702 0.279 0.702 0.274 0.698 0.273 0.698 0.272 0.697 0.271 0.697 0.27 0.696 0.27 0.694 0.269 0.693 0.269 0.691 0.268 0.691 0.268 0.69 0.262 0.686 0.261 0.686 0.26 0.685 0.259 0.685 0.258 0.684
0 0.477 0.682 0.476 0.683 0.474 0.683 0.473 0.684 0.472 0.684 0.469 0.686 0.469 0.687 0.468 0.688 0.468 0.688 0.467 0.689 0.467 0.694 0.468 0.695 0.468 0.695 0.469 0.696 0.469 0.697 0.472 0.699 0.473 0.699 0.474 0.7 0.476 0.7 0.477 0.701 0.483 0.701 0.484 0.7 0.485 0.7 0.486 0.699 0.489 0.699 0.492 0.697 0.492 0.696 0.493 0.695 0.493 0.695 0.494 0.694 0.494 0.689 0.493 0.688 0.493 0.688 0.492 0.687 0.492 0.686 0.489 0.684 0.486 0.684 0.485 0.683 0.484 0.683 0.483 0.682
0 0.664 0.677 0.662 0.677 0.66 0.677 0.659 0.678 0.658 0.678 0.653 0.682 0.653 0.683 0.652 0.684 0.652 0.685 0.651 0.686 0.651 0.69 0.652 0.691 0.652 0.691 0.653 0.692 0.653 0.693 0.658 0.697 0.659 0.697 0.66 0.698 0.662 0.698 0.664 0.698 0.669 0.698 0.67 0.698 0.671 0.698 0.672 0.697 0.673 0.697 0.678 0.693 0.678 0.692 0.679 0.691 0.679 0.691 0.68 0.69 0.68 0.686 0.679 0.685 0.679 0.684 0.678 0.683 0.678 0.682 0.673 0.678 0.672 0.678 0.671 0.677 0.67 0.677 0.669 0.677
0 0.565 0.675 0.564 0.676 0.562 0.676 0.561 0.677 0.56 0.677 0.558 0.678 0.558 0.679 0.557 0.68 0.557 0.68 0.556 0.681 0.556 0.684 0.557 0.685 0.557 0.686 0.558 0.687 0.558 0.688 0.56 0.689 0.561 0.689 0.562 0.69 0.564 0.69 0.565 0.691 0.571 0.691 0.572 0.69 0.573 0.69 0.574 0.691 0.574 0.691 0.573 0.692 0.573 0.693 0.572 0.694 0.566 0.694 0.565 0.695 0.564 0.695 0.562 0.695 0.561 0.695 0.559 0.697 0.559 0.698 0.558 0.698 0.557 0.698 0.557 0.695 0.556 0.695 0.556 0.694 0.555 0.693 0.555 0.692 0.554 0.691 0.553 0.691 0.551 0.69 0.55 0.69 0.549 0.689 0.543 0.689 0.542 0.69 0.541 0.69 0.54 0.691 0.539 0.691 0.536 0.692 0.536 0.693 0.535 0.694 0.535 0.695 0.534 0.695 0.534 0.698 0.533 0.698 0.529 0.698 0.527 0.697 0.526 0.697 0.524 0.695 0.523 0.695 0.522 0.695 0.516 0.695 0.515 0.695 0.514 0.695 0.512 0.696 0.511 0.696 0.509 0.698 0.509 0.698 0.508 0.699 0.508 0.7 0.507 0.701 0.507 0.704 0.508 0.705 0.508 0.705 0.509 0.706 0.509 0.707 0.511 0.709 0.512 0.709 0.514 0.709 0.515 0.709 0.516 0.71 0.522 0.71 0.525 0.712 0.526 0.712 0.527 0.713 0.528 0.713 0.529 0.714 0.535 0.714 0.536 0.713 0.538 0.713 0.54 0.712 0.541 0.712 0.542 0.711 0.542 0.71 0.543 0.709 0.543 0.709 0.544 0.708 0.544 0.705 0.545 0.705 0.549 0.705 0.55 0.704 0.551 0.704 0.553 0.702 0.554 0.702 0.555 0.702 0.555 0.701 0.556 0.7 0.557 0.701 0.557 0.703 0.558 0.704 0.558 0.705 0.559 0.705 0.559 0.706 0.561 0.708 0.562 0.708 0.564 0.709 0.565 0.709 0.566 0.709 0.572 0.709 0.573 0.709 0.574 0.709 0.576 0.707 0.577 0.707 0.578 0.708 0.576 0.709 0.576 0.71 0.575 0.711 0.575 0.712 0.574 0.712 0.574 0.716 0.575 0.716 0.575 0.717 0.576 0.718 0.576 0.719 0.578 0.72 0.579 0.72 0.58 0.721 0.581 0.721 0.582 0.722 0.589 0.722 0.59 0.721 0.591 0.721 0.593 0.72 0.594 0.72 0.595 0.719 0.595 0.718 0.596 0.717 0.596 0.716 0.597 0.716 0.597 0.712 0.596 0.712 0.596 0.711 0.595 0.71 0.595 0.709 0.594 0.709 0.593 0.709 0.591 0.707 0.59 0.707 0.589 0.706 0.582 0.706 0.581 0.707 0.58 0.707 0.579 0.708 0.578 0.708 0.577 0.707 0.578 0.706 0.578 0.705 0.579 0.705 0.579 0.704 0.58 0.703 0.586 0.703 0.588 0.702 0.589 0.702 0.591 0.701 0.592 0.701 0.593 0.7 0.593 0.699 0.594 0.698 0.594 0.698 0.595 0.697 0.595 0.694 0.594 0.693 0.594 0.692 0.593 0.691 0.593 0.691 0.592 0.69 0.591 0.69 0.589 0.688 0.588 0.688 0.586 0.688 0.58 0.688 0.579 0.688 0.578 0.688 0.577 0.688 0.577 0.687 0.578 0.686 0.578 0.685 0.579 0.684 0.579 0.681 0.578 0.68 0.578 0.68 0.577 0.679 0.577 0.678 0.576 0.677 0.575 0.677 0.573 0.676 0.572 0.676 0.571 0.675
0 0.528 0.668 0.527 0.669 0.526 0.669 0.525 0.67 0.524 0.67 0.522 0.671 0.522 0.672 0.521 0.673 0.521 0.673 0.52 0.674 0.52 0.677 0.521 0.678 0.521 0.679 0.522 0.68 0.522 0.68 0.524 0.682 0.525 0.682 0.526 0.683 0.527 0.683 0.528 0.684 0.534 0.684 0.535 0.683 0.536 0.683 0.539 0.681 0.54 0.681 0.541 0.68 0.541 0.68 0.542 0.679 0.542 0.678 0.543 0.677 0.543 0.674 0.542 0.673 0.542 0.673 0.541 0.672 0.541 0.671 0.54 0.67 0.539 0.67 0.536 0.669 0.535 0.669 0.534 0.668
0 0.161 0.666 0.16 0.667 0.158 0.667 0.157 0.668 0.156 0.668 0.155 0.669 0.154 0.669 0.15 0.672 0.15 0.673 0.149 0.673 0.149 0.674 0.148 0.675 0.148 0.677 0.147 0.677 0.147 0.684 0.148 0.684 0.148 0.686 0.149 0.687 0.149 0.688 0.151 0.689 0.151 0.69 0.154 0.692 0.155 0.692 0.156 0.693 0.157 0.693 0.158 0.694 0.16 0.694 0.161 0.695 0.17 0.695 0.171 0.694 0.173 0.694 0.174 0.693 0.175 0.693 0.177 0.691 0.178 0.691 0.18 0.69 0.18 0.689 0.182 0.688 0.182 0.687 0.183 0.686 0.183 0.684 0.184 0.684 0.184 0.677 0.183 0.677 0.183 0.675 0.182 0.674 0.182 0.673 0.181 0.673 0.181 0.672 0.178 0.67 0.177 0.67 0.175 0.668 0.174 0.668 0.173 0.667 0.171 0.667 0.17 0.666
0 0.338 0.666 0.336 0.666 0.335 0.666 0.334 0.667 0.333 0.667 0.331 0.669 0.331 0.67 0.33 0.67 0.33 0.671 0.329 0.672 0.329 0.675 0.33 0.676 0.33 0.677 0.331 0.677 0.331 0.678 0.333 0.68 0.334 0.68 0.335 0.68 0.336 0.68 0.338 0.681 0.344 0.681 0.347 0.684 0.348 0.684 0.349 0.684 0.35 0.684 0.351 0.685 0.354 0.685 0.355 0.686 0.355 0.69 0.356 0.691 0.356 0.691 0.357 0.692 0.357 0.693 0.359 0.695 0.358 0.695 0.355 0.695 0.354 0.696 0.352 0.696 0.351 0.697 0.35 0.697 0.345 0.701 0.345 0.702 0.344 0.702 0.344 0.704 0.343 0.705 0.343 0.709 0.344 0.709 0.344 0.71 0.345 0.711 0.345 0.712 0.35 0.716 0.351 0.716 0.352 0.716 0.354 0.716 0.355 0.717 0.36 0.717 0.361 0.716 0.362 0.716 0.364 0.716 0.365 0.716 0.37 0.712 0.37 0.711 0.371 0.71 0.371 0.709 0.372 0.709 0.372 0.705 0.371 0.704 0.371 0.702 0.37 0.702 0.37 0.701 0.368 0.699 0.369 0.698 0.373 0.698 0.374 0.698 0.375 0.698 0.376 0.697 0.377 0.697 0.382 0.693 0.382 0.692 0.383 0.691 0.383 0.691 0.384 0.69 0.384 0.686 0.383 0.685 0.383 0.684 0.382 0.683 0.382 0.682 0.377 0.678 0.376 0.678 0.375 0.677 0.374 0.677 0.373 0.677 0.368 0.677 0.367 0.677 0.366 0.677 0.366 0.676 0.365 0.675 0.365 0.674 0.364 0.673 0.364 0.673 0.362 0.672 0.361 0.672 0.359 0.67 0.358 0.67 0.357 0.67 0.351 0.67 0.349 0.668 0.348 0.668 0.346 0.666 0.345 0.666 0.344 0.666
0 0.456 0.662 0.455 0.662 0.454 0.662 0.453 0.663 0.452 0.663 0.45 0.665 0.45 0.666 0.449 0.666 0.449 0.667 0.448 0.668 0.448 0.671 0.449 0.672 0.449 0.673 0.45 0.673 0.45 0.674 0.452 0.676 0.453 0.676 0.454 0.677 0.455 0.677 0.456 0.677 0.462 0.677 0.464 0.677 0.465 0.677 0.467 0.675 0.468 0.675 0.469 0.674 0.469 0.673 0.47 0.673 0.47 0.672 0.471 0.671 0.471 0.668 0.47 0.667 0.47 0.666 0.469 0.666 0.469 0.665 0.468 0.664 0.467 0.664 0.465 0.662 0.464 0.662 0.462 0.662
0 0.496 0.654 0.495 0.655 0.494 0.655 0.493 0.655 0.492 0.655 0.49 0.657 0.49 0.658 0.489 0.659 0.489 0.659 0.488 0.66 0.488 0.661 0.485 0.662 0.484 0.662 0.483 0.663 0.482 0.663 0.48 0.665 0.48 0.666 0.479 0.666 0.479 0.667 0.478 0.668 0.478 0.671 0.479 0.672 0.479 0.673 0.48 0.673 0.48 0.674 0.482 0.676 0.483 0.676 0.484 0.677 0.485 0.677 0.486 0.677 0.493 0.677 0.494 0.677 0.495 0.677 0.497 0.675 0.498 0.675 0.499 0.674 0.499 0.673 0.5 0.673 0.5 0.672 0.501 0.671 0.501 0.67 0.503 0.669 0.504 0.669 0.506 0.667 0.507 0.667 0.508 0.666 0.508 0.666 0.509 0.665 0.509 0.664 0.51 0.663 0.51 0.66 0.509 0.659 0.509 0.659 0.508 0.658 0.508 0.657 0.507 0.656 0.506 0.656 0.504 0.655 0.503 0.655 0.502 0.654
0 0.278 0.652 0.277 0.653 0.275 0.653 0.274 0.654 0.273 0.654 0.268 0.658 0.268 0.659 0.267 0.659 0.267 0.661 0.266 0.662 0.266 0.666 0.267 0.666 0.267 0.667 0.268 0.668 0.268 0.669 0.273 0.673 0.274 0.673 0.275 0.673 0.277 0.673 0.278 0.674 0.283 0.674 0.284 0.673 0.285 0.673 0.286 0.673 0.288 0.673 0.293 0.669 0.293 0.668 0.294 0.667 0.294 0.666 0.295 0.666 0.295 0.662 0.294 0.661 0.294 0.659 0.293 0.659 0.293 0.658 0.288 0.654 0.286 0.654 0.285 0.653 0.284 0.653 0.283 0.652
0 0.211 0.652 0.21 0.653 0.207 0.653 0.199 0.659 0.199 0.662 0.198 0.662 0.198 0.668 0.199 0.669 0.199 0.67 0.207 0.677 0.21 0.677 0.211 0.677 0.219 0.677 0.22 0.677 0.222 0.677 0.23 0.67 0.23 0.669 0.231 0.668 0.231 0.662 0.23 0.662 0.23 0.659 0.222 0.653 0.22 0.653 0.219 0.652
0 0.649 0.645 0.648 0.645 0.646 0.645 0.645 0.646 0.644 0.646 0.641 0.648 0.641 0.649 0.64 0.65 0.64 0.651 0.639 0.652 0.639 0.656 0.64 0.657 0.64 0.658 0.641 0.659 0.641 0.659 0.644 0.662 0.645 0.662 0.646 0.662 0.648 0.662 0.649 0.663 0.655 0.663 0.656 0.662 0.657 0.662 0.658 0.662 0.66 0.662 0.664 0.659 0.664 0.659 0.665 0.658 0.665 0.657 0.666 0.656 0.666 0.652 0.665 0.651 0.665 0.65 0.664 0.649 0.664 0.648 0.66 0.646 0.658 0.646 0.657 0.645 0.656 0.645 0.655 0.645
0 0.547 0.642 0.546 0.643 0.545 0.643 0.544 0.644 0.543 0.644 0.541 0.645 0.541 0.646 0.54 0.647 0.54 0.648 0.539 0.648 0.536 0.648 0.534 0.647 0.533 0.647 0.532 0.646 0.526 0.646 0.525 0.647 0.524 0.647 0.523 0.648 0.522 0.648 0.52 0.649 0.52 0.65 0.519 0.651 0.519 0.652 0.518 0.652 0.518 0.655 0.519 0.656 0.519 0.657 0.52 0.658 0.52 0.659 0.522 0.66 0.523 0.66 0.524 0.661 0.525 0.661 0.526 0.662 0.532 0.662 0.533 0.661 0.534 0.661 0.536 0.659 0.538 0.659 0.539 0.659 0.539 0.658 0.54 0.657 0.54 0.656 0.541 0.655 0.542 0.655 0.543 0.656 0.544 0.656 0.545 0.657 0.546 0.657 0.547 0.658 0.553 0.658 0.554 0.657 0.555 0.657 0.557 0.655 0.558 0.655 0.559 0.655 0.559 0.654 0.56 0.653 0.56 0.652 0.561 0.652 0.561 0.648 0.56 0.648 0.56 0.647 0.559 0.646 0.559 0.645 0.558 0.645 0.557 0.645 0.555 0.643 0.554 0.643 0.553 0.642
0 0.357 0.64 0.356 0.641 0.355 0.641 0.354 0.641 0.353 0.641 0.351 0.643 0.351 0.644 0.35 0.645 0.35 0.645 0.349 0.646 0.349 0.649 0.35 0.65 0.35 0.651 0.351 0.652 0.351 0.652 0.353 0.654 0.354 0.654 0.355 0.655 0.356 0.655 0.357 0.655 0.364 0.655 0.365 0.655 0.366 0.655 0.366 0.656 0.368 0.658 0.369 0.658 0.37 0.659 0.371 0.659 0.372 0.659 0.378 0.659 0.379 0.659 0.38 0.659 0.382 0.657 0.385 0.657 0.386 0.658 0.388 0.658 0.389 0.659 0.395 0.659 0.396 0.658 0.397 0.658 0.399 0.656 0.4 0.656 0.401 0.655 0.401 0.655 0.402 0.654 0.402 0.653 0.403 0.652 0.403 0.649 0.402 0.648 0.402 0.648 0.401 0.647 0.401 0.646 0.4 0.645 0.399 0.645 0.397 0.644 0.396 0.644 0.395 0.643 0.389 0.643 0.388 0.644 0.386 0.644 0.385 0.645 0.384 0.645 0.382 0.646 0.38 0.645 0.379 0.645 0.378 0.644 0.372 0.644 0.371 0.645 0.37 0.644 0.37 0.643 0.369 0.642 0.368 0.642 0.366 0.641 0.365 0.641 0.364 0.64
0 0.429 0.638 0.428 0.638 0.427 0.638 0.426 0.639 0.425 0.639 0.423 0.641 0.423 0.641 0.422 0.642 0.422 0.643 0.421 0.644 0.421 0.647 0.422 0.648 0.422 0.648 0.423 0.649 0.423 0.65 0.424 0.651 0.423 0.652 0.422 0.652 0.42 0.65 0.419 0.65 0.418 0.649 0.411 0.649 0.41 0.65 0.409 0.65 0.408 0.651 0.407 0.651 0.405 0.652 0.405 0.653 0.404 0.654 0.404 0.655 0.403 0.655 0.403 0.659 0.404 0.659 0.404 0.66 0.405 0.661 0.405 0.662 0.406 0.662 0.405 0.663 0.4 0.663 0.399 0.664 0.398 0.664 0.397 0.665 0.396 0.665 0.394 0.666 0.394 0.667 0.393 0.668 0.393 0.669 0.392 0.67 0.392 0.673 0.393 0.673 0.393 0.674 0.394 0.675 0.394 0.676 0.396 0.677 0.397 0.677 0.398 0.678 0.399 0.678 0.4 0.679 0.406 0.679 0.407 0.678 0.408 0.678 0.41 0.677 0.411 0.677 0.412 0.676 0.412 0.675 0.414 0.674 0.414 0.673 0.415 0.673 0.415 0.67 0.414 0.669 0.414 0.668 0.412 0.667 0.412 0.666 0.411 0.666 0.412 0.665 0.418 0.665 0.419 0.664 0.42 0.664 0.422 0.662 0.423 0.662 0.424 0.662 0.424 0.661 0.425 0.66 0.425 0.659 0.426 0.659 0.426 0.655 0.425 0.655 0.425 0.654 0.424 0.653 0.424 0.652 0.425 0.652 0.426 0.652 0.427 0.652 0.428 0.652 0.429 0.653 0.435 0.653 0.436 0.652 0.438 0.652 0.44 0.651 0.441 0.651 0.442 0.65 0.442 0.649 0.443 0.648 0.444 0.649 0.444 0.65 0.445 0.651 0.445 0.652 0.446 0.652 0.446 0.653 0.448 0.655 0.449 0.655 0.45 0.655 0.451 0.655 0.452 0.656 0.458 0.656 0.459 0.655 0.46 0.655 0.462 0.654 0.464 0.654 0.465 0.653 0.465 0.652 0.466 0.652 0.466 0.651 0.467 0.65 0.467 0.647 0.466 0.646 0.466 0.645 0.465 0.645 0.465 0.644 0.464 0.643 0.462 0.643 0.46 0.641 0.459 0.641 0.458 0.641 0.452 0.641 0.451 0.641 0.45 0.641 0.449 0.642 0.448 0.642 0.446 0.644 0.446 0.645 0.445 0.645 0.444 0.645 0.444 0.644 0.443 0.643 0.443 0.642 0.442 0.641 0.442 0.641 0.441 0.64 0.44 0.64 0.438 0.638 0.436 0.638 0.435 0.638
0 0.883 0.634 0.882 0.634 0.88 0.634 0.879 0.635 0.878 0.635 0.877 0.636 0.876 0.636 0.872 0.639 0.872 0.64 0.871 0.641 0.871 0.641 0.87 0.642 0.87 0.644 0.869 0.645 0.869 0.651 0.87 0.652 0.87 0.653 0.871 0.654 0.871 0.655 0.873 0.656 0.873 0.657 0.876 0.659 0.877 0.659 0.878 0.66 0.879 0.66 0.88 0.661 0.882 0.661 0.883 0.662 0.892 0.662 0.893 0.661 0.895 0.661 0.896 0.66 0.897 0.66 0.899 0.659 0.9 0.659 0.902 0.657 0.902 0.656 0.904 0.655 0.904 0.654 0.905 0.653 0.905 0.652 0.906 0.651 0.906 0.645 0.905 0.644 0.905 0.642 0.904 0.641 0.904 0.641 0.903 0.64 0.903 0.639 0.9 0.637 0.899 0.637 0.897 0.635 0.896 0.635 0.895 0.634 0.893 0.634 0.892 0.634
0 0.528 0.629 0.527 0.63 0.526 0.63 0.525 0.63 0.524 0.63 0.522 0.632 0.522 0.633 0.521 0.634 0.521 0.634 0.52 0.635 0.52 0.638 0.521 0.639 0.521 0.64 0.522 0.641 0.522 0.641 0.524 0.643 0.525 0.643 0.526 0.644 0.527 0.644 0.528 0.645 0.534 0.645 0.535 0.644 0.536 0.644 0.539 0.642 0.54 0.642 0.541 0.641 0.541 0.641 0.542 0.64 0.542 0.639 0.543 0.638 0.543 0.635 0.542 0.634 0.542 0.634 0.541 0.633 0.541 0.632 0.54 0.631 0.539 0.631 0.536 0.63 0.535 0.63 0.534 0.629
0 0.32 0.628 0.319 0.629 0.317 0.629 0.316 0.63 0.315 0.63 0.309 0.634 0.309 0.634 0.308 0.635 0.308 0.637 0.307 0.638 0.307 0.641 0.308 0.642 0.308 0.643 0.309 0.644 0.309 0.645 0.315 0.648 0.316 0.648 0.317 0.649 0.319 0.649 0.32 0.65 0.325 0.65 0.326 0.649 0.327 0.649 0.328 0.648 0.329 0.648 0.334 0.645 0.334 0.644 0.335 0.643 0.335 0.642 0.336 0.641 0.336 0.638 0.335 0.637 0.335 0.635 0.334 0.634 0.334 0.634 0.329 0.63 0.328 0.63 0.327 0.629 0.326 0.629 0.325 0.628
0 0.564 0.627 0.562 0.627 0.561 0.627 0.56 0.628 0.559 0.628 0.557 0.63 0.557 0.63 0.556 0.631 0.556 0.632 0.555 0.633 0.555 0.636 0.556 0.637 0.556 0.638 0.557 0.638 0.557 0.639 0.559 0.641 0.56 0.641 0.561 0.641 0.562 0.641 0.564 0.642 0.57 0.642 0.571 0.641 0.572 0.641 0.574 0.64 0.575 0.64 0.576 0.639 0.576 0.638 0.577 0.638 0.577 0.637 0.578 0.636 0.578 0.633 0.577 0.632 0.577 0.631 0.576 0.63 0.576 0.63 0.575 0.629 0.574 0.629 0.572 0.627 0.571 0.627 0.57 0.627
0 0.457 0.623 0.456 0.623 0.455 0.623 0.454 0.624 0.453 0.624 0.451 0.626 0.451 0.627 0.45 0.627 0.45 0.628 0.449 0.629 0.449 0.632 0.45 0.633 0.45 0.634 0.451 0.634 0.451 0.635 0.453 0.637 0.454 0.637 0.455 0.638 0.456 0.638 0.457 0.638 0.464 0.638 0.465 0.638 0.466 0.638 0.468 0.636 0.469 0.636 0.47 0.635 0.47 0.634 0.471 0.634 0.471 0.633 0.472 0.632 0.472 0.629 0.471 0.628 0.471 0.627 0.47 0.627 0.47 0.626 0.469 0.625 0.468 0.625 0.466 0.623 0.465 0.623 0.464 0.623
0 0.385 0.623 0.384 0.623 0.383 0.623 0.382 0.624 0.381 0.624 0.379 0.626 0.379 0.627 0.378 0.627 0.378 0.628 0.377 0.629 0.377 0.632 0.378 0.633 0.378 0.634 0.379 0.634 0.379 0.635 0.381 0.637 0.382 0.637 0.383 0.638 0.384 0.638 0.385 0.638 0.392 0.638 0.393 0.638 0.394 0.638 0.396 0.636 0.397 0.636 0.398 0.635 0.398 0.634 0.399 0.634 0.399 0.633 0.4 0.632 0.4 0.629 0.399 0.628 0.399 0.627 0.398 0.627 0.398 0.626 0.397 0.625 0.396 0.625 0.394 0.623 0.393 0.623 0.392 0.623
0 0.605 0.62 0.604 0.621 0.603 0.621 0.602 0.622 0.601 0.622 0.599 0.623 0.599 0.624 0.598 0.625 0.598 0.626 0.597 0.627 0.597 0.63 0.598 0.63 0.598 0.631 0.599 0.632 0.599 0.633 0.601 0.634 0.602 0.634 0.603 0.635 0.604 0.635 0.605 0.636 0.611 0.636 0.612 0.635 0.614 0.635 0.616 0.634 0.617 0.634 0.618 0.633 0.618 0.632 0.619 0.631 0.619 0.63 0.62 0.63 0.62 0.627 0.619 0.626 0.619 0.625 0.618 0.624 0.618 0.623 0.617 0.623 0.616 0.623 0.614 0.621 0.612 0.621 0.611 0.62
0 0.432 0.618 0.431 0.619 0.43 0.619 0.429 0.62 0.428 0.62 0.426 0.621 0.426 0.622 0.425 0.623 0.425 0.623 0.424 0.624 0.424 0.627 0.425 0.628 0.425 0.629 0.426 0.63 0.426 0.63 0.428 0.632 0.429 0.632 0.43 0.633 0.431 0.633 0.432 0.634 0.439 0.634 0.44 0.633 0.441 0.633 0.443 0.631 0.444 0.631 0.445 0.63 0.445 0.63 0.446 0.629 0.446 0.628 0.447 0.627 0.447 0.624 0.446 0.623 0.446 0.623 0.445 0.622 0.445 0.621 0.444 0.62 0.443 0.62 0.441 0.619 0.44 0.619 0.439 0.618
0 0.669 0.616 0.668 0.616 0.666 0.616 0.665 0.617 0.664 0.617 0.66 0.62 0.66 0.62 0.659 0.621 0.659 0.622 0.658 0.623 0.658 0.627 0.659 0.628 0.659 0.629 0.66 0.63 0.66 0.63 0.664 0.633 0.665 0.633 0.666 0.634 0.668 0.634 0.669 0.634 0.675 0.634 0.676 0.634 0.677 0.634 0.678 0.633 0.68 0.633 0.683 0.63 0.683 0.63 0.684 0.629 0.684 0.628 0.685 0.627 0.685 0.623 0.684 0.622 0.684 0.621 0.683 0.62 0.683 0.62 0.68 0.617 0.678 0.617 0.677 0.616 0.676 0.616 0.675 0.616
0 0.778 0.611 0.777 0.612 0.774 0.612 0.766 0.618 0.766 0.62 0.765 0.621 0.765 0.627 0.766 0.627 0.766 0.629 0.77 0.632 0.769 0.633 0.767 0.633 0.766 0.632 0.758 0.632 0.757 0.633 0.754 0.633 0.746 0.639 0.746 0.641 0.745 0.642 0.745 0.648 0.746 0.648 0.746 0.65 0.754 0.656 0.757 0.656 0.758 0.657 0.766 0.657 0.767 0.656 0.769 0.656 0.777 0.65 0.777 0.648 0.778 0.648 0.778 0.642 0.777 0.641 0.777 0.639 0.773 0.636 0.774 0.635 0.777 0.635 0.778 0.636 0.785 0.636 0.786 0.635 0.789 0.635 0.797 0.629 0.797 0.627 0.798 0.627 0.798 0.621 0.797 0.62 0.797 0.618 0.789 0.612 0.786 0.612 0.785 0.611
0 0.488 0.605 0.486 0.606 0.485 0.606 0.484 0.607 0.483 0.607 0.481 0.609 0.481 0.609 0.48 0.61 0.48 0.611 0.479 0.612 0.479 0.615 0.48 0.616 0.48 0.616 0.481 0.617 0.481 0.618 0.483 0.62 0.484 0.62 0.485 0.62 0.485 0.621 0.484 0.622 0.484 0.623 0.483 0.623 0.483 0.624 0.482 0.625 0.482 0.628 0.483 0.629 0.483 0.63 0.484 0.63 0.482 0.632 0.481 0.632 0.48 0.633 0.479 0.633 0.477 0.634 0.477 0.635 0.476 0.636 0.476 0.637 0.475 0.638 0.475 0.641 0.476 0.641 0.476 0.642 0.477 0.643 0.477 0.644 0.479 0.645 0.48 0.645 0.481 0.646 0.482 0.646 0.483 0.647 0.49 0.647 0.491 0.646 0.492 0.646 0.494 0.645 0.495 0.645 0.496 0.644 0.496 0.643 0.497 0.642 0.497 0.641 0.498 0.641 0.498 0.638 0.497 0.637 0.497 0.636 0.496 0.635 0.498 0.634 0.499 0.634 0.501 0.632 0.502 0.632 0.503 0.631 0.503 0.63 0.504 0.63 0.504 0.629 0.505 0.628 0.505 0.625 0.504 0.624 0.504 0.623 0.503 0.623 0.503 0.622 0.502 0.621 0.501 0.621 0.499 0.62 0.499 0.619 0.5 0.618 0.5 0.617 0.501 0.616 0.501 0.616 0.502 0.615 0.502 0.612 0.501 0.611 0.501 0.61 0.5 0.609 0.5 0.609 0.499 0.608 0.498 0.608 0.496 0.606 0.495 0.606 0.494 0.605
0 0.345 0.604 0.344 0.605 0.342 0.605 0.341 0.605 0.34 0.605 0.334 0.609 0.334 0.61 0.333 0.611 0.333 0.612 0.332 0.613 0.332 0.617 0.333 0.618 0.333 0.619 0.334 0.62 0.334 0.62 0.34 0.624 0.341 0.624 0.342 0.625 0.344 0.625 0.345 0.626 0.35 0.626 0.351 0.625 0.352 0.625 0.353 0.624 0.354 0.624 0.359 0.62 0.359 0.62 0.36 0.619 0.36 0.618 0.361 0.617 0.361 0.613 0.36 0.612 0.36 0.611 0.359 0.61 0.359 0.609 0.354 0.605 0.353 0.605 0.352 0.605 0.351 0.605 0.35 0.604
0 0.594 0.602 0.593 0.602 0.591 0.602 0.588 0.605 0.588 0.606 0.586 0.607 0.586 0.609 0.588 0.609 0.588 0.611 0.591 0.613 0.593 0.613 0.594 0.614 0.596 0.614 0.597 0.613 0.599 0.613 0.6 0.612 0.604 0.616 0.606 0.616 0.607 0.616 0.609 0.616 0.61 0.616 0.612 0.616 0.616 0.613 0.616 0.612 0.617 0.611 0.617 0.609 0.616 0.609 0.616 0.607 0.612 0.605 0.61 0.605 0.609 0.604 0.607 0.604 0.606 0.605 0.604 0.605 0.603 0.605 0.599 0.602 0.597 0.602 0.596 0.602
0 0.688 0.595 0.686 0.596 0.685 0.596 0.684 0.597 0.683 0.597 0.681 0.598 0.681 0.599 0.68 0.6 0.68 0.601 0.679 0.602 0.679 0.605 0.68 0.605 0.68 0.606 0.681 0.607 0.681 0.608 0.683 0.609 0.684 0.609 0.685 0.61 0.686 0.61 0.688 0.611 0.694 0.611 0.695 0.61 0.696 0.61 0.698 0.609 0.699 0.609 0.7 0.608 0.7 0.607 0.701 0.606 0.701 0.605 0.702 0.605 0.702 0.602 0.701 0.601 0.701 0.6 0.7 0.599 0.7 0.598 0.699 0.598 0.698 0.598 0.696 0.596 0.695 0.596 0.694 0.595
0 0.435 0.595 0.434 0.595 0.433 0.595 0.432 0.596 0.431 0.596 0.429 0.598 0.429 0.598 0.428 0.599 0.428 0.6 0.427 0.601 0.427 0.604 0.428 0.605 0.428 0.605 0.429 0.606 0.429 0.607 0.431 0.609 0.432 0.609 0.433 0.609 0.434 0.609 0.435 0.61 0.442 0.61 0.443 0.609 0.444 0.609 0.446 0.608 0.447 0.608 0.448 0.607 0.448 0.606 0.449 0.605 0.449 0.605 0.45 0.604 0.45 0.601 0.449 0.6 0.449 0.599 0.448 0.598 0.448 0.598 0.447 0.597 0.446 0.597 0.444 0.595 0.443 0.595 0.442 0.595
0 0.382 0.593 0.381 0.594 0.38 0.594 0.379 0.595 0.378 0.595 0.376 0.596 0.376 0.597 0.375 0.598 0.375 0.598 0.374 0.599 0.374 0.602 0.375 0.603 0.374 0.604 0.373 0.604 0.372 0.605 0.371 0.605 0.369 0.606 0.369 0.607 0.368 0.608 0.368 0.609 0.367 0.609 0.367 0.612 0.368 0.613 0.368 0.614 0.369 0.615 0.369 0.616 0.371 0.617 0.372 0.617 0.373 0.618 0.374 0.618 0.375 0.619 0.381 0.619 0.382 0.618 0.383 0.618 0.385 0.616 0.386 0.616 0.388 0.616 0.388 0.615 0.389 0.614 0.389 0.613 0.39 0.612 0.39 0.609 0.389 0.609 0.39 0.608 0.391 0.608 0.393 0.606 0.394 0.606 0.395 0.605 0.395 0.605 0.396 0.604 0.396 0.603 0.397 0.602 0.397 0.599 0.396 0.598 0.396 0.598 0.395 0.597 0.395 0.596 0.394 0.595 0.393 0.595 0.391 0.594 0.39 0.594 0.389 0.593
0 0.722 0.591 0.721 0.591 0.72 0.591 0.719 0.592 0.718 0.592 0.716 0.594 0.716 0.595 0.715 0.595 0.715 0.596 0.714 0.597 0.714 0.6 0.715 0.601 0.715 0.602 0.716 0.602 0.715 0.603 0.712 0.603 0.711 0.604 0.71 0.604 0.709 0.605 0.708 0.605 0.706 0.606 0.706 0.607 0.705 0.608 0.705 0.609 0.704 0.609 0.704 0.612 0.705 0.613 0.705 0.614 0.706 0.615 0.706 0.616 0.708 0.617 0.709 0.617 0.71 0.618 0.711 0.618 0.712 0.619 0.719 0.619 0.72 0.618 0.721 0.618 0.723 0.616 0.724 0.616 0.725 0.616 0.725 0.615 0.726 0.614 0.726 0.613 0.727 0.612 0.727 0.609 0.726 0.609 0.726 0.608 0.725 0.607 0.726 0.606 0.728 0.606 0.729 0.605 0.73 0.605 0.732 0.604 0.733 0.604 0.734 0.603 0.734 0.602 0.735 0.602 0.735 0.601 0.736 0.6 0.736 0.597 0.735 0.596 0.735 0.595 0.734 0.595 0.734 0.594 0.733 0.593 0.732 0.593 0.73 0.591 0.729 0.591 0.728 0.591
0 0.165 0.591 0.164 0.591 0.16 0.591 0.152 0.598 0.152 0.6 0.151 0.601 0.151 0.606 0.152 0.607 0.152 0.609 0.16 0.615 0.164 0.615 0.165 0.616 0.172 0.616 0.173 0.615 0.175 0.615 0.183 0.609 0.183 0.607 0.184 0.606 0.184 0.601 0.183 0.6 0.183 0.598 0.175 0.591 0.173 0.591 0.172 0.591
0 0.306 0.588 0.305 0.588 0.303 0.588 0.302 0.589 0.301 0.589 0.296 0.593 0.296 0.594 0.295 0.595 0.295 0.596 0.294 0.597 0.294 0.601 0.295 0.602 0.295 0.602 0.296 0.603 0.296 0.604 0.301 0.608 0.302 0.608 0.303 0.609 0.305 0.609 0.306 0.609 0.311 0.609 0.312 0.609 0.314 0.609 0.315 0.608 0.316 0.608 0.321 0.604 0.321 0.603 0.322 0.602 0.322 0.602 0.323 0.601 0.323 0.6 0.324 0.599 0.325 0.6 0.325 0.602 0.328 0.604 0.33 0.604 0.331 0.605 0.333 0.605 0.334 0.604 0.336 0.604 0.34 0.602 0.34 0.6 0.341 0.599 0.341 0.598 0.34 0.597 0.34 0.595 0.336 0.593 0.334 0.593 0.333 0.592 0.331 0.592 0.33 0.593 0.328 0.593 0.325 0.595 0.325 0.597 0.324 0.598 0.322 0.596 0.322 0.595 0.321 0.594 0.321 0.593 0.316 0.589 0.315 0.589 0.314 0.588 0.312 0.588 0.311 0.588
0 0.604 0.58 0.603 0.58 0.601 0.58 0.598 0.583 0.598 0.584 0.597 0.585 0.597 0.587 0.598 0.588 0.598 0.589 0.601 0.591 0.603 0.591 0.604 0.592 0.606 0.592 0.607 0.591 0.609 0.591 0.612 0.589 0.612 0.588 0.614 0.587 0.614 0.585 0.612 0.584 0.612 0.583 0.609 0.58 0.607 0.58 0.606 0.58
0 0.197 0.577 0.196 0.577 0.194 0.577 0.193 0.578 0.192 0.578 0.186 0.582 0.186 0.583 0.185 0.584 0.185 0.585 0.184 0.586 0.184 0.59 0.185 0.591 0.185 0.591 0.186 0.592 0.186 0.593 0.192 0.597 0.193 0.597 0.194 0.598 0.196 0.598 0.197 0.598 0.202 0.598 0.203 0.598 0.204 0.598 0.205 0.597 0.206 0.597 0.211 0.593 0.211 0.592 0.212 0.591 0.212 0.591 0.214 0.59 0.214 0.586 0.212 0.585 0.212 0.584 0.211 0.583 0.211 0.582 0.206 0.578 0.205 0.578 0.204 0.577 0.203 0.577 0.202 0.577
0 0.385 0.576 0.384 0.577 0.382 0.577 0.379 0.579 0.379 0.58 0.378 0.581 0.378 0.583 0.379 0.584 0.379 0.585 0.382 0.588 0.384 0.588 0.385 0.588 0.388 0.588 0.389 0.588 0.391 0.588 0.394 0.585 0.394 0.584 0.395 0.583 0.395 0.581 0.394 0.58 0.394 0.579 0.391 0.577 0.389 0.577 0.388 0.576
0 0.696 0.574 0.695 0.575 0.694 0.575 0.693 0.576 0.692 0.576 0.69 0.577 0.69 0.578 0.689 0.579 0.689 0.58 0.688 0.58 0.688 0.584 0.689 0.584 0.689 0.585 0.69 0.586 0.69 0.587 0.692 0.588 0.693 0.588 0.694 0.589 0.695 0.589 0.696 0.59 0.702 0.59 0.703 0.589 0.704 0.589 0.706 0.588 0.707 0.588 0.708 0.587 0.708 0.586 0.709 0.585 0.709 0.584 0.71 0.584 0.71 0.58 0.709 0.58 0.709 0.579 0.708 0.578 0.708 0.577 0.707 0.577 0.706 0.577 0.704 0.575 0.703 0.575 0.702 0.574
0 0.334 0.57 0.333 0.57 0.331 0.57 0.328 0.573 0.328 0.574 0.327 0.575 0.327 0.577 0.328 0.577 0.328 0.579 0.331 0.581 0.333 0.581 0.334 0.582 0.336 0.582 0.338 0.581 0.34 0.581 0.343 0.579 0.343 0.577 0.344 0.577 0.344 0.575 0.343 0.574 0.343 0.573 0.34 0.57 0.338 0.57 0.336 0.57
0 0.509 0.568 0.508 0.569 0.506 0.569 0.503 0.571 0.503 0.573 0.502 0.573 0.502 0.575 0.503 0.576 0.503 0.577 0.506 0.58 0.508 0.58 0.509 0.58 0.511 0.58 0.512 0.58 0.515 0.58 0.518 0.577 0.518 0.576 0.519 0.575 0.519 0.573 0.518 0.573 0.518 0.571 0.515 0.569 0.512 0.569 0.511 0.568
0 0.646 0.565 0.645 0.566 0.643 0.566 0.64 0.568 0.64 0.57 0.639 0.57 0.639 0.572 0.64 0.573 0.64 0.574 0.643 0.577 0.643 0.577 0.642 0.578 0.641 0.578 0.639 0.58 0.639 0.58 0.638 0.581 0.638 0.582 0.636 0.583 0.636 0.586 0.638 0.587 0.638 0.588 0.639 0.588 0.639 0.589 0.641 0.591 0.642 0.591 0.643 0.591 0.644 0.591 0.645 0.592 0.651 0.592 0.652 0.591 0.653 0.591 0.655 0.59 0.656 0.59 0.657 0.589 0.657 0.588 0.658 0.588 0.658 0.587 0.659 0.586 0.662 0.586 0.664 0.585 0.665 0.585 0.667 0.584 0.668 0.584 0.669 0.583 0.669 0.582 0.67 0.581 0.67 0.58 0.671 0.58 0.671 0.577 0.67 0.576 0.67 0.575 0.669 0.574 0.669 0.573 0.668 0.573 0.667 0.573 0.665 0.571 0.664 0.571 0.662 0.57 0.655 0.57 0.654 0.57 0.654 0.568 0.651 0.566 0.649 0.566 0.648 0.565
0 0.786 0.564 0.785 0.565 0.783 0.565 0.782 0.566 0.781 0.566 0.78 0.566 0.777 0.566 0.776 0.566 0.775 0.566 0.774 0.565 0.768 0.565 0.767 0.566 0.765 0.566 0.764 0.566 0.762 0.566 0.759 0.569 0.759 0.57 0.758 0.57 0.758 0.571 0.757 0.572 0.757 0.577 0.758 0.577 0.758 0.578 0.759 0.579 0.759 0.58 0.762 0.582 0.764 0.582 0.765 0.583 0.767 0.583 0.768 0.584 0.774 0.584 0.775 0.583 0.776 0.583 0.777 0.582 0.778 0.582 0.781 0.584 0.782 0.584 0.783 0.585 0.785 0.585 0.786 0.586 0.792 0.586 0.793 0.585 0.794 0.585 0.795 0.584 0.796 0.584 0.801 0.58 0.801 0.58 0.802 0.579 0.802 0.578 0.803 0.577 0.803 0.573 0.802 0.573 0.802 0.571 0.801 0.57 0.801 0.57 0.796 0.566 0.795 0.566 0.794 0.565 0.793 0.565 0.792 0.564
0 0.735 0.552 0.734 0.553 0.733 0.553 0.732 0.554 0.731 0.554 0.729 0.555 0.729 0.556 0.728 0.557 0.728 0.558 0.727 0.559 0.727 0.562 0.728 0.562 0.728 0.563 0.729 0.564 0.729 0.565 0.731 0.566 0.732 0.566 0.733 0.567 0.734 0.567 0.735 0.568 0.742 0.568 0.743 0.567 0.744 0.567 0.746 0.566 0.747 0.566 0.748 0.565 0.748 0.564 0.749 0.563 0.749 0.562 0.75 0.562 0.75 0.559 0.749 0.558 0.749 0.557 0.748 0.556 0.748 0.555 0.747 0.555 0.746 0.555 0.744 0.553 0.743 0.553 0.742 0.552
0 0.318 0.543 0.317 0.544 0.315 0.544 0.311 0.546 0.311 0.548 0.31 0.548 0.31 0.55 0.311 0.551 0.311 0.552 0.315 0.555 0.317 0.555 0.318 0.555 0.32 0.555 0.321 0.555 0.323 0.555 0.326 0.552 0.326 0.551 0.327 0.55 0.327 0.548 0.326 0.548 0.326 0.546 0.323 0.544 0.321 0.544 0.32 0.543
0 0.175 0.536 0.174 0.537 0.171 0.537 0.162 0.543 0.162 0.545 0.161 0.546 0.161 0.552 0.162 0.552 0.162 0.554 0.171 0.56 0.174 0.56 0.175 0.561 0.182 0.561 0.183 0.56 0.185 0.56 0.193 0.555 0.194 0.555 0.194 0.559 0.195 0.56 0.195 0.561 0.196 0.562 0.196 0.562 0.201 0.566 0.202 0.566 0.203 0.567 0.205 0.567 0.206 0.568 0.211 0.568 0.212 0.567 0.214 0.567 0.215 0.566 0.216 0.566 0.221 0.562 0.221 0.562 0.222 0.561 0.222 0.56 0.223 0.559 0.223 0.555 0.222 0.555 0.222 0.553 0.221 0.552 0.221 0.552 0.216 0.548 0.215 0.548 0.214 0.547 0.212 0.547 0.211 0.546 0.206 0.546 0.205 0.547 0.203 0.547 0.202 0.548 0.201 0.548 0.196 0.552 0.195 0.551 0.195 0.546 0.194 0.545 0.194 0.543 0.185 0.537 0.183 0.537 0.182 0.536
0 0.753 0.533 0.752 0.534 0.751 0.534 0.75 0.534 0.749 0.534 0.747 0.536 0.747 0.537 0.746 0.538 0.746 0.538 0.745 0.539 0.745 0.542 0.746 0.543 0.746 0.544 0.747 0.545 0.747 0.545 0.749 0.547 0.75 0.547 0.751 0.548 0.752 0.548 0.753 0.548 0.759 0.548 0.76 0.548 0.761 0.548 0.764 0.546 0.765 0.546 0.766 0.545 0.766 0.545 0.767 0.544 0.767 0.543 0.768 0.542 0.768 0.539 0.767 0.538 0.767 0.538 0.766 0.537 0.766 0.536 0.765 0.535 0.764 0.535 0.761 0.534 0.76 0.534 0.759 0.533
0 0.299 0.53 0.298 0.531 0.296 0.531 0.293 0.534 0.293 0.535 0.292 0.536 0.292 0.538 0.293 0.538 0.293 0.54 0.296 0.542 0.298 0.542 0.299 0.543 0.301 0.543 0.302 0.542 0.304 0.542 0.307 0.54 0.307 0.538 0.308 0.538 0.308 0.536 0.307 0.535 0.307 0.534 0.304 0.531 0.302 0.531 0.301 0.53
0 0.25 0.525 0.249 0.526 0.248 0.526 0.247 0.527 0.246 0.527 0.244 0.528 0.244 0.529 0.243 0.53 0.243 0.53 0.242 0.531 0.242 0.534 0.243 0.535 0.243 0.536 0.244 0.537 0.244 0.538 0.246 0.539 0.247 0.539 0.248 0.54 0.249 0.54 0.25 0.541 0.256 0.541 0.257 0.54 0.258 0.54 0.26 0.538 0.261 0.538 0.262 0.538 0.262 0.537 0.264 0.536 0.264 0.535 0.265 0.534 0.265 0.531 0.264 0.53 0.264 0.53 0.262 0.529 0.262 0.528 0.261 0.527 0.26 0.527 0.258 0.526 0.257 0.526 0.256 0.525
0 0.796 0.524 0.795 0.525 0.793 0.525 0.792 0.526 0.791 0.526 0.785 0.53 0.785 0.53 0.784 0.531 0.784 0.533 0.783 0.534 0.783 0.538 0.784 0.538 0.784 0.539 0.785 0.54 0.785 0.541 0.791 0.545 0.792 0.545 0.793 0.545 0.795 0.545 0.796 0.546 0.801 0.546 0.802 0.545 0.803 0.545 0.804 0.545 0.805 0.545 0.81 0.541 0.81 0.54 0.811 0.539 0.811 0.538 0.812 0.538 0.812 0.534 0.811 0.533 0.811 0.531 0.81 0.53 0.81 0.53 0.805 0.526 0.804 0.526 0.803 0.525 0.802 0.525 0.801 0.524
0 0.689 0.52 0.688 0.521 0.686 0.521 0.685 0.522 0.684 0.522 0.682 0.523 0.682 0.524 0.681 0.525 0.681 0.526 0.68 0.527 0.68 0.53 0.681 0.53 0.681 0.531 0.682 0.532 0.682 0.533 0.684 0.534 0.685 0.534 0.686 0.535 0.688 0.535 0.689 0.536 0.695 0.536 0.696 0.535 0.697 0.535 0.699 0.534 0.7 0.534 0.701 0.533 0.701 0.532 0.702 0.531 0.702 0.53 0.703 0.53 0.703 0.527 0.702 0.526 0.702 0.525 0.701 0.524 0.701 0.523 0.7 0.523 0.699 0.523 0.697 0.521 0.696 0.521 0.695 0.52
0 0.221 0.52 0.22 0.521 0.219 0.521 0.218 0.522 0.217 0.522 0.215 0.523 0.215 0.524 0.214 0.525 0.214 0.526 0.211 0.527 0.21 0.527 0.209 0.528 0.208 0.528 0.207 0.529 0.206 0.529 0.204 0.53 0.204 0.531 0.203 0.532 0.203 0.533 0.202 0.534 0.202 0.537 0.203 0.538 0.203 0.538 0.204 0.539 0.204 0.54 0.206 0.541 0.207 0.541 0.208 0.542 0.209 0.542 0.21 0.543 0.217 0.543 0.218 0.542 0.219 0.542 0.221 0.541 0.222 0.541 0.223 0.54 0.223 0.539 0.224 0.538 0.224 0.538 0.226 0.536 0.227 0.536 0.228 0.535 0.229 0.535 0.231 0.534 0.232 0.534 0.233 0.533 0.233 0.532 0.234 0.531 0.234 0.53 0.235 0.53 0.235 0.527 0.234 0.526 0.234 0.525 0.233 0.524 0.233 0.523 0.232 0.523 0.231 0.523 0.229 0.521 0.228 0.521 0.227 0.52
0 0.742 0.515 0.741 0.516 0.74 0.516 0.739 0.516 0.738 0.516 0.735 0.518 0.735 0.519 0.734 0.52 0.734 0.52 0.733 0.521 0.733 0.524 0.734 0.525 0.734 0.526 0.735 0.527 0.735 0.527 0.738 0.529 0.739 0.529 0.74 0.53 0.741 0.53 0.742 0.53 0.748 0.53 0.749 0.53 0.75 0.53 0.752 0.528 0.753 0.528 0.754 0.527 0.754 0.527 0.755 0.526 0.755 0.525 0.756 0.524 0.756 0.521 0.755 0.52 0.755 0.52 0.754 0.519 0.754 0.518 0.753 0.517 0.752 0.517 0.75 0.516 0.749 0.516 0.748 0.515
0 0.286 0.505 0.285 0.506 0.284 0.506 0.283 0.507 0.282 0.507 0.28 0.509 0.28 0.509 0.279 0.51 0.279 0.511 0.278 0.512 0.278 0.515 0.279 0.516 0.279 0.516 0.28 0.517 0.28 0.518 0.282 0.52 0.283 0.52 0.284 0.52 0.285 0.52 0.286 0.521 0.293 0.521 0.294 0.52 0.295 0.52 0.297 0.519 0.298 0.519 0.299 0.518 0.299 0.517 0.3 0.516 0.3 0.516 0.301 0.515 0.301 0.512 0.3 0.511 0.3 0.51 0.299 0.509 0.299 0.509 0.298 0.508 0.297 0.508 0.295 0.506 0.294 0.506 0.293 0.505
0 0.261 0.505 0.26 0.506 0.259 0.506 0.258 0.507 0.257 0.507 0.255 0.509 0.255 0.509 0.254 0.51 0.254 0.511 0.253 0.512 0.253 0.515 0.254 0.516 0.254 0.516 0.255 0.517 0.255 0.518 0.257 0.52 0.258 0.52 0.259 0.52 0.26 0.52 0.261 0.521 0.268 0.521 0.269 0.52 0.27 0.52 0.272 0.519 0.273 0.519 0.274 0.518 0.274 0.517 0.275 0.516 0.275 0.516 0.276 0.515 0.276 0.512 0.275 0.511 0.275 0.51 0.274 0.509 0.274 0.509 0.273 0.508 0.272 0.508 0.27 0.506 0.269 0.506 0.268 0.505
0 0.136 0.491 0.135 0.492 0.132 0.492 0.124 0.498 0.124 0.501 0.123 0.502 0.123 0.507 0.124 0.508 0.124 0.509 0.132 0.516 0.135 0.516 0.136 0.516 0.144 0.516 0.145 0.516 0.147 0.516 0.155 0.509 0.155 0.508 0.156 0.507 0.156 0.502 0.155 0.501 0.155 0.498 0.147 0.492 0.145 0.492 0.144 0.491
0 0.735 0.49 0.734 0.491 0.733 0.491 0.732 0.491 0.731 0.491 0.729 0.493 0.729 0.494 0.728 0.495 0.728 0.495 0.727 0.496 0.727 0.499 0.728 0.5 0.728 0.501 0.729 0.502 0.729 0.502 0.731 0.504 0.732 0.504 0.733 0.505 0.734 0.505 0.735 0.505 0.742 0.505 0.743 0.505 0.744 0.505 0.745 0.504 0.747 0.505 0.748 0.505 0.749 0.506 0.75 0.506 0.751 0.507 0.757 0.507 0.758 0.506 0.759 0.506 0.761 0.505 0.762 0.505 0.764 0.504 0.764 0.503 0.765 0.502 0.765 0.502 0.766 0.501 0.766 0.498 0.765 0.497 0.765 0.496 0.764 0.495 0.764 0.495 0.762 0.494 0.761 0.494 0.759 0.492 0.758 0.492 0.757 0.491 0.751 0.491 0.75 0.492 0.749 0.492 0.748 0.493 0.747 0.492 0.746 0.492 0.744 0.491 0.743 0.491 0.742 0.49
0 0.203 0.488 0.202 0.489 0.201 0.489 0.2 0.49 0.199 0.49 0.197 0.491 0.197 0.492 0.196 0.493 0.196 0.494 0.195 0.495 0.195 0.498 0.196 0.498 0.196 0.499 0.197 0.5 0.197 0.501 0.195 0.502 0.193 0.502 0.19 0.5 0.189 0.5 0.188 0.499 0.186 0.499 0.185 0.498 0.18 0.498 0.179 0.499 0.177 0.499 0.176 0.5 0.175 0.5 0.17 0.504 0.17 0.505 0.169 0.505 0.169 0.507 0.168 0.508 0.168 0.512 0.169 0.512 0.169 0.513 0.17 0.514 0.17 0.515 0.169 0.516 0.167 0.514 0.166 0.514 0.165 0.513 0.158 0.513 0.157 0.514 0.156 0.514 0.155 0.515 0.154 0.515 0.152 0.516 0.152 0.517 0.151 0.518 0.151 0.519 0.15 0.52 0.15 0.523 0.151 0.523 0.151 0.524 0.152 0.525 0.152 0.526 0.154 0.527 0.155 0.527 0.156 0.528 0.157 0.528 0.158 0.529 0.165 0.529 0.166 0.528 0.167 0.528 0.169 0.527 0.17 0.527 0.171 0.526 0.171 0.525 0.172 0.524 0.172 0.523 0.173 0.523 0.173 0.52 0.172 0.519 0.172 0.518 0.173 0.517 0.175 0.519 0.176 0.519 0.177 0.52 0.179 0.52 0.18 0.52 0.185 0.52 0.186 0.52 0.188 0.52 0.189 0.519 0.19 0.519 0.195 0.515 0.196 0.516 0.197 0.516 0.198 0.516 0.204 0.516 0.205 0.516 0.206 0.516 0.208 0.514 0.209 0.514 0.21 0.513 0.21 0.512 0.211 0.512 0.211 0.511 0.212 0.51 0.212 0.507 0.211 0.506 0.211 0.505 0.21 0.505 0.21 0.504 0.214 0.502 0.215 0.502 0.216 0.501 0.216 0.5 0.217 0.499 0.217 0.498 0.218 0.498 0.218 0.495 0.217 0.494 0.217 0.493 0.216 0.492 0.216 0.491 0.215 0.491 0.214 0.491 0.211 0.489 0.21 0.489 0.209 0.488
0 0.83 0.486 0.829 0.487 0.827 0.487 0.826 0.488 0.825 0.488 0.82 0.491 0.818 0.491 0.817 0.492 0.816 0.492 0.81 0.496 0.81 0.497 0.809 0.498 0.809 0.499 0.808 0.5 0.808 0.504 0.809 0.505 0.809 0.505 0.81 0.506 0.81 0.507 0.816 0.511 0.817 0.511 0.818 0.512 0.82 0.512 0.821 0.512 0.824 0.512 0.825 0.513 0.824 0.514 0.822 0.514 0.821 0.515 0.82 0.515 0.815 0.519 0.815 0.52 0.814 0.52 0.814 0.522 0.812 0.523 0.812 0.527 0.814 0.527 0.814 0.528 0.815 0.529 0.815 0.53 0.82 0.534 0.821 0.534 0.822 0.534 0.824 0.534 0.825 0.535 0.83 0.535 0.831 0.534 0.832 0.534 0.833 0.535 0.831 0.537 0.831 0.538 0.83 0.538 0.83 0.54 0.829 0.541 0.829 0.545 0.83 0.545 0.83 0.546 0.831 0.547 0.831 0.548 0.832 0.548 0.831 0.549 0.829 0.549 0.828 0.55 0.827 0.55 0.822 0.554 0.822 0.555 0.821 0.555 0.821 0.557 0.82 0.558 0.82 0.562 0.821 0.562 0.821 0.563 0.822 0.564 0.822 0.565 0.827 0.569 0.828 0.569 0.829 0.57 0.831 0.57 0.832 0.57 0.838 0.57 0.839 0.57 0.84 0.57 0.841 0.569 0.842 0.569 0.847 0.565 0.849 0.566 0.85 0.566 0.851 0.567 0.853 0.567 0.854 0.568 0.859 0.568 0.86 0.567 0.861 0.567 0.862 0.566 0.864 0.566 0.869 0.562 0.869 0.562 0.87 0.561 0.87 0.56 0.871 0.559 0.871 0.555 0.87 0.555 0.87 0.553 0.869 0.552 0.869 0.552 0.864 0.548 0.862 0.548 0.861 0.547 0.86 0.547 0.859 0.546 0.858 0.546 0.857 0.545 0.858 0.545 0.858 0.541 0.857 0.54 0.857 0.538 0.856 0.538 0.856 0.537 0.851 0.533 0.85 0.533 0.849 0.532 0.848 0.532 0.847 0.531 0.842 0.531 0.841 0.532 0.839 0.532 0.838 0.531 0.84 0.53 0.84 0.529 0.841 0.528 0.841 0.527 0.842 0.527 0.842 0.523 0.841 0.522 0.841 0.52 0.84 0.52 0.84 0.519 0.834 0.515 0.833 0.515 0.832 0.514 0.831 0.514 0.83 0.513 0.827 0.513 0.826 0.512 0.827 0.512 0.828 0.512 0.829 0.511 0.83 0.511 0.834 0.508 0.835 0.508 0.836 0.507 0.838 0.507 0.839 0.506 0.84 0.506 0.845 0.502 0.845 0.502 0.846 0.501 0.846 0.5 0.847 0.499 0.848 0.5 0.848 0.502 0.847 0.502 0.847 0.506 0.848 0.507 0.848 0.508 0.849 0.509 0.849 0.509 0.854 0.513 0.855 0.513 0.856 0.514 0.858 0.514 0.859 0.515 0.865 0.515 0.866 0.514 0.867 0.514 0.868 0.513 0.869 0.513 0.874 0.509 0.874 0.509 0.875 0.508 0.875 0.507 0.876 0.506 0.876 0.502 0.875 0.502 0.875 0.5 0.874 0.499 0.874 0.498 0.869 0.495 0.868 0.495 0.867 0.494 0.866 0.494 0.865 0.493 0.859 0.493 0.858 0.494 0.856 0.494 0.855 0.495 0.854 0.495 0.849 0.498 0.849 0.499 0.848 0.5 0.847 0.499 0.847 0.495 0.846 0.495 0.846 0.493 0.845 0.492 0.845 0.491 0.84 0.488 0.839 0.488 0.838 0.487 0.836 0.487 0.835 0.486
0 0.228 0.48 0.227 0.48 0.226 0.48 0.225 0.481 0.224 0.481 0.222 0.483 0.222 0.484 0.221 0.484 0.221 0.485 0.22 0.486 0.22 0.489 0.221 0.49 0.221 0.491 0.222 0.491 0.222 0.492 0.224 0.494 0.225 0.494 0.226 0.495 0.227 0.495 0.228 0.495 0.234 0.495 0.235 0.495 0.236 0.495 0.239 0.493 0.24 0.493 0.241 0.492 0.241 0.491 0.242 0.491 0.242 0.49 0.243 0.489 0.243 0.486 0.242 0.485 0.242 0.484 0.241 0.484 0.241 0.483 0.24 0.482 0.239 0.482 0.236 0.48 0.235 0.48 0.234 0.48
0 0.773 0.477 0.772 0.478 0.771 0.478 0.77 0.479 0.769 0.479 0.767 0.48 0.767 0.481 0.766 0.482 0.766 0.483 0.765 0.484 0.765 0.487 0.766 0.488 0.766 0.488 0.767 0.489 0.767 0.49 0.769 0.491 0.77 0.491 0.771 0.492 0.772 0.492 0.773 0.493 0.779 0.493 0.78 0.492 0.781 0.492 0.783 0.491 0.784 0.491 0.785 0.49 0.785 0.489 0.786 0.488 0.786 0.488 0.788 0.487 0.788 0.484 0.786 0.483 0.786 0.482 0.785 0.481 0.785 0.48 0.784 0.48 0.783 0.48 0.781 0.478 0.78 0.478 0.779 0.477
0 0.693 0.473 0.692 0.473 0.69 0.473 0.686 0.476 0.686 0.477 0.685 0.478 0.685 0.48 0.686 0.48 0.686 0.482 0.69 0.484 0.692 0.484 0.693 0.485 0.695 0.485 0.696 0.484 0.698 0.484 0.701 0.482 0.701 0.48 0.702 0.48 0.702 0.478 0.701 0.477 0.701 0.476 0.698 0.473 0.696 0.473 0.695 0.473
0 0.33 0.465 0.329 0.466 0.327 0.466 0.324 0.468 0.324 0.47 0.323 0.47 0.323 0.472 0.324 0.473 0.324 0.474 0.327 0.477 0.329 0.477 0.33 0.477 0.332 0.477 0.333 0.477 0.335 0.477 0.339 0.474 0.339 0.473 0.34 0.472 0.34 0.47 0.339 0.47 0.339 0.468 0.335 0.466 0.333 0.466 0.332 0.465
0 0.15 0.463 0.149 0.464 0.147 0.464 0.146 0.465 0.145 0.465 0.14 0.469 0.14 0.47 0.139 0.47 0.139 0.472 0.138 0.473 0.138 0.477 0.139 0.477 0.139 0.478 0.14 0.479 0.14 0.48 0.145 0.484 0.146 0.484 0.147 0.484 0.149 0.484 0.15 0.485 0.155 0.485 0.156 0.484 0.157 0.484 0.158 0.484 0.159 0.484 0.165 0.48 0.165 0.479 0.166 0.478 0.166 0.477 0.167 0.477 0.167 0.473 0.166 0.472 0.166 0.47 0.165 0.47 0.165 0.469 0.159 0.465 0.158 0.465 0.157 0.464 0.156 0.464 0.155 0.463
0 0.784 0.461 0.783 0.462 0.782 0.462 0.781 0.462 0.78 0.462 0.778 0.464 0.778 0.465 0.777 0.466 0.777 0.466 0.776 0.467 0.776 0.47 0.777 0.471 0.777 0.472 0.778 0.473 0.778 0.473 0.78 0.475 0.781 0.475 0.782 0.476 0.783 0.476 0.784 0.477 0.788 0.477 0.789 0.477 0.789 0.48 0.79 0.48 0.79 0.481 0.791 0.482 0.791 0.483 0.793 0.484 0.794 0.484 0.795 0.485 0.796 0.485 0.797 0.486 0.803 0.486 0.804 0.485 0.805 0.485 0.807 0.484 0.808 0.484 0.809 0.483 0.809 0.482 0.81 0.481 0.81 0.48 0.811 0.48 0.811 0.477 0.81 0.476 0.81 0.475 0.809 0.474 0.809 0.473 0.808 0.473 0.807 0.473 0.805 0.471 0.804 0.471 0.803 0.47 0.8 0.47 0.799 0.47 0.799 0.467 0.798 0.466 0.798 0.466 0.797 0.465 0.797 0.464 0.796 0.463 0.795 0.463 0.793 0.462 0.792 0.462 0.791 0.461
0 0.656 0.461 0.655 0.462 0.653 0.462 0.65 0.464 0.65 0.466 0.649 0.466 0.649 0.468 0.65 0.469 0.65 0.47 0.653 0.473 0.655 0.473 0.656 0.473 0.658 0.473 0.659 0.473 0.661 0.473 0.665 0.47 0.665 0.469 0.666 0.468 0.666 0.466 0.665 0.466 0.665 0.464 0.661 0.462 0.659 0.462 0.658 0.461
0 0.252 0.455 0.251 0.456 0.25 0.456 0.249 0.457 0.248 0.457 0.246 0.459 0.246 0.459 0.245 0.46 0.245 0.461 0.244 0.462 0.244 0.465 0.242 0.466 0.241 0.466 0.24 0.467 0.239 0.467 0.236 0.469 0.236 0.47 0.235 0.47 0.235 0.471 0.234 0.472 0.234 0.475 0.235 0.476 0.235 0.477 0.236 0.477 0.236 0.478 0.239 0.48 0.24 0.48 0.241 0.48 0.242 0.48 0.243 0.481 0.249 0.481 0.25 0.48 0.251 0.48 0.253 0.479 0.254 0.479 0.255 0.478 0.255 0.477 0.256 0.477 0.256 0.476 0.257 0.475 0.257 0.472 0.259 0.47 0.26 0.47 0.262 0.469 0.264 0.469 0.265 0.468 0.265 0.467 0.266 0.466 0.266 0.466 0.267 0.465 0.267 0.462 0.266 0.461 0.266 0.46 0.265 0.459 0.265 0.459 0.264 0.458 0.262 0.458 0.26 0.456 0.259 0.456 0.258 0.455
0 0.214 0.452 0.212 0.453 0.21 0.453 0.209 0.454 0.208 0.454 0.203 0.458 0.203 0.459 0.202 0.459 0.202 0.461 0.201 0.462 0.201 0.466 0.2 0.466 0.195 0.462 0.194 0.462 0.193 0.462 0.192 0.462 0.191 0.461 0.185 0.461 0.184 0.462 0.182 0.462 0.181 0.462 0.18 0.462 0.175 0.466 0.175 0.467 0.174 0.468 0.174 0.47 0.173 0.47 0.173 0.474 0.174 0.475 0.174 0.476 0.175 0.477 0.175 0.477 0.18 0.481 0.181 0.481 0.182 0.482 0.184 0.482 0.185 0.483 0.191 0.483 0.192 0.482 0.193 0.482 0.194 0.481 0.195 0.481 0.2 0.477 0.2 0.477 0.201 0.476 0.201 0.475 0.202 0.474 0.202 0.47 0.201 0.47 0.201 0.468 0.202 0.467 0.203 0.468 0.203 0.469 0.208 0.473 0.209 0.473 0.21 0.473 0.212 0.473 0.214 0.474 0.219 0.474 0.22 0.473 0.221 0.473 0.222 0.473 0.223 0.473 0.228 0.469 0.228 0.468 0.229 0.467 0.229 0.466 0.23 0.466 0.23 0.462 0.229 0.461 0.229 0.459 0.228 0.459 0.228 0.458 0.223 0.454 0.222 0.454 0.221 0.453 0.22 0.453 0.219 0.452
0 0.767 0.448 0.766 0.449 0.765 0.449 0.764 0.45 0.762 0.45 0.76 0.452 0.76 0.452 0.759 0.453 0.759 0.454 0.758 0.455 0.758 0.458 0.759 0.459 0.759 0.459 0.76 0.46 0.76 0.461 0.762 0.462 0.764 0.462 0.765 0.463 0.766 0.463 0.767 0.464 0.773 0.464 0.774 0.463 0.775 0.463 0.777 0.462 0.778 0.462 0.779 0.461 0.779 0.46 0.78 0.459 0.78 0.459 0.781 0.458 0.781 0.455 0.78 0.454 0.78 0.453 0.779 0.452 0.779 0.452 0.778 0.451 0.777 0.451 0.775 0.449 0.774 0.449 0.773 0.448
0 0.807 0.437 0.806 0.438 0.804 0.438 0.803 0.438 0.802 0.438 0.801 0.439 0.8 0.439 0.796 0.442 0.796 0.443 0.795 0.444 0.795 0.445 0.794 0.445 0.794 0.447 0.793 0.448 0.793 0.454 0.794 0.455 0.794 0.456 0.795 0.457 0.795 0.458 0.797 0.459 0.797 0.46 0.8 0.462 0.801 0.462 0.802 0.463 0.803 0.463 0.804 0.464 0.806 0.464 0.807 0.465 0.816 0.465 0.817 0.464 0.819 0.464 0.82 0.463 0.821 0.463 0.823 0.462 0.824 0.462 0.826 0.46 0.826 0.459 0.828 0.458 0.828 0.457 0.829 0.456 0.829 0.455 0.83 0.454 0.83 0.448 0.829 0.447 0.829 0.445 0.828 0.445 0.828 0.444 0.827 0.443 0.827 0.442 0.824 0.44 0.823 0.44 0.821 0.438 0.82 0.438 0.819 0.438 0.817 0.438 0.816 0.437
0 0.31 0.434 0.309 0.434 0.307 0.434 0.304 0.437 0.304 0.438 0.303 0.439 0.303 0.441 0.304 0.441 0.304 0.443 0.307 0.445 0.309 0.445 0.31 0.446 0.312 0.446 0.314 0.445 0.316 0.445 0.319 0.443 0.319 0.441 0.32 0.441 0.32 0.439 0.319 0.438 0.319 0.437 0.316 0.434 0.314 0.434 0.312 0.434
0 0.256 0.43 0.255 0.43 0.254 0.43 0.253 0.431 0.252 0.431 0.25 0.433 0.25 0.434 0.249 0.434 0.249 0.435 0.248 0.436 0.248 0.439 0.249 0.44 0.249 0.441 0.25 0.441 0.25 0.442 0.252 0.444 0.253 0.444 0.254 0.445 0.255 0.445 0.256 0.445 0.262 0.445 0.264 0.445 0.265 0.445 0.267 0.443 0.268 0.444 0.268 0.445 0.267 0.445 0.267 0.446 0.266 0.447 0.266 0.45 0.267 0.451 0.267 0.452 0.268 0.452 0.268 0.453 0.27 0.455 0.271 0.455 0.272 0.455 0.273 0.455 0.274 0.456 0.28 0.456 0.281 0.455 0.282 0.455 0.284 0.454 0.285 0.454 0.286 0.453 0.286 0.452 0.288 0.452 0.288 0.451 0.289 0.45 0.289 0.447 0.29 0.446 0.291 0.446 0.292 0.445 0.293 0.445 0.295 0.444 0.296 0.444 0.297 0.443 0.297 0.442 0.298 0.441 0.298 0.441 0.299 0.44 0.299 0.437 0.298 0.436 0.298 0.435 0.297 0.434 0.297 0.434 0.296 0.433 0.295 0.433 0.293 0.431 0.292 0.431 0.291 0.43 0.284 0.43 0.283 0.431 0.282 0.431 0.281 0.432 0.28 0.432 0.278 0.434 0.278 0.434 0.277 0.435 0.277 0.436 0.276 0.437 0.276 0.44 0.275 0.441 0.274 0.441 0.273 0.441 0.272 0.441 0.271 0.442 0.27 0.442 0.269 0.441 0.27 0.441 0.27 0.44 0.271 0.439 0.271 0.436 0.27 0.435 0.27 0.434 0.269 0.434 0.269 0.433 0.268 0.432 0.267 0.432 0.265 0.43 0.264 0.43 0.262 0.43
0 0.222 0.429 0.221 0.43 0.219 0.43 0.218 0.43 0.217 0.43 0.211 0.434 0.211 0.435 0.21 0.436 0.21 0.438 0.209 0.438 0.209 0.442 0.21 0.443 0.21 0.444 0.211 0.445 0.211 0.445 0.217 0.449 0.218 0.449 0.219 0.45 0.221 0.45 0.222 0.451 0.227 0.451 0.228 0.45 0.229 0.45 0.23 0.449 0.231 0.449 0.236 0.445 0.236 0.445 0.238 0.444 0.238 0.443 0.239 0.442 0.239 0.438 0.238 0.438 0.238 0.436 0.236 0.435 0.236 0.434 0.231 0.43 0.23 0.43 0.229 0.43 0.228 0.43 0.227 0.429
0 0.688 0.428 0.686 0.429 0.685 0.429 0.684 0.43 0.683 0.43 0.681 0.431 0.681 0.432 0.68 0.433 0.68 0.434 0.679 0.434 0.679 0.438 0.68 0.438 0.68 0.439 0.681 0.44 0.681 0.441 0.683 0.442 0.684 0.442 0.685 0.443 0.684 0.444 0.682 0.444 0.681 0.443 0.679 0.443 0.678 0.444 0.676 0.444 0.673 0.446 0.673 0.448 0.672 0.448 0.672 0.45 0.673 0.451 0.673 0.452 0.676 0.455 0.678 0.455 0.679 0.455 0.681 0.455 0.682 0.455 0.684 0.455 0.688 0.452 0.688 0.451 0.689 0.45 0.689 0.448 0.688 0.448 0.688 0.446 0.684 0.444 0.685 0.443 0.686 0.443 0.688 0.444 0.694 0.444 0.695 0.443 0.696 0.443 0.698 0.441 0.699 0.441 0.7 0.441 0.7 0.44 0.701 0.439 0.701 0.438 0.702 0.438 0.702 0.434 0.701 0.434 0.701 0.433 0.7 0.432 0.7 0.431 0.699 0.43 0.698 0.43 0.696 0.429 0.695 0.429 0.694 0.428
0 0.666 0.419 0.665 0.42 0.662 0.42 0.659 0.422 0.659 0.423 0.658 0.424 0.658 0.426 0.659 0.427 0.659 0.428 0.662 0.43 0.665 0.43 0.666 0.431 0.668 0.431 0.669 0.43 0.671 0.43 0.674 0.428 0.674 0.427 0.675 0.426 0.675 0.424 0.674 0.423 0.674 0.422 0.671 0.42 0.669 0.42 0.668 0.419
0 0.175 0.419 0.174 0.42 0.172 0.42 0.171 0.42 0.17 0.42 0.165 0.424 0.165 0.425 0.164 0.426 0.164 0.427 0.162 0.428 0.162 0.432 0.164 0.433 0.164 0.434 0.165 0.434 0.165 0.435 0.17 0.439 0.171 0.439 0.172 0.44 0.174 0.44 0.175 0.441 0.18 0.441 0.181 0.44 0.182 0.44 0.183 0.439 0.184 0.439 0.19 0.435 0.19 0.434 0.191 0.434 0.191 0.433 0.192 0.432 0.192 0.428 0.191 0.427 0.191 0.426 0.19 0.425 0.19 0.424 0.184 0.42 0.183 0.42 0.182 0.42 0.181 0.42 0.18 0.419
0 0.632 0.416 0.631 0.416 0.629 0.416 0.626 0.419 0.626 0.42 0.625 0.421 0.625 0.423 0.626 0.423 0.626 0.425 0.629 0.427 0.631 0.427 0.632 0.428 0.634 0.428 0.635 0.427 0.638 0.427 0.641 0.425 0.641 0.423 0.642 0.423 0.642 0.421 0.641 0.42 0.641 0.419 0.638 0.416 0.635 0.416 0.634 0.416
0 0.848 0.414 0.847 0.415 0.845 0.415 0.844 0.416 0.843 0.416 0.842 0.416 0.841 0.416 0.836 0.42 0.836 0.42 0.835 0.421 0.835 0.422 0.834 0.423 0.834 0.424 0.833 0.425 0.833 0.431 0.834 0.432 0.834 0.434 0.835 0.434 0.835 0.435 0.838 0.437 0.838 0.438 0.841 0.44 0.842 0.44 0.843 0.441 0.844 0.441 0.845 0.441 0.847 0.441 0.848 0.442 0.856 0.442 0.857 0.441 0.859 0.441 0.86 0.441 0.861 0.441 0.864 0.439 0.865 0.439 0.867 0.438 0.867 0.437 0.869 0.435 0.869 0.434 0.87 0.434 0.87 0.432 0.871 0.431 0.871 0.425 0.87 0.424 0.87 0.423 0.869 0.422 0.869 0.421 0.868 0.42 0.868 0.42 0.865 0.417 0.864 0.417 0.861 0.416 0.86 0.416 0.859 0.415 0.857 0.415 0.856 0.414
0 0.119 0.414 0.118 0.415 0.115 0.415 0.106 0.421 0.106 0.423 0.105 0.424 0.105 0.427 0.104 0.427 0.102 0.427 0.101 0.428 0.098 0.428 0.09 0.434 0.09 0.437 0.089 0.438 0.089 0.443 0.09 0.444 0.09 0.445 0.098 0.452 0.101 0.452 0.102 0.452 0.109 0.452 0.11 0.452 0.112 0.452 0.114 0.451 0.115 0.452 0.115 0.455 0.116 0.456 0.116 0.458 0.124 0.464 0.127 0.464 0.128 0.465 0.135 0.465 0.136 0.464 0.139 0.464 0.147 0.458 0.147 0.456 0.148 0.455 0.148 0.45 0.147 0.449 0.147 0.447 0.139 0.441 0.136 0.441 0.135 0.44 0.128 0.44 0.127 0.441 0.124 0.441 0.123 0.441 0.122 0.441 0.122 0.44 0.123 0.439 0.126 0.439 0.127 0.438 0.129 0.438 0.138 0.432 0.138 0.43 0.139 0.43 0.139 0.424 0.138 0.423 0.138 0.421 0.129 0.415 0.127 0.415 0.126 0.414
0 0.772 0.413 0.771 0.414 0.77 0.414 0.769 0.415 0.768 0.415 0.766 0.416 0.766 0.417 0.765 0.418 0.765 0.419 0.764 0.42 0.764 0.423 0.765 0.423 0.765 0.424 0.766 0.425 0.766 0.426 0.768 0.427 0.769 0.427 0.77 0.428 0.771 0.428 0.772 0.429 0.778 0.429 0.779 0.428 0.78 0.428 0.782 0.427 0.783 0.427 0.784 0.426 0.784 0.425 0.785 0.424 0.785 0.423 0.786 0.423 0.786 0.42 0.785 0.419 0.785 0.418 0.784 0.417 0.784 0.416 0.783 0.416 0.782 0.416 0.78 0.414 0.779 0.414 0.778 0.413
0 0.354 0.402 0.353 0.402 0.351 0.402 0.348 0.405 0.348 0.406 0.347 0.407 0.347 0.409 0.348 0.409 0.348 0.411 0.351 0.413 0.353 0.413 0.354 0.414 0.356 0.414 0.357 0.413 0.359 0.413 0.362 0.411 0.362 0.409 0.364 0.409 0.364 0.407 0.362 0.406 0.362 0.405 0.359 0.402 0.357 0.402 0.356 0.402
0 0.757 0.397 0.756 0.398 0.755 0.398 0.754 0.398 0.753 0.398 0.751 0.4 0.751 0.401 0.75 0.402 0.75 0.402 0.749 0.403 0.749 0.406 0.75 0.407 0.75 0.408 0.751 0.409 0.751 0.409 0.753 0.411 0.754 0.411 0.755 0.412 0.756 0.412 0.757 0.412 0.764 0.412 0.765 0.412 0.766 0.412 0.768 0.41 0.769 0.41 0.77 0.409 0.77 0.409 0.771 0.408 0.771 0.407 0.772 0.406 0.772 0.403 0.771 0.402 0.771 0.402 0.77 0.401 0.77 0.4 0.769 0.399 0.768 0.399 0.766 0.398 0.765 0.398 0.764 0.397
0 0.319 0.395 0.318 0.396 0.316 0.396 0.312 0.398 0.312 0.4 0.311 0.401 0.311 0.402 0.312 0.403 0.312 0.405 0.316 0.407 0.318 0.407 0.319 0.408 0.321 0.408 0.322 0.407 0.324 0.407 0.327 0.405 0.327 0.403 0.328 0.402 0.328 0.401 0.327 0.4 0.327 0.398 0.324 0.396 0.322 0.396 0.321 0.395
0 0.222 0.39 0.221 0.391 0.219 0.391 0.218 0.391 0.217 0.391 0.211 0.395 0.211 0.396 0.21 0.397 0.21 0.398 0.209 0.399 0.209 0.403 0.208 0.404 0.207 0.404 0.206 0.405 0.205 0.405 0.2 0.409 0.2 0.409 0.199 0.41 0.199 0.412 0.198 0.412 0.198 0.416 0.199 0.417 0.199 0.418 0.2 0.419 0.2 0.42 0.205 0.423 0.206 0.423 0.207 0.424 0.209 0.424 0.21 0.425 0.216 0.425 0.217 0.424 0.218 0.424 0.219 0.423 0.22 0.423 0.225 0.42 0.225 0.419 0.226 0.418 0.226 0.417 0.227 0.416 0.227 0.412 0.228 0.411 0.229 0.411 0.23 0.41 0.231 0.41 0.236 0.406 0.236 0.405 0.238 0.405 0.238 0.404 0.239 0.403 0.239 0.399 0.238 0.398 0.238 0.397 0.236 0.396 0.236 0.395 0.231 0.391 0.23 0.391 0.229 0.391 0.228 0.391 0.227 0.39
0 0.723 0.388 0.722 0.389 0.721 0.389 0.72 0.39 0.719 0.39 0.717 0.391 0.717 0.392 0.716 0.393 0.716 0.394 0.714 0.395 0.712 0.395 0.706 0.395 0.705 0.395 0.704 0.395 0.703 0.396 0.702 0.396 0.7 0.398 0.7 0.398 0.699 0.399 0.699 0.4 0.698 0.401 0.698 0.404 0.699 0.405 0.699 0.405 0.7 0.406 0.7 0.407 0.702 0.409 0.703 0.409 0.704 0.409 0.705 0.409 0.706 0.41 0.712 0.41 0.714 0.409 0.715 0.409 0.717 0.408 0.718 0.408 0.719 0.407 0.719 0.406 0.72 0.405 0.72 0.405 0.721 0.404 0.723 0.405 0.723 0.406 0.724 0.407 0.722 0.409 0.721 0.409 0.719 0.41 0.719 0.411 0.718 0.412 0.718 0.412 0.717 0.413 0.717 0.416 0.718 0.417 0.718 0.418 0.719 0.419 0.719 0.42 0.721 0.421 0.722 0.421 0.723 0.422 0.724 0.422 0.725 0.423 0.731 0.423 0.732 0.422 0.733 0.422 0.735 0.42 0.736 0.42 0.738 0.42 0.738 0.419 0.739 0.418 0.739 0.417 0.74 0.416 0.74 0.413 0.739 0.412 0.739 0.412 0.738 0.411 0.741 0.409 0.742 0.409 0.743 0.408 0.743 0.407 0.744 0.406 0.744 0.405 0.745 0.405 0.745 0.402 0.744 0.401 0.744 0.4 0.743 0.399 0.743 0.398 0.742 0.398 0.741 0.398 0.738 0.395 0.738 0.395 0.736 0.394 0.736 0.393 0.735 0.392 0.735 0.391 0.734 0.391 0.733 0.391 0.731 0.389 0.73 0.389 0.729 0.388
0 0.27 0.384 0.269 0.385 0.267 0.385 0.266 0.386 0.265 0.386 0.259 0.39 0.259 0.391 0.258 0.391 0.258 0.393 0.257 0.394 0.257 0.398 0.258 0.398 0.258 0.399 0.259 0.4 0.259 0.401 0.265 0.405 0.266 0.405 0.267 0.405 0.269 0.405 0.27 0.406 0.275 0.406 0.276 0.405 0.277 0.405 0.278 0.405 0.279 0.405 0.284 0.401 0.284 0.4 0.285 0.399 0.285 0.398 0.286 0.398 0.286 0.394 0.285 0.393 0.285 0.391 0.284 0.391 0.284 0.39 0.279 0.386 0.278 0.386 0.277 0.385 0.276 0.385 0.275 0.384
0 0.888 0.382 0.886 0.383 0.884 0.383 0.883 0.384 0.882 0.384 0.881 0.384 0.88 0.384 0.876 0.388 0.876 0.388 0.875 0.389 0.875 0.39 0.874 0.391 0.874 0.392 0.873 0.393 0.873 0.399 0.874 0.4 0.874 0.402 0.875 0.402 0.875 0.403 0.877 0.405 0.877 0.405 0.88 0.408 0.881 0.408 0.882 0.409 0.883 0.409 0.884 0.409 0.886 0.409 0.888 0.41 0.896 0.41 0.897 0.409 0.899 0.409 0.9 0.409 0.901 0.409 0.903 0.407 0.904 0.407 0.906 0.405 0.906 0.405 0.908 0.403 0.908 0.402 0.909 0.402 0.909 0.4 0.91 0.399 0.91 0.393 0.909 0.392 0.909 0.391 0.908 0.39 0.908 0.389 0.907 0.388 0.907 0.388 0.904 0.385 0.903 0.385 0.901 0.384 0.9 0.384 0.899 0.383 0.897 0.383 0.896 0.382
0 0.772 0.38 0.771 0.38 0.77 0.38 0.769 0.381 0.768 0.381 0.766 0.383 0.766 0.384 0.765 0.384 0.765 0.385 0.764 0.386 0.764 0.389 0.765 0.39 0.765 0.391 0.766 0.391 0.766 0.392 0.768 0.394 0.769 0.394 0.77 0.395 0.771 0.395 0.772 0.395 0.778 0.395 0.779 0.395 0.78 0.395 0.782 0.393 0.783 0.393 0.784 0.392 0.784 0.391 0.785 0.391 0.785 0.39 0.786 0.389 0.786 0.386 0.785 0.385 0.785 0.384 0.784 0.384 0.784 0.383 0.783 0.382 0.782 0.382 0.78 0.38 0.779 0.38 0.778 0.38
0 0.298 0.372 0.297 0.373 0.296 0.373 0.295 0.373 0.294 0.373 0.292 0.375 0.292 0.376 0.291 0.377 0.291 0.377 0.29 0.378 0.29 0.381 0.291 0.382 0.291 0.383 0.292 0.384 0.292 0.384 0.294 0.386 0.295 0.386 0.296 0.387 0.297 0.387 0.298 0.388 0.304 0.388 0.305 0.387 0.306 0.387 0.308 0.385 0.309 0.385 0.31 0.384 0.31 0.384 0.311 0.383 0.311 0.382 0.312 0.381 0.312 0.378 0.311 0.377 0.311 0.377 0.31 0.376 0.31 0.375 0.309 0.374 0.308 0.374 0.306 0.373 0.305 0.373 0.304 0.372
0 0.357 0.364 0.356 0.365 0.354 0.365 0.351 0.367 0.351 0.369 0.35 0.37 0.35 0.371 0.351 0.372 0.351 0.373 0.354 0.376 0.356 0.376 0.357 0.377 0.359 0.377 0.36 0.376 0.362 0.376 0.364 0.377 0.362 0.377 0.362 0.379 0.364 0.38 0.364 0.381 0.367 0.384 0.369 0.384 0.37 0.384 0.372 0.384 0.373 0.384 0.375 0.384 0.378 0.381 0.378 0.38 0.379 0.379 0.379 0.377 0.378 0.377 0.378 0.375 0.375 0.373 0.373 0.373 0.372 0.372 0.37 0.372 0.369 0.373 0.367 0.373 0.366 0.372 0.367 0.371 0.367 0.37 0.366 0.369 0.366 0.367 0.362 0.365 0.36 0.365 0.359 0.364
0 0.841 0.362 0.84 0.362 0.838 0.362 0.836 0.363 0.835 0.363 0.834 0.364 0.833 0.364 0.829 0.367 0.829 0.368 0.828 0.369 0.828 0.37 0.827 0.37 0.827 0.372 0.826 0.373 0.826 0.379 0.827 0.38 0.827 0.381 0.828 0.382 0.828 0.383 0.83 0.384 0.83 0.385 0.833 0.388 0.834 0.388 0.835 0.388 0.836 0.388 0.838 0.389 0.84 0.389 0.841 0.39 0.849 0.39 0.85 0.389 0.852 0.389 0.853 0.388 0.854 0.388 0.856 0.387 0.857 0.387 0.859 0.385 0.859 0.384 0.861 0.383 0.861 0.382 0.862 0.381 0.862 0.38 0.864 0.379 0.864 0.373 0.862 0.372 0.862 0.37 0.861 0.37 0.861 0.369 0.86 0.368 0.86 0.367 0.857 0.365 0.856 0.365 0.854 0.363 0.853 0.363 0.852 0.362 0.85 0.362 0.849 0.362
0 0.671 0.358 0.67 0.359 0.669 0.359 0.668 0.359 0.667 0.359 0.665 0.361 0.665 0.362 0.664 0.362 0.664 0.363 0.662 0.364 0.662 0.367 0.664 0.368 0.664 0.369 0.665 0.37 0.665 0.37 0.667 0.372 0.668 0.372 0.669 0.373 0.67 0.373 0.671 0.373 0.677 0.373 0.678 0.373 0.679 0.373 0.681 0.371 0.682 0.371 0.683 0.37 0.683 0.37 0.684 0.369 0.686 0.37 0.686 0.371 0.688 0.372 0.688 0.373 0.69 0.374 0.691 0.374 0.692 0.375 0.693 0.375 0.694 0.376 0.7 0.376 0.701 0.375 0.702 0.375 0.704 0.373 0.705 0.373 0.706 0.373 0.706 0.372 0.707 0.371 0.707 0.37 0.708 0.37 0.708 0.366 0.707 0.366 0.707 0.365 0.706 0.364 0.706 0.363 0.705 0.362 0.704 0.362 0.702 0.361 0.701 0.361 0.7 0.36 0.694 0.36 0.693 0.361 0.692 0.361 0.691 0.362 0.69 0.362 0.688 0.363 0.688 0.364 0.686 0.365 0.684 0.363 0.684 0.362 0.683 0.362 0.683 0.361 0.682 0.36 0.681 0.36 0.679 0.359 0.678 0.359 0.677 0.358
0 0.376 0.355 0.375 0.356 0.373 0.356 0.37 0.359 0.37 0.36 0.369 0.361 0.369 0.362 0.37 0.363 0.37 0.365 0.373 0.367 0.375 0.367 0.376 0.368 0.378 0.368 0.379 0.367 0.381 0.367 0.384 0.365 0.384 0.363 0.385 0.362 0.385 0.361 0.384 0.36 0.384 0.359 0.381 0.356 0.379 0.356 0.378 0.355
0 0.259 0.341 0.258 0.342 0.256 0.342 0.255 0.343 0.254 0.343 0.249 0.347 0.249 0.348 0.248 0.348 0.248 0.35 0.247 0.351 0.247 0.355 0.248 0.355 0.248 0.356 0.249 0.357 0.249 0.358 0.254 0.362 0.255 0.362 0.256 0.362 0.258 0.362 0.259 0.363 0.265 0.363 0.266 0.362 0.267 0.362 0.268 0.362 0.269 0.362 0.274 0.358 0.274 0.357 0.275 0.356 0.275 0.355 0.276 0.355 0.276 0.351 0.275 0.35 0.275 0.348 0.274 0.348 0.274 0.347 0.269 0.343 0.268 0.343 0.267 0.342 0.266 0.342 0.265 0.341
0 0.785 0.333 0.784 0.334 0.782 0.334 0.781 0.334 0.78 0.334 0.779 0.335 0.778 0.335 0.774 0.338 0.774 0.339 0.773 0.34 0.773 0.341 0.772 0.341 0.772 0.343 0.771 0.344 0.771 0.35 0.772 0.351 0.772 0.352 0.773 0.353 0.773 0.354 0.775 0.355 0.775 0.356 0.778 0.359 0.779 0.359 0.78 0.359 0.781 0.359 0.782 0.36 0.784 0.36 0.785 0.361 0.794 0.361 0.795 0.36 0.797 0.36 0.798 0.359 0.799 0.359 0.801 0.358 0.802 0.358 0.804 0.356 0.804 0.355 0.806 0.354 0.806 0.353 0.807 0.352 0.807 0.351 0.808 0.35 0.808 0.344 0.807 0.343 0.807 0.341 0.806 0.341 0.806 0.34 0.805 0.339 0.805 0.338 0.802 0.336 0.801 0.336 0.799 0.334 0.798 0.334 0.797 0.334 0.795 0.334 0.794 0.333
0 0.23 0.332 0.229 0.333 0.227 0.333 0.226 0.334 0.225 0.334 0.22 0.338 0.22 0.338 0.219 0.339 0.219 0.341 0.218 0.341 0.218 0.345 0.219 0.346 0.219 0.347 0.22 0.348 0.22 0.348 0.225 0.352 0.226 0.352 0.227 0.353 0.229 0.353 0.23 0.354 0.235 0.354 0.236 0.353 0.238 0.353 0.239 0.352 0.24 0.352 0.245 0.348 0.245 0.348 0.246 0.347 0.246 0.346 0.247 0.345 0.247 0.341 0.246 0.341 0.246 0.339 0.245 0.338 0.245 0.338 0.24 0.334 0.239 0.334 0.238 0.333 0.236 0.333 0.235 0.332
0 0.291 0.328 0.29 0.329 0.289 0.329 0.288 0.33 0.286 0.33 0.284 0.331 0.284 0.332 0.283 0.333 0.283 0.334 0.282 0.334 0.282 0.338 0.283 0.338 0.283 0.339 0.284 0.34 0.284 0.341 0.286 0.342 0.288 0.342 0.289 0.343 0.29 0.343 0.291 0.344 0.297 0.344 0.298 0.343 0.299 0.343 0.301 0.341 0.302 0.341 0.303 0.341 0.303 0.34 0.304 0.339 0.304 0.338 0.305 0.338 0.305 0.334 0.304 0.334 0.304 0.333 0.303 0.332 0.303 0.331 0.302 0.33 0.301 0.33 0.299 0.329 0.298 0.329 0.297 0.328
0 0.589 0.327 0.588 0.327 0.586 0.327 0.585 0.328 0.584 0.328 0.582 0.33 0.582 0.33 0.581 0.331 0.581 0.332 0.58 0.333 0.58 0.336 0.581 0.337 0.581 0.338 0.582 0.338 0.582 0.339 0.584 0.341 0.585 0.341 0.586 0.341 0.588 0.341 0.589 0.342 0.595 0.342 0.596 0.341 0.597 0.341 0.599 0.34 0.6 0.34 0.601 0.339 0.601 0.338 0.602 0.338 0.602 0.337 0.603 0.336 0.603 0.333 0.602 0.332 0.602 0.331 0.601 0.33 0.601 0.33 0.6 0.329 0.599 0.329 0.597 0.327 0.596 0.327 0.595 0.327
0 0.67 0.323 0.669 0.323 0.668 0.323 0.667 0.324 0.666 0.324 0.664 0.326 0.664 0.327 0.662 0.327 0.662 0.328 0.661 0.329 0.661 0.332 0.662 0.333 0.662 0.334 0.664 0.334 0.664 0.335 0.666 0.337 0.667 0.337 0.668 0.338 0.669 0.338 0.67 0.338 0.676 0.338 0.677 0.338 0.678 0.338 0.68 0.336 0.681 0.336 0.682 0.335 0.682 0.334 0.683 0.334 0.683 0.333 0.684 0.332 0.684 0.329 0.683 0.328 0.683 0.327 0.682 0.327 0.682 0.326 0.681 0.325 0.68 0.325 0.678 0.323 0.677 0.323 0.676 0.323
0 0.251 0.32 0.25 0.321 0.249 0.321 0.248 0.322 0.247 0.322 0.245 0.323 0.245 0.324 0.244 0.325 0.244 0.326 0.243 0.327 0.243 0.33 0.244 0.33 0.244 0.331 0.245 0.332 0.245 0.333 0.247 0.334 0.248 0.334 0.249 0.335 0.25 0.335 0.251 0.336 0.257 0.336 0.258 0.335 0.259 0.335 0.261 0.334 0.262 0.334 0.264 0.333 0.264 0.332 0.265 0.331 0.265 0.33 0.266 0.33 0.266 0.327 0.265 0.326 0.265 0.325 0.264 0.324 0.264 0.323 0.262 0.323 0.261 0.323 0.259 0.321 0.258 0.321 0.257 0.32
0 0.504 0.319 0.503 0.32 0.501 0.32 0.498 0.322 0.498 0.323 0.497 0.324 0.497 0.326 0.498 0.327 0.498 0.328 0.501 0.33 0.503 0.33 0.504 0.331 0.506 0.331 0.507 0.33 0.509 0.33 0.512 0.328 0.512 0.327 0.514 0.326 0.514 0.324 0.512 0.323 0.512 0.322 0.509 0.32 0.507 0.32 0.506 0.319
0 0.322 0.319 0.321 0.32 0.32 0.32 0.319 0.32 0.318 0.32 0.316 0.322 0.316 0.323 0.315 0.323 0.315 0.324 0.314 0.325 0.314 0.328 0.315 0.329 0.315 0.33 0.316 0.33 0.316 0.331 0.318 0.333 0.319 0.333 0.32 0.334 0.321 0.334 0.322 0.334 0.323 0.334 0.324 0.335 0.323 0.336 0.323 0.337 0.322 0.338 0.322 0.338 0.321 0.339 0.321 0.342 0.322 0.343 0.322 0.344 0.323 0.345 0.323 0.345 0.325 0.347 0.326 0.347 0.327 0.348 0.328 0.348 0.329 0.348 0.335 0.348 0.336 0.348 0.338 0.348 0.34 0.346 0.341 0.346 0.342 0.345 0.342 0.345 0.343 0.344 0.343 0.343 0.344 0.342 0.344 0.339 0.343 0.338 0.343 0.338 0.342 0.337 0.342 0.336 0.341 0.335 0.34 0.335 0.338 0.334 0.336 0.334 0.335 0.333 0.334 0.333 0.333 0.332 0.334 0.331 0.334 0.33 0.335 0.33 0.335 0.329 0.336 0.328 0.336 0.325 0.335 0.324 0.335 0.323 0.334 0.323 0.334 0.322 0.333 0.321 0.332 0.321 0.33 0.32 0.329 0.32 0.328 0.319
0 0.392 0.315 0.391 0.316 0.39 0.316 0.389 0.316 0.388 0.316 0.385 0.318 0.385 0.319 0.384 0.32 0.384 0.32 0.383 0.321 0.383 0.324 0.384 0.325 0.384 0.326 0.385 0.327 0.385 0.327 0.388 0.329 0.389 0.329 0.39 0.33 0.391 0.33 0.392 0.33 0.398 0.33 0.399 0.33 0.4 0.33 0.402 0.328 0.403 0.328 0.404 0.327 0.404 0.327 0.405 0.326 0.405 0.325 0.406 0.324 0.406 0.321 0.405 0.32 0.405 0.32 0.404 0.319 0.404 0.318 0.403 0.317 0.402 0.317 0.4 0.316 0.399 0.316 0.398 0.315
0 0.605 0.313 0.604 0.314 0.603 0.314 0.602 0.315 0.601 0.315 0.599 0.316 0.599 0.317 0.598 0.318 0.598 0.319 0.597 0.32 0.597 0.323 0.598 0.323 0.598 0.324 0.599 0.325 0.599 0.326 0.601 0.327 0.602 0.327 0.603 0.328 0.604 0.328 0.605 0.329 0.611 0.329 0.612 0.328 0.614 0.328 0.616 0.327 0.617 0.327 0.618 0.326 0.618 0.325 0.619 0.324 0.619 0.323 0.62 0.323 0.62 0.32 0.619 0.319 0.619 0.318 0.618 0.317 0.618 0.316 0.617 0.316 0.616 0.316 0.614 0.314 0.612 0.314 0.611 0.313
0 0.495 0.305 0.494 0.306 0.492 0.306 0.489 0.309 0.489 0.31 0.488 0.311 0.488 0.312 0.489 0.313 0.489 0.315 0.492 0.317 0.494 0.317 0.495 0.318 0.497 0.318 0.498 0.317 0.5 0.317 0.503 0.315 0.503 0.313 0.504 0.312 0.504 0.311 0.503 0.31 0.503 0.309 0.5 0.306 0.498 0.306 0.497 0.305
0 0.426 0.305 0.425 0.305 0.424 0.305 0.423 0.306 0.422 0.306 0.42 0.308 0.42 0.309 0.419 0.309 0.419 0.31 0.418 0.311 0.418 0.314 0.419 0.315 0.419 0.316 0.42 0.316 0.42 0.317 0.422 0.319 0.423 0.319 0.424 0.32 0.425 0.32 0.426 0.32 0.432 0.32 0.433 0.32 0.434 0.32 0.436 0.318 0.438 0.318 0.439 0.317 0.439 0.316 0.44 0.316 0.44 0.315 0.441 0.314 0.441 0.311 0.44 0.31 0.44 0.309 0.439 0.309 0.439 0.308 0.438 0.307 0.436 0.307 0.434 0.305 0.433 0.305 0.432 0.305
0 0.561 0.304 0.56 0.305 0.559 0.305 0.558 0.305 0.557 0.305 0.555 0.307 0.555 0.308 0.554 0.309 0.554 0.309 0.553 0.31 0.553 0.313 0.554 0.314 0.554 0.315 0.555 0.316 0.555 0.316 0.557 0.318 0.558 0.318 0.559 0.319 0.56 0.319 0.561 0.32 0.568 0.32 0.569 0.319 0.57 0.319 0.572 0.317 0.573 0.317 0.574 0.316 0.574 0.316 0.575 0.315 0.575 0.314 0.576 0.313 0.576 0.31 0.575 0.309 0.575 0.309 0.574 0.308 0.574 0.307 0.573 0.306 0.572 0.306 0.57 0.305 0.569 0.305 0.568 0.304
0 0.274 0.303 0.273 0.304 0.271 0.304 0.27 0.305 0.269 0.305 0.264 0.309 0.264 0.309 0.262 0.31 0.262 0.312 0.261 0.312 0.261 0.316 0.262 0.317 0.262 0.318 0.264 0.319 0.264 0.32 0.269 0.323 0.27 0.323 0.271 0.324 0.273 0.324 0.274 0.325 0.279 0.325 0.28 0.324 0.281 0.324 0.282 0.323 0.283 0.323 0.289 0.32 0.289 0.319 0.29 0.318 0.29 0.317 0.291 0.316 0.291 0.312 0.29 0.312 0.29 0.31 0.289 0.309 0.289 0.309 0.283 0.305 0.282 0.305 0.281 0.304 0.28 0.304 0.279 0.303
0 0.471 0.302 0.47 0.303 0.469 0.303 0.468 0.304 0.467 0.304 0.465 0.305 0.465 0.306 0.464 0.307 0.464 0.308 0.462 0.309 0.462 0.312 0.464 0.312 0.464 0.313 0.465 0.314 0.465 0.315 0.467 0.316 0.468 0.316 0.469 0.317 0.47 0.317 0.471 0.318 0.477 0.318 0.478 0.317 0.479 0.317 0.481 0.316 0.482 0.316 0.483 0.315 0.483 0.314 0.484 0.313 0.484 0.312 0.485 0.312 0.485 0.309 0.484 0.308 0.484 0.307 0.483 0.306 0.483 0.305 0.482 0.305 0.481 0.305 0.479 0.303 0.478 0.303 0.477 0.302
0 0.359 0.301 0.358 0.302 0.357 0.302 0.356 0.302 0.355 0.302 0.353 0.304 0.353 0.305 0.352 0.305 0.352 0.306 0.351 0.307 0.351 0.31 0.352 0.311 0.352 0.312 0.353 0.312 0.353 0.313 0.355 0.315 0.356 0.315 0.357 0.316 0.358 0.316 0.359 0.316 0.366 0.316 0.367 0.316 0.368 0.316 0.37 0.314 0.371 0.314 0.372 0.313 0.372 0.312 0.373 0.312 0.373 0.311 0.374 0.31 0.374 0.307 0.373 0.306 0.373 0.305 0.372 0.305 0.372 0.304 0.371 0.303 0.37 0.303 0.368 0.302 0.367 0.302 0.366 0.301
0 0.521 0.288 0.52 0.289 0.519 0.289 0.518 0.29 0.517 0.29 0.515 0.291 0.515 0.292 0.514 0.293 0.514 0.294 0.512 0.295 0.512 0.298 0.514 0.298 0.514 0.299 0.515 0.3 0.515 0.301 0.517 0.302 0.518 0.302 0.519 0.303 0.52 0.303 0.521 0.304 0.527 0.304 0.528 0.303 0.529 0.303 0.531 0.302 0.532 0.302 0.533 0.301 0.533 0.3 0.534 0.299 0.534 0.298 0.535 0.298 0.535 0.295 0.534 0.294 0.534 0.293 0.533 0.292 0.533 0.291 0.532 0.291 0.531 0.291 0.529 0.289 0.528 0.289 0.527 0.288
0 0.638 0.285 0.636 0.286 0.634 0.286 0.633 0.287 0.632 0.287 0.627 0.291 0.627 0.291 0.626 0.292 0.626 0.294 0.625 0.295 0.625 0.298 0.626 0.299 0.626 0.3 0.627 0.301 0.627 0.302 0.632 0.305 0.633 0.305 0.634 0.306 0.636 0.306 0.638 0.307 0.643 0.307 0.644 0.306 0.645 0.306 0.646 0.305 0.647 0.305 0.652 0.302 0.652 0.301 0.653 0.3 0.653 0.299 0.654 0.298 0.654 0.295 0.653 0.294 0.653 0.292 0.652 0.291 0.652 0.291 0.647 0.287 0.646 0.287 0.645 0.286 0.644 0.286 0.643 0.285
0 0.386 0.279 0.385 0.28 0.384 0.28 0.383 0.28 0.382 0.28 0.38 0.282 0.38 0.283 0.379 0.284 0.379 0.284 0.378 0.285 0.378 0.288 0.379 0.289 0.379 0.29 0.38 0.291 0.38 0.291 0.381 0.292 0.379 0.294 0.379 0.295 0.378 0.295 0.378 0.296 0.377 0.297 0.377 0.3 0.378 0.301 0.378 0.302 0.379 0.302 0.379 0.303 0.381 0.305 0.382 0.305 0.383 0.305 0.384 0.305 0.385 0.306 0.392 0.306 0.393 0.305 0.394 0.305 0.396 0.304 0.397 0.304 0.398 0.303 0.399 0.303 0.4 0.304 0.406 0.304 0.407 0.303 0.408 0.303 0.41 0.302 0.411 0.302 0.412 0.301 0.412 0.3 0.414 0.299 0.414 0.298 0.415 0.298 0.415 0.295 0.414 0.294 0.414 0.293 0.412 0.292 0.412 0.291 0.411 0.291 0.41 0.291 0.408 0.289 0.407 0.289 0.406 0.288 0.402 0.288 0.401 0.288 0.401 0.285 0.4 0.284 0.4 0.284 0.399 0.283 0.399 0.282 0.398 0.281 0.397 0.281 0.395 0.28 0.394 0.28 0.393 0.279
0 0.566 0.275 0.565 0.276 0.562 0.276 0.561 0.277 0.56 0.277 0.555 0.28 0.555 0.281 0.554 0.282 0.554 0.284 0.553 0.284 0.553 0.288 0.554 0.289 0.554 0.29 0.555 0.291 0.555 0.291 0.56 0.295 0.561 0.295 0.562 0.296 0.565 0.296 0.566 0.297 0.567 0.297 0.569 0.298 0.569 0.299 0.574 0.303 0.575 0.303 0.576 0.304 0.578 0.304 0.579 0.305 0.584 0.305 0.585 0.304 0.586 0.304 0.588 0.303 0.589 0.303 0.594 0.299 0.594 0.298 0.595 0.298 0.595 0.297 0.596 0.296 0.596 0.292 0.595 0.291 0.595 0.29 0.594 0.289 0.594 0.288 0.589 0.284 0.588 0.284 0.586 0.284 0.585 0.284 0.584 0.283 0.582 0.283 0.58 0.281 0.58 0.28 0.575 0.277 0.574 0.277 0.573 0.276 0.572 0.276 0.571 0.275
0 0.354 0.275 0.353 0.276 0.352 0.276 0.351 0.277 0.35 0.277 0.348 0.278 0.348 0.279 0.347 0.28 0.347 0.28 0.346 0.281 0.346 0.284 0.347 0.285 0.347 0.286 0.348 0.287 0.348 0.288 0.35 0.289 0.351 0.289 0.352 0.29 0.353 0.29 0.354 0.291 0.36 0.291 0.361 0.29 0.362 0.29 0.365 0.288 0.366 0.288 0.367 0.288 0.367 0.287 0.368 0.286 0.368 0.285 0.369 0.284 0.369 0.281 0.368 0.28 0.368 0.28 0.367 0.279 0.367 0.278 0.366 0.277 0.365 0.277 0.362 0.276 0.361 0.276 0.36 0.275
0 0.322 0.266 0.321 0.267 0.319 0.267 0.318 0.268 0.317 0.268 0.311 0.272 0.311 0.273 0.31 0.273 0.31 0.275 0.309 0.276 0.309 0.28 0.31 0.28 0.31 0.281 0.311 0.282 0.311 0.283 0.317 0.287 0.318 0.287 0.319 0.288 0.321 0.288 0.322 0.288 0.327 0.288 0.328 0.288 0.329 0.288 0.33 0.287 0.331 0.287 0.336 0.283 0.336 0.282 0.338 0.281 0.338 0.28 0.339 0.28 0.339 0.276 0.338 0.275 0.338 0.273 0.336 0.273 0.336 0.272 0.331 0.268 0.33 0.268 0.329 0.267 0.328 0.267 0.327 0.266
0 0.611 0.262 0.61 0.263 0.608 0.263 0.607 0.264 0.606 0.264 0.601 0.268 0.601 0.269 0.6 0.27 0.6 0.271 0.599 0.272 0.599 0.276 0.6 0.277 0.6 0.277 0.601 0.278 0.601 0.279 0.606 0.283 0.607 0.283 0.608 0.284 0.61 0.284 0.611 0.284 0.617 0.284 0.618 0.284 0.619 0.284 0.62 0.283 0.621 0.283 0.626 0.279 0.626 0.278 0.627 0.277 0.627 0.277 0.628 0.276 0.628 0.272 0.627 0.271 0.627 0.27 0.626 0.269 0.626 0.268 0.621 0.264 0.62 0.264 0.619 0.263 0.618 0.263 0.617 0.262
0 0.381 0.252 0.38 0.252 0.378 0.252 0.377 0.253 0.376 0.253 0.371 0.257 0.371 0.258 0.37 0.259 0.37 0.26 0.369 0.261 0.369 0.265 0.37 0.266 0.37 0.266 0.371 0.267 0.371 0.268 0.376 0.272 0.377 0.272 0.378 0.273 0.38 0.273 0.381 0.273 0.386 0.273 0.388 0.273 0.389 0.273 0.39 0.272 0.391 0.272 0.396 0.268 0.396 0.267 0.397 0.266 0.397 0.266 0.398 0.265 0.398 0.261 0.397 0.26 0.397 0.259 0.396 0.258 0.396 0.257 0.391 0.253 0.39 0.253 0.389 0.252 0.388 0.252 0.386 0.252
