6 0.471 0.864 0.47 0.865 0.468 0.865 0.464 0.868 0.464 0.87 0.462 0.87 0.462 0.873 0.464 0.873 0.464 0.875 0.467 0.877 0.47 0.877 0.471 0.878 0.473 0.878 0.474 0.877 0.477 0.877 0.48 0.875 0.48 0.873 0.481 0.873 0.481 0.87 0.48 0.87 0.48 0.867 0.477 0.865 0.474 0.865 0.473 0.864
6 0.398 0.774 0.397 0.775 0.395 0.775 0.391 0.778 0.391 0.78 0.39 0.78 0.39 0.783 0.391 0.784 0.391 0.785 0.394 0.788 0.397 0.788 0.398 0.788 0.4 0.788 0.401 0.788 0.404 0.788 0.407 0.785 0.407 0.784 0.408 0.783 0.408 0.78 0.407 0.78 0.407 0.777 0.404 0.775 0.401 0.775 0.4 0.774
6 0.702 0.719 0.701 0.72 0.699 0.72 0.695 0.723 0.695 0.724 0.694 0.725 0.694 0.727 0.695 0.728 0.695 0.73 0.698 0.732 0.701 0.732 0.702 0.733 0.704 0.733 0.705 0.732 0.708 0.732 0.711 0.73 0.711 0.728 0.712 0.727 0.712 0.725 0.711 0.724 0.711 0.722 0.708 0.72 0.705 0.72 0.704 0.719
6 0.578 0.682 0.577 0.683 0.575 0.683 0.571 0.686 0.571 0.688 0.57 0.688 0.57 0.691 0.571 0.691 0.571 0.693 0.574 0.695 0.577 0.695 0.578 0.696 0.58 0.696 0.581 0.695 0.584 0.695 0.588 0.693 0.588 0.691 0.589 0.691 0.589 0.688 0.588 0.688 0.588 0.685 0.584 0.683 0.581 0.683 0.58 0.682
6 0.331 0.673 0.33 0.673 0.328 0.673 0.324 0.677 0.324 0.678 0.323 0.679 0.323 0.681 0.324 0.682 0.324 0.684 0.327 0.686 0.33 0.686 0.331 0.687 0.333 0.687 0.334 0.686 0.338 0.686 0.341 0.684 0.341 0.682 0.342 0.681 0.342 0.679 0.341 0.678 0.341 0.676 0.338 0.673 0.334 0.673 0.333 0.673
6 0.418 0.666 0.417 0.666 0.415 0.666 0.41 0.67 0.41 0.671 0.409 0.672 0.409 0.674 0.41 0.675 0.41 0.677 0.414 0.679 0.417 0.679 0.418 0.68 0.42 0.68 0.421 0.679 0.424 0.679 0.427 0.677 0.427 0.675 0.428 0.674 0.428 0.672 0.427 0.671 0.427 0.669 0.424 0.666 0.421 0.666 0.42 0.666
6 0.185 0.662 0.184 0.663 0.182 0.663 0.178 0.666 0.178 0.668 0.177 0.669 0.177 0.671 0.178 0.672 0.178 0.673 0.181 0.676 0.184 0.676 0.185 0.677 0.188 0.677 0.189 0.676 0.192 0.676 0.195 0.673 0.195 0.672 0.196 0.671 0.196 0.669 0.195 0.668 0.195 0.666 0.192 0.663 0.189 0.663 0.188 0.662
6 0.439 0.658 0.438 0.659 0.435 0.659 0.431 0.662 0.431 0.663 0.43 0.664 0.43 0.666 0.431 0.667 0.431 0.669 0.434 0.671 0.438 0.671 0.439 0.672 0.441 0.672 0.442 0.671 0.445 0.671 0.448 0.669 0.448 0.667 0.449 0.666 0.449 0.664 0.448 0.663 0.448 0.661 0.445 0.659 0.442 0.659 0.441 0.658
6 0.606 0.646 0.605 0.647 0.603 0.647 0.599 0.65 0.599 0.652 0.598 0.652 0.598 0.655 0.599 0.655 0.599 0.657 0.602 0.659 0.605 0.659 0.606 0.66 0.608 0.66 0.609 0.659 0.612 0.659 0.616 0.657 0.616 0.655 0.617 0.655 0.617 0.652 0.616 0.652 0.616 0.649 0.612 0.647 0.609 0.647 0.608 0.646
6 0.522 0.645 0.521 0.646 0.519 0.646 0.515 0.649 0.515 0.651 0.514 0.652 0.514 0.654 0.515 0.655 0.515 0.656 0.518 0.659 0.521 0.659 0.522 0.659 0.524 0.659 0.525 0.659 0.528 0.659 0.531 0.656 0.531 0.655 0.532 0.654 0.532 0.652 0.531 0.651 0.531 0.648 0.528 0.646 0.525 0.646 0.524 0.645
6 0.765 0.638 0.764 0.638 0.761 0.638 0.757 0.641 0.757 0.643 0.756 0.644 0.756 0.646 0.757 0.647 0.757 0.648 0.76 0.651 0.764 0.651 0.765 0.652 0.767 0.652 0.768 0.651 0.771 0.651 0.774 0.648 0.774 0.647 0.775 0.646 0.775 0.644 0.774 0.643 0.774 0.641 0.771 0.638 0.768 0.638 0.767 0.638
6 0.788 0.637 0.786 0.638 0.784 0.638 0.78 0.641 0.78 0.642 0.779 0.643 0.779 0.645 0.78 0.646 0.78 0.648 0.783 0.65 0.786 0.65 0.788 0.651 0.79 0.651 0.791 0.65 0.794 0.65 0.797 0.648 0.797 0.646 0.798 0.645 0.798 0.643 0.797 0.642 0.797 0.64 0.794 0.638 0.791 0.638 0.79 0.637
6 0.505 0.636 0.504 0.637 0.502 0.637 0.498 0.64 0.498 0.641 0.497 0.642 0.497 0.645 0.498 0.645 0.498 0.647 0.501 0.649 0.504 0.649 0.505 0.65 0.507 0.65 0.508 0.649 0.511 0.649 0.515 0.647 0.515 0.645 0.516 0.645 0.516 0.642 0.515 0.641 0.515 0.639 0.511 0.637 0.508 0.637 0.507 0.636
6 0.73 0.634 0.729 0.635 0.727 0.635 0.723 0.638 0.723 0.64 0.722 0.641 0.722 0.643 0.723 0.644 0.723 0.645 0.726 0.648 0.729 0.648 0.73 0.648 0.732 0.648 0.733 0.648 0.736 0.648 0.74 0.645 0.74 0.644 0.741 0.643 0.741 0.641 0.74 0.64 0.74 0.638 0.736 0.635 0.733 0.635 0.732 0.634
6 0.478 0.634 0.477 0.635 0.475 0.635 0.471 0.638 0.471 0.64 0.47 0.641 0.47 0.643 0.471 0.644 0.471 0.645 0.474 0.648 0.477 0.648 0.478 0.648 0.48 0.648 0.481 0.648 0.484 0.648 0.488 0.645 0.488 0.644 0.489 0.643 0.489 0.641 0.488 0.64 0.488 0.638 0.484 0.635 0.481 0.635 0.48 0.634
6 0.421 0.626 0.42 0.627 0.418 0.627 0.414 0.63 0.414 0.631 0.412 0.632 0.412 0.634 0.414 0.635 0.414 0.637 0.417 0.639 0.42 0.639 0.421 0.64 0.423 0.64 0.424 0.639 0.427 0.639 0.43 0.637 0.43 0.635 0.431 0.634 0.431 0.632 0.43 0.631 0.43 0.629 0.427 0.627 0.424 0.627 0.423 0.626
6 0.608 0.623 0.607 0.624 0.605 0.624 0.601 0.627 0.601 0.629 0.6 0.63 0.6 0.632 0.601 0.633 0.601 0.634 0.604 0.637 0.607 0.637 0.608 0.638 0.61 0.638 0.611 0.637 0.615 0.637 0.618 0.634 0.618 0.633 0.619 0.632 0.619 0.63 0.618 0.629 0.618 0.627 0.615 0.624 0.611 0.624 0.61 0.623
6 0.583 0.623 0.582 0.623 0.58 0.623 0.576 0.627 0.576 0.628 0.575 0.629 0.575 0.631 0.576 0.632 0.576 0.634 0.579 0.636 0.582 0.636 0.583 0.637 0.585 0.637 0.586 0.636 0.59 0.636 0.593 0.634 0.593 0.632 0.594 0.631 0.594 0.629 0.593 0.628 0.593 0.626 0.59 0.623 0.586 0.623 0.585 0.623
6 0.154 0.607 0.153 0.608 0.151 0.608 0.147 0.611 0.147 0.612 0.146 0.613 0.146 0.616 0.147 0.616 0.147 0.618 0.15 0.62 0.153 0.62 0.154 0.621 0.156 0.621 0.157 0.62 0.16 0.62 0.164 0.618 0.164 0.616 0.165 0.616 0.165 0.613 0.164 0.612 0.164 0.61 0.16 0.608 0.157 0.608 0.156 0.607
6 0.308 0.601 0.307 0.602 0.305 0.602 0.301 0.605 0.301 0.606 0.3 0.607 0.3 0.609 0.301 0.61 0.301 0.612 0.304 0.614 0.307 0.614 0.308 0.615 0.31 0.615 0.311 0.614 0.315 0.614 0.318 0.612 0.318 0.61 0.319 0.609 0.319 0.607 0.318 0.606 0.318 0.604 0.315 0.602 0.311 0.602 0.31 0.601
6 0.584 0.573 0.583 0.573 0.581 0.573 0.577 0.577 0.577 0.578 0.576 0.579 0.576 0.581 0.577 0.582 0.577 0.584 0.58 0.586 0.583 0.586 0.584 0.587 0.586 0.587 0.588 0.586 0.591 0.586 0.594 0.584 0.594 0.582 0.595 0.581 0.595 0.579 0.594 0.578 0.594 0.576 0.591 0.573 0.588 0.573 0.586 0.573
6 0.5 0.566 0.499 0.566 0.497 0.566 0.493 0.57 0.493 0.571 0.492 0.572 0.492 0.574 0.493 0.575 0.493 0.577 0.496 0.579 0.499 0.579 0.5 0.58 0.502 0.58 0.503 0.579 0.506 0.579 0.509 0.577 0.509 0.575 0.51 0.574 0.51 0.572 0.509 0.571 0.509 0.569 0.506 0.566 0.503 0.566 0.502 0.566
6 0.29 0.563 0.289 0.564 0.286 0.564 0.282 0.567 0.282 0.569 0.281 0.57 0.281 0.572 0.282 0.573 0.282 0.574 0.285 0.577 0.289 0.577 0.29 0.577 0.292 0.577 0.293 0.577 0.296 0.577 0.299 0.574 0.299 0.573 0.3 0.572 0.3 0.57 0.299 0.569 0.299 0.566 0.296 0.564 0.293 0.564 0.292 0.563
6 0.411 0.562 0.41 0.563 0.408 0.563 0.404 0.566 0.404 0.568 0.403 0.569 0.403 0.571 0.404 0.572 0.404 0.573 0.407 0.576 0.41 0.576 0.411 0.577 0.414 0.577 0.415 0.576 0.418 0.576 0.421 0.573 0.421 0.572 0.422 0.571 0.422 0.569 0.421 0.568 0.421 0.566 0.418 0.563 0.415 0.563 0.414 0.562
6 0.554 0.552 0.553 0.552 0.551 0.552 0.547 0.555 0.547 0.557 0.546 0.558 0.546 0.56 0.547 0.561 0.547 0.562 0.55 0.565 0.553 0.565 0.554 0.566 0.556 0.566 0.557 0.565 0.56 0.565 0.564 0.562 0.564 0.561 0.565 0.56 0.565 0.558 0.564 0.557 0.564 0.555 0.56 0.552 0.557 0.552 0.556 0.552
6 0.5 0.542 0.499 0.543 0.497 0.543 0.493 0.546 0.493 0.548 0.492 0.548 0.492 0.551 0.493 0.552 0.493 0.553 0.496 0.555 0.498 0.555 0.499 0.556 0.498 0.557 0.498 0.559 0.499 0.56 0.499 0.562 0.502 0.564 0.505 0.564 0.506 0.565 0.508 0.565 0.509 0.564 0.512 0.564 0.516 0.562 0.516 0.56 0.517 0.559 0.517 0.557 0.516 0.556 0.516 0.554 0.512 0.552 0.511 0.552 0.51 0.551 0.51 0.548 0.509 0.548 0.509 0.545 0.506 0.543 0.503 0.543 0.502 0.542
6 0.531 0.538 0.53 0.538 0.528 0.538 0.524 0.541 0.524 0.543 0.523 0.544 0.523 0.546 0.524 0.547 0.524 0.548 0.527 0.551 0.53 0.551 0.531 0.552 0.533 0.552 0.534 0.551 0.538 0.551 0.541 0.548 0.541 0.547 0.542 0.546 0.542 0.544 0.541 0.543 0.541 0.541 0.538 0.538 0.534 0.538 0.533 0.538
6 0.67 0.506 0.669 0.507 0.667 0.507 0.662 0.51 0.662 0.512 0.661 0.512 0.661 0.515 0.662 0.516 0.662 0.517 0.666 0.52 0.669 0.52 0.67 0.52 0.672 0.52 0.673 0.52 0.676 0.52 0.679 0.517 0.679 0.516 0.68 0.515 0.68 0.512 0.679 0.512 0.679 0.509 0.676 0.507 0.673 0.507 0.672 0.506
6 0.567 0.505 0.566 0.505 0.564 0.505 0.559 0.509 0.559 0.51 0.558 0.511 0.558 0.513 0.559 0.514 0.559 0.516 0.562 0.518 0.566 0.518 0.567 0.519 0.569 0.519 0.57 0.518 0.573 0.518 0.576 0.516 0.576 0.514 0.577 0.513 0.577 0.511 0.576 0.51 0.576 0.508 0.573 0.505 0.57 0.505 0.569 0.505
6 0.4 0.504 0.399 0.505 0.397 0.505 0.393 0.508 0.393 0.509 0.392 0.51 0.392 0.512 0.393 0.513 0.393 0.515 0.396 0.517 0.399 0.517 0.4 0.518 0.402 0.518 0.403 0.517 0.406 0.517 0.41 0.514 0.411 0.515 0.411 0.516 0.415 0.519 0.418 0.519 0.419 0.52 0.421 0.52 0.422 0.519 0.425 0.519 0.428 0.516 0.428 0.515 0.429 0.514 0.429 0.512 0.428 0.511 0.428 0.509 0.425 0.506 0.422 0.506 0.421 0.505 0.419 0.505 0.418 0.506 0.416 0.506 0.41 0.51 0.409 0.509 0.409 0.507 0.406 0.505 0.403 0.505 0.402 0.504
6 0.517 0.502 0.516 0.502 0.514 0.502 0.509 0.505 0.509 0.507 0.508 0.508 0.508 0.51 0.509 0.511 0.509 0.512 0.512 0.515 0.516 0.515 0.517 0.516 0.519 0.516 0.52 0.515 0.523 0.515 0.526 0.512 0.526 0.511 0.527 0.51 0.527 0.508 0.526 0.507 0.526 0.505 0.523 0.502 0.52 0.502 0.519 0.502
6 0.5 0.491 0.499 0.492 0.497 0.492 0.493 0.495 0.493 0.497 0.492 0.498 0.492 0.5 0.493 0.501 0.493 0.502 0.496 0.505 0.499 0.505 0.5 0.505 0.502 0.505 0.503 0.505 0.506 0.505 0.509 0.502 0.509 0.501 0.51 0.5 0.51 0.498 0.509 0.497 0.509 0.495 0.506 0.492 0.503 0.492 0.502 0.491
6 0.374 0.491 0.373 0.492 0.371 0.492 0.367 0.495 0.367 0.497 0.366 0.498 0.366 0.5 0.367 0.501 0.367 0.502 0.37 0.505 0.373 0.505 0.374 0.505 0.376 0.505 0.377 0.505 0.38 0.505 0.383 0.502 0.383 0.501 0.384 0.5 0.384 0.498 0.383 0.497 0.383 0.495 0.38 0.492 0.377 0.492 0.376 0.491
6 0.77 0.486 0.769 0.487 0.767 0.487 0.762 0.49 0.762 0.491 0.761 0.492 0.761 0.495 0.762 0.495 0.762 0.497 0.766 0.499 0.769 0.499 0.77 0.5 0.772 0.5 0.773 0.499 0.776 0.499 0.779 0.497 0.779 0.495 0.78 0.495 0.78 0.492 0.779 0.491 0.779 0.489 0.776 0.487 0.773 0.487 0.772 0.486
6 0.684 0.486 0.683 0.487 0.681 0.487 0.677 0.49 0.677 0.491 0.676 0.492 0.676 0.495 0.677 0.495 0.677 0.497 0.68 0.499 0.683 0.499 0.684 0.5 0.686 0.5 0.688 0.499 0.691 0.499 0.694 0.497 0.694 0.495 0.695 0.495 0.695 0.492 0.694 0.491 0.694 0.489 0.691 0.487 0.688 0.487 0.686 0.486
6 0.614 0.485 0.612 0.486 0.61 0.486 0.606 0.489 0.606 0.491 0.605 0.491 0.605 0.494 0.606 0.495 0.606 0.496 0.609 0.498 0.612 0.498 0.614 0.499 0.616 0.499 0.617 0.498 0.62 0.498 0.623 0.496 0.624 0.497 0.624 0.498 0.627 0.501 0.63 0.501 0.631 0.502 0.633 0.502 0.634 0.501 0.638 0.501 0.641 0.498 0.641 0.497 0.642 0.496 0.642 0.494 0.641 0.493 0.641 0.491 0.638 0.488 0.634 0.488 0.633 0.488 0.631 0.488 0.63 0.488 0.628 0.488 0.624 0.491 0.623 0.491 0.623 0.488 0.62 0.486 0.617 0.486 0.616 0.485
6 0.55 0.479 0.549 0.48 0.547 0.48 0.543 0.483 0.543 0.484 0.542 0.485 0.542 0.488 0.543 0.488 0.543 0.49 0.546 0.492 0.549 0.492 0.55 0.493 0.552 0.493 0.553 0.492 0.556 0.492 0.559 0.49 0.559 0.488 0.56 0.488 0.56 0.485 0.559 0.484 0.559 0.482 0.556 0.48 0.553 0.48 0.552 0.479
6 0.473 0.47 0.472 0.47 0.47 0.47 0.466 0.473 0.466 0.475 0.465 0.476 0.465 0.478 0.466 0.479 0.466 0.48 0.465 0.48 0.462 0.479 0.459 0.479 0.458 0.478 0.456 0.478 0.455 0.479 0.453 0.479 0.449 0.482 0.449 0.484 0.448 0.484 0.448 0.487 0.449 0.488 0.449 0.489 0.452 0.491 0.455 0.491 0.456 0.492 0.458 0.492 0.459 0.491 0.462 0.491 0.466 0.489 0.466 0.488 0.467 0.487 0.467 0.484 0.466 0.484 0.466 0.482 0.467 0.481 0.469 0.483 0.472 0.483 0.473 0.484 0.475 0.484 0.476 0.483 0.479 0.483 0.482 0.48 0.482 0.479 0.483 0.478 0.483 0.476 0.482 0.475 0.482 0.473 0.479 0.47 0.476 0.47 0.475 0.47
6 0.168 0.427 0.167 0.428 0.165 0.428 0.16 0.431 0.16 0.433 0.159 0.434 0.159 0.436 0.16 0.437 0.16 0.438 0.164 0.441 0.167 0.441 0.168 0.441 0.17 0.441 0.171 0.441 0.174 0.441 0.177 0.438 0.177 0.437 0.178 0.436 0.178 0.434 0.177 0.433 0.177 0.43 0.174 0.428 0.171 0.428 0.17 0.427
6 0.458 0.414 0.457 0.415 0.455 0.415 0.451 0.418 0.451 0.42 0.45 0.42 0.45 0.423 0.451 0.423 0.451 0.425 0.454 0.427 0.457 0.427 0.458 0.428 0.46 0.428 0.461 0.427 0.465 0.427 0.468 0.425 0.468 0.423 0.469 0.423 0.469 0.42 0.468 0.42 0.468 0.417 0.465 0.415 0.461 0.415 0.46 0.414
6 0.523 0.412 0.522 0.412 0.52 0.412 0.516 0.416 0.516 0.417 0.515 0.418 0.515 0.42 0.516 0.421 0.516 0.423 0.519 0.425 0.522 0.425 0.523 0.426 0.525 0.426 0.526 0.425 0.529 0.425 0.532 0.423 0.532 0.421 0.533 0.42 0.533 0.418 0.532 0.417 0.532 0.415 0.529 0.412 0.526 0.412 0.525 0.412
6 0.526 0.366 0.525 0.366 0.523 0.366 0.519 0.37 0.519 0.371 0.518 0.372 0.518 0.374 0.519 0.375 0.519 0.377 0.522 0.379 0.525 0.379 0.526 0.38 0.528 0.38 0.529 0.379 0.532 0.379 0.535 0.377 0.535 0.375 0.536 0.374 0.536 0.372 0.535 0.371 0.535 0.369 0.532 0.366 0.529 0.366 0.528 0.366
