7 0.606 0.711 0.605 0.712 0.603 0.712 0.602 0.712 0.601 0.712 0.596 0.716 0.596 0.717 0.595 0.718 0.595 0.72 0.594 0.72 0.594 0.724 0.595 0.725 0.595 0.726 0.596 0.727 0.596 0.727 0.601 0.731 0.602 0.731 0.603 0.732 0.605 0.732 0.606 0.733 0.608 0.733 0.61 0.734 0.61 0.735 0.611 0.736 0.611 0.737 0.617 0.741 0.618 0.741 0.619 0.741 0.621 0.741 0.622 0.742 0.627 0.742 0.628 0.741 0.629 0.741 0.63 0.741 0.631 0.741 0.636 0.737 0.636 0.736 0.638 0.735 0.638 0.734 0.639 0.734 0.639 0.73 0.638 0.729 0.638 0.727 0.636 0.727 0.636 0.726 0.631 0.722 0.63 0.722 0.629 0.721 0.628 0.721 0.627 0.72 0.623 0.72 0.622 0.72 0.622 0.718 0.621 0.717 0.621 0.716 0.616 0.712 0.615 0.712 0.614 0.712 0.612 0.712 0.611 0.711
7 0.631 0.687 0.63 0.688 0.628 0.688 0.627 0.688 0.626 0.688 0.621 0.692 0.621 0.693 0.62 0.694 0.62 0.695 0.619 0.696 0.619 0.7 0.62 0.701 0.62 0.702 0.621 0.702 0.621 0.703 0.626 0.707 0.627 0.707 0.628 0.708 0.63 0.708 0.631 0.709 0.636 0.709 0.638 0.708 0.639 0.708 0.64 0.707 0.641 0.707 0.646 0.703 0.646 0.702 0.647 0.702 0.647 0.701 0.648 0.7 0.648 0.696 0.647 0.695 0.647 0.694 0.646 0.693 0.646 0.692 0.641 0.688 0.64 0.688 0.639 0.688 0.638 0.688 0.636 0.687
7 0.693 0.673 0.692 0.674 0.69 0.674 0.689 0.675 0.688 0.675 0.682 0.679 0.682 0.68 0.681 0.68 0.681 0.682 0.68 0.683 0.68 0.687 0.681 0.688 0.681 0.688 0.682 0.689 0.682 0.69 0.688 0.694 0.689 0.694 0.69 0.695 0.691 0.695 0.692 0.695 0.691 0.696 0.69 0.696 0.684 0.7 0.684 0.701 0.683 0.702 0.683 0.703 0.682 0.704 0.682 0.708 0.683 0.709 0.683 0.709 0.684 0.71 0.684 0.711 0.69 0.715 0.691 0.715 0.692 0.716 0.694 0.716 0.695 0.716 0.7 0.716 0.701 0.716 0.702 0.716 0.703 0.715 0.704 0.715 0.709 0.711 0.709 0.71 0.71 0.709 0.71 0.709 0.711 0.708 0.711 0.704 0.71 0.703 0.71 0.702 0.709 0.701 0.709 0.7 0.704 0.696 0.703 0.696 0.702 0.695 0.701 0.695 0.7 0.695 0.701 0.694 0.702 0.694 0.707 0.69 0.707 0.689 0.708 0.688 0.708 0.688 0.709 0.687 0.709 0.683 0.708 0.682 0.708 0.68 0.707 0.68 0.707 0.679 0.702 0.675 0.701 0.675 0.7 0.674 0.699 0.674 0.698 0.673
7 0.468 0.641 0.467 0.641 0.465 0.641 0.464 0.642 0.462 0.642 0.457 0.646 0.457 0.647 0.456 0.648 0.456 0.649 0.455 0.65 0.455 0.654 0.456 0.655 0.456 0.655 0.457 0.656 0.457 0.657 0.462 0.661 0.464 0.661 0.465 0.662 0.467 0.662 0.468 0.662 0.473 0.662 0.474 0.662 0.475 0.662 0.476 0.661 0.477 0.661 0.482 0.657 0.482 0.656 0.483 0.655 0.483 0.655 0.484 0.654 0.484 0.65 0.483 0.649 0.483 0.648 0.482 0.647 0.482 0.646 0.477 0.642 0.476 0.642 0.475 0.641 0.474 0.641 0.473 0.641
7 0.857 0.632 0.856 0.633 0.854 0.633 0.853 0.634 0.852 0.634 0.847 0.638 0.847 0.638 0.846 0.639 0.846 0.641 0.845 0.641 0.845 0.645 0.846 0.646 0.846 0.647 0.847 0.648 0.847 0.648 0.852 0.652 0.853 0.652 0.854 0.653 0.856 0.653 0.857 0.654 0.862 0.654 0.864 0.653 0.865 0.653 0.866 0.652 0.867 0.652 0.872 0.648 0.872 0.648 0.873 0.647 0.873 0.646 0.874 0.645 0.874 0.641 0.873 0.641 0.873 0.639 0.872 0.638 0.872 0.638 0.867 0.634 0.866 0.634 0.865 0.633 0.864 0.633 0.862 0.632
7 0.533 0.625 0.532 0.626 0.53 0.626 0.529 0.627 0.528 0.627 0.523 0.63 0.523 0.631 0.522 0.632 0.522 0.634 0.521 0.634 0.521 0.638 0.522 0.639 0.522 0.64 0.523 0.641 0.523 0.641 0.528 0.645 0.529 0.645 0.53 0.646 0.532 0.646 0.533 0.647 0.539 0.647 0.54 0.646 0.541 0.646 0.542 0.645 0.543 0.645 0.548 0.641 0.548 0.641 0.549 0.64 0.549 0.639 0.55 0.638 0.55 0.634 0.549 0.634 0.549 0.632 0.548 0.631 0.548 0.63 0.543 0.627 0.542 0.627 0.541 0.626 0.54 0.626 0.539 0.625
7 0.395 0.611 0.394 0.612 0.392 0.612 0.391 0.612 0.39 0.612 0.384 0.616 0.384 0.617 0.383 0.618 0.383 0.62 0.382 0.62 0.382 0.624 0.383 0.625 0.383 0.626 0.384 0.627 0.384 0.627 0.39 0.631 0.391 0.631 0.392 0.632 0.394 0.632 0.395 0.633 0.4 0.633 0.401 0.632 0.402 0.632 0.403 0.631 0.404 0.631 0.409 0.627 0.409 0.627 0.41 0.626 0.41 0.625 0.411 0.624 0.411 0.62 0.41 0.62 0.41 0.618 0.409 0.617 0.409 0.616 0.404 0.612 0.403 0.612 0.402 0.612 0.401 0.612 0.4 0.611
7 0.468 0.61 0.467 0.611 0.465 0.611 0.464 0.612 0.462 0.612 0.457 0.616 0.457 0.616 0.456 0.617 0.456 0.619 0.455 0.62 0.455 0.623 0.456 0.624 0.456 0.625 0.457 0.626 0.457 0.627 0.462 0.63 0.464 0.63 0.465 0.631 0.467 0.631 0.468 0.632 0.473 0.632 0.474 0.631 0.475 0.631 0.476 0.63 0.477 0.63 0.482 0.627 0.482 0.626 0.483 0.625 0.483 0.624 0.484 0.623 0.484 0.62 0.483 0.619 0.483 0.617 0.482 0.616 0.482 0.616 0.477 0.612 0.476 0.612 0.475 0.611 0.474 0.611 0.473 0.61
7 0.569 0.601 0.568 0.602 0.566 0.602 0.565 0.602 0.564 0.602 0.558 0.606 0.558 0.607 0.557 0.608 0.557 0.609 0.556 0.61 0.556 0.614 0.557 0.615 0.557 0.616 0.558 0.616 0.558 0.617 0.564 0.621 0.565 0.621 0.566 0.622 0.568 0.622 0.569 0.623 0.574 0.623 0.575 0.622 0.576 0.622 0.577 0.621 0.578 0.621 0.583 0.617 0.583 0.616 0.584 0.616 0.584 0.615 0.585 0.614 0.585 0.61 0.584 0.609 0.584 0.608 0.583 0.607 0.583 0.606 0.578 0.602 0.577 0.602 0.576 0.602 0.575 0.602 0.574 0.601
7 0.504 0.597 0.503 0.598 0.502 0.598 0.501 0.598 0.5 0.598 0.497 0.601 0.497 0.602 0.496 0.602 0.496 0.603 0.495 0.604 0.495 0.609 0.496 0.609 0.496 0.61 0.497 0.611 0.497 0.612 0.5 0.614 0.501 0.614 0.502 0.615 0.503 0.615 0.504 0.616 0.505 0.616 0.506 0.616 0.506 0.617 0.507 0.618 0.507 0.619 0.51 0.621 0.511 0.621 0.512 0.622 0.514 0.622 0.515 0.623 0.521 0.623 0.522 0.622 0.523 0.622 0.524 0.621 0.525 0.621 0.528 0.619 0.528 0.618 0.529 0.617 0.529 0.616 0.53 0.616 0.53 0.611 0.529 0.61 0.529 0.609 0.528 0.609 0.528 0.608 0.525 0.605 0.524 0.605 0.523 0.605 0.522 0.605 0.521 0.604 0.52 0.604 0.519 0.603 0.519 0.602 0.518 0.602 0.518 0.601 0.515 0.598 0.514 0.598 0.512 0.598 0.511 0.598 0.51 0.597
7 0.824 0.591 0.823 0.592 0.821 0.592 0.82 0.593 0.819 0.593 0.814 0.597 0.814 0.598 0.812 0.598 0.812 0.6 0.811 0.601 0.811 0.605 0.812 0.605 0.812 0.606 0.814 0.607 0.814 0.608 0.819 0.612 0.82 0.612 0.821 0.612 0.823 0.612 0.824 0.613 0.829 0.613 0.83 0.612 0.831 0.612 0.832 0.612 0.833 0.612 0.839 0.608 0.839 0.607 0.84 0.606 0.84 0.605 0.841 0.605 0.841 0.601 0.84 0.6 0.84 0.598 0.839 0.598 0.839 0.597 0.833 0.593 0.832 0.593 0.831 0.592 0.83 0.592 0.829 0.591
7 0.232 0.589 0.231 0.59 0.229 0.59 0.228 0.591 0.227 0.591 0.222 0.595 0.222 0.595 0.221 0.596 0.221 0.598 0.22 0.598 0.22 0.602 0.221 0.603 0.221 0.604 0.222 0.605 0.222 0.605 0.227 0.609 0.228 0.609 0.229 0.61 0.231 0.61 0.232 0.611 0.238 0.611 0.239 0.61 0.24 0.61 0.241 0.609 0.242 0.609 0.247 0.605 0.247 0.605 0.248 0.604 0.248 0.603 0.249 0.602 0.249 0.598 0.248 0.598 0.248 0.596 0.247 0.595 0.247 0.595 0.242 0.591 0.241 0.591 0.24 0.59 0.239 0.59 0.238 0.589
7 0.549 0.576 0.548 0.577 0.547 0.577 0.543 0.58 0.543 0.58 0.542 0.581 0.542 0.586 0.543 0.587 0.543 0.588 0.539 0.591 0.539 0.591 0.538 0.592 0.538 0.597 0.539 0.598 0.539 0.598 0.543 0.602 0.544 0.602 0.545 0.602 0.551 0.602 0.553 0.601 0.554 0.601 0.557 0.598 0.557 0.598 0.558 0.597 0.558 0.592 0.557 0.591 0.557 0.591 0.561 0.588 0.561 0.587 0.562 0.586 0.562 0.581 0.561 0.58 0.561 0.58 0.558 0.577 0.557 0.577 0.555 0.576
7 0.799 0.575 0.798 0.576 0.796 0.576 0.795 0.577 0.794 0.577 0.789 0.58 0.789 0.581 0.788 0.582 0.788 0.584 0.786 0.584 0.786 0.588 0.788 0.589 0.788 0.59 0.789 0.591 0.789 0.591 0.794 0.595 0.795 0.595 0.796 0.596 0.798 0.596 0.799 0.597 0.804 0.597 0.805 0.596 0.806 0.596 0.807 0.595 0.808 0.595 0.814 0.591 0.814 0.591 0.815 0.59 0.815 0.589 0.816 0.588 0.816 0.584 0.815 0.584 0.815 0.582 0.814 0.581 0.814 0.58 0.808 0.577 0.807 0.577 0.806 0.576 0.805 0.576 0.804 0.575
7 0.674 0.573 0.673 0.574 0.671 0.574 0.67 0.575 0.669 0.575 0.664 0.579 0.664 0.58 0.662 0.58 0.662 0.582 0.661 0.583 0.661 0.587 0.662 0.588 0.662 0.588 0.664 0.589 0.664 0.59 0.669 0.594 0.67 0.594 0.671 0.595 0.673 0.595 0.674 0.595 0.679 0.595 0.68 0.595 0.681 0.595 0.682 0.594 0.683 0.594 0.689 0.59 0.689 0.589 0.69 0.588 0.69 0.588 0.691 0.587 0.691 0.583 0.69 0.582 0.69 0.58 0.689 0.58 0.689 0.579 0.683 0.575 0.682 0.575 0.681 0.574 0.68 0.574 0.679 0.573
7 0.422 0.57 0.421 0.57 0.419 0.57 0.418 0.571 0.417 0.571 0.411 0.575 0.411 0.576 0.41 0.577 0.41 0.578 0.409 0.579 0.409 0.583 0.41 0.584 0.41 0.584 0.411 0.585 0.411 0.586 0.417 0.59 0.418 0.59 0.419 0.591 0.421 0.591 0.422 0.591 0.427 0.591 0.428 0.591 0.429 0.591 0.43 0.59 0.431 0.59 0.436 0.586 0.436 0.585 0.438 0.584 0.438 0.584 0.439 0.583 0.439 0.579 0.438 0.578 0.438 0.577 0.436 0.576 0.436 0.575 0.431 0.571 0.43 0.571 0.429 0.57 0.428 0.57 0.427 0.57
7 0.628 0.564 0.627 0.565 0.626 0.565 0.625 0.566 0.624 0.566 0.621 0.568 0.621 0.569 0.62 0.57 0.62 0.57 0.619 0.571 0.619 0.576 0.62 0.577 0.62 0.577 0.621 0.578 0.621 0.579 0.624 0.581 0.625 0.581 0.626 0.582 0.627 0.582 0.628 0.583 0.634 0.583 0.635 0.582 0.636 0.582 0.638 0.581 0.639 0.581 0.642 0.579 0.642 0.578 0.643 0.577 0.643 0.577 0.644 0.576 0.644 0.571 0.643 0.57 0.643 0.57 0.642 0.569 0.642 0.568 0.639 0.566 0.638 0.566 0.636 0.565 0.635 0.565 0.634 0.564
7 0.273 0.564 0.272 0.565 0.27 0.565 0.269 0.566 0.268 0.566 0.262 0.57 0.262 0.57 0.261 0.571 0.261 0.573 0.26 0.573 0.26 0.577 0.258 0.578 0.256 0.578 0.255 0.579 0.254 0.579 0.249 0.583 0.249 0.584 0.248 0.584 0.248 0.586 0.247 0.587 0.247 0.591 0.248 0.591 0.248 0.592 0.249 0.593 0.249 0.594 0.254 0.598 0.255 0.598 0.256 0.598 0.258 0.598 0.259 0.599 0.265 0.599 0.266 0.598 0.267 0.598 0.268 0.598 0.269 0.598 0.274 0.594 0.274 0.593 0.275 0.592 0.275 0.591 0.276 0.591 0.276 0.587 0.277 0.586 0.278 0.586 0.279 0.585 0.28 0.585 0.281 0.584 0.282 0.584 0.288 0.58 0.288 0.58 0.289 0.579 0.289 0.578 0.29 0.577 0.29 0.573 0.289 0.573 0.289 0.571 0.288 0.57 0.288 0.57 0.282 0.566 0.281 0.566 0.28 0.565 0.279 0.565 0.278 0.564
7 0.827 0.56 0.826 0.561 0.824 0.561 0.823 0.562 0.822 0.562 0.817 0.566 0.817 0.566 0.816 0.567 0.816 0.569 0.815 0.57 0.815 0.573 0.816 0.574 0.816 0.575 0.817 0.576 0.817 0.577 0.822 0.58 0.823 0.58 0.824 0.581 0.826 0.581 0.827 0.582 0.832 0.582 0.833 0.581 0.834 0.581 0.835 0.58 0.836 0.58 0.842 0.577 0.842 0.576 0.843 0.575 0.843 0.574 0.844 0.573 0.844 0.57 0.843 0.569 0.843 0.567 0.842 0.566 0.842 0.566 0.836 0.562 0.835 0.562 0.834 0.561 0.833 0.561 0.832 0.56
7 0.547 0.557 0.546 0.558 0.545 0.558 0.541 0.561 0.541 0.562 0.54 0.562 0.54 0.567 0.541 0.568 0.541 0.569 0.545 0.572 0.546 0.572 0.547 0.573 0.553 0.573 0.555 0.571 0.556 0.571 0.559 0.569 0.559 0.568 0.56 0.567 0.56 0.562 0.559 0.562 0.559 0.561 0.556 0.559 0.555 0.559 0.553 0.557
7 0.574 0.556 0.573 0.557 0.572 0.557 0.571 0.558 0.57 0.558 0.567 0.56 0.567 0.561 0.566 0.562 0.566 0.562 0.565 0.563 0.565 0.568 0.566 0.569 0.566 0.57 0.567 0.57 0.567 0.571 0.57 0.573 0.571 0.573 0.572 0.574 0.573 0.574 0.574 0.575 0.58 0.575 0.581 0.574 0.582 0.574 0.583 0.573 0.584 0.573 0.588 0.571 0.588 0.57 0.589 0.57 0.589 0.569 0.59 0.568 0.59 0.563 0.589 0.562 0.589 0.562 0.588 0.561 0.588 0.56 0.584 0.558 0.583 0.558 0.582 0.557 0.581 0.557 0.58 0.556
7 0.52 0.552 0.519 0.553 0.518 0.553 0.517 0.554 0.516 0.554 0.512 0.556 0.512 0.557 0.511 0.558 0.511 0.559 0.51 0.559 0.51 0.564 0.511 0.565 0.511 0.566 0.512 0.566 0.512 0.567 0.516 0.57 0.517 0.57 0.518 0.57 0.519 0.57 0.52 0.571 0.526 0.571 0.527 0.57 0.528 0.57 0.529 0.57 0.53 0.57 0.533 0.567 0.533 0.566 0.534 0.566 0.534 0.565 0.535 0.564 0.535 0.559 0.534 0.559 0.534 0.558 0.533 0.557 0.533 0.556 0.53 0.554 0.529 0.554 0.528 0.553 0.527 0.553 0.526 0.552
7 0.254 0.539 0.253 0.54 0.251 0.54 0.25 0.541 0.249 0.541 0.244 0.545 0.244 0.545 0.243 0.546 0.243 0.548 0.242 0.548 0.242 0.552 0.243 0.553 0.243 0.554 0.244 0.555 0.244 0.555 0.249 0.559 0.25 0.559 0.251 0.56 0.253 0.56 0.254 0.561 0.259 0.561 0.26 0.56 0.261 0.56 0.262 0.559 0.264 0.559 0.269 0.555 0.269 0.555 0.27 0.554 0.27 0.553 0.271 0.552 0.271 0.548 0.27 0.548 0.27 0.546 0.269 0.545 0.269 0.545 0.264 0.541 0.262 0.541 0.261 0.54 0.26 0.54 0.259 0.539
7 0.697 0.537 0.696 0.538 0.694 0.538 0.693 0.538 0.692 0.538 0.686 0.542 0.686 0.543 0.685 0.544 0.685 0.545 0.684 0.546 0.684 0.55 0.685 0.551 0.685 0.552 0.686 0.552 0.686 0.553 0.692 0.557 0.693 0.557 0.694 0.558 0.696 0.558 0.697 0.559 0.702 0.559 0.703 0.558 0.704 0.558 0.705 0.557 0.706 0.557 0.711 0.553 0.711 0.552 0.712 0.552 0.712 0.551 0.714 0.55 0.714 0.546 0.712 0.545 0.712 0.544 0.711 0.543 0.711 0.542 0.706 0.538 0.705 0.538 0.704 0.538 0.703 0.538 0.702 0.537
7 0.55 0.532 0.549 0.533 0.547 0.533 0.543 0.536 0.543 0.538 0.542 0.538 0.542 0.541 0.543 0.541 0.543 0.543 0.546 0.545 0.549 0.545 0.55 0.546 0.552 0.546 0.553 0.545 0.556 0.545 0.557 0.546 0.557 0.548 0.556 0.548 0.556 0.551 0.557 0.552 0.557 0.553 0.56 0.555 0.564 0.555 0.565 0.556 0.567 0.556 0.568 0.555 0.571 0.555 0.574 0.553 0.574 0.552 0.575 0.551 0.575 0.548 0.574 0.548 0.574 0.545 0.571 0.543 0.568 0.543 0.567 0.542 0.565 0.542 0.564 0.543 0.561 0.543 0.56 0.544 0.559 0.543 0.559 0.541 0.56 0.541 0.56 0.538 0.559 0.538 0.559 0.535 0.556 0.533 0.553 0.533 0.552 0.532
7 0.517 0.531 0.516 0.532 0.514 0.532 0.509 0.535 0.509 0.537 0.508 0.538 0.508 0.54 0.509 0.541 0.509 0.542 0.512 0.545 0.516 0.545 0.517 0.545 0.519 0.545 0.52 0.545 0.523 0.545 0.526 0.542 0.526 0.541 0.527 0.54 0.527 0.538 0.526 0.537 0.526 0.534 0.523 0.532 0.52 0.532 0.519 0.531
7 0.497 0.527 0.496 0.527 0.494 0.527 0.49 0.53 0.49 0.532 0.489 0.533 0.489 0.535 0.49 0.536 0.49 0.538 0.491 0.538 0.485 0.542 0.485 0.544 0.484 0.545 0.482 0.545 0.48 0.543 0.474 0.543 0.473 0.544 0.472 0.544 0.468 0.547 0.468 0.548 0.467 0.548 0.467 0.552 0.466 0.552 0.462 0.55 0.461 0.55 0.459 0.548 0.453 0.548 0.452 0.549 0.451 0.549 0.447 0.552 0.447 0.553 0.446 0.554 0.446 0.559 0.447 0.559 0.447 0.56 0.451 0.563 0.452 0.563 0.453 0.564 0.459 0.564 0.461 0.562 0.462 0.562 0.466 0.56 0.467 0.561 0.467 0.562 0.466 0.562 0.466 0.563 0.465 0.564 0.465 0.569 0.466 0.57 0.466 0.57 0.467 0.571 0.467 0.572 0.47 0.574 0.471 0.574 0.472 0.575 0.473 0.575 0.474 0.576 0.48 0.576 0.481 0.575 0.482 0.575 0.483 0.574 0.484 0.574 0.488 0.572 0.488 0.571 0.489 0.57 0.489 0.57 0.49 0.569 0.49 0.564 0.489 0.563 0.489 0.562 0.488 0.562 0.488 0.561 0.484 0.559 0.483 0.559 0.482 0.558 0.486 0.555 0.486 0.554 0.488 0.553 0.488 0.552 0.489 0.552 0.492 0.552 0.493 0.552 0.495 0.552 0.496 0.552 0.499 0.552 0.502 0.549 0.502 0.548 0.503 0.547 0.503 0.545 0.502 0.544 0.502 0.541 0.501 0.541 0.502 0.54 0.503 0.54 0.506 0.538 0.506 0.536 0.507 0.535 0.507 0.533 0.506 0.532 0.506 0.53 0.503 0.527 0.5 0.527 0.499 0.527
7 0.603 0.52 0.602 0.521 0.601 0.521 0.597 0.524 0.597 0.525 0.596 0.526 0.596 0.53 0.597 0.531 0.597 0.532 0.601 0.535 0.602 0.535 0.603 0.536 0.609 0.536 0.611 0.534 0.612 0.534 0.614 0.535 0.612 0.536 0.612 0.541 0.614 0.541 0.614 0.542 0.618 0.545 0.619 0.545 0.621 0.547 0.621 0.55 0.622 0.551 0.622 0.552 0.626 0.555 0.627 0.555 0.628 0.555 0.634 0.555 0.636 0.554 0.638 0.554 0.639 0.555 0.639 0.557 0.64 0.558 0.64 0.559 0.644 0.562 0.645 0.562 0.646 0.562 0.652 0.562 0.654 0.561 0.655 0.561 0.658 0.559 0.658 0.558 0.659 0.557 0.659 0.552 0.658 0.552 0.658 0.551 0.655 0.548 0.654 0.548 0.652 0.547 0.646 0.547 0.645 0.548 0.644 0.548 0.643 0.548 0.642 0.548 0.642 0.545 0.641 0.545 0.641 0.544 0.638 0.541 0.636 0.541 0.633 0.539 0.633 0.536 0.632 0.535 0.632 0.534 0.629 0.532 0.628 0.532 0.626 0.53 0.62 0.53 0.619 0.531 0.618 0.531 0.617 0.53 0.617 0.526 0.616 0.525 0.616 0.524 0.612 0.522 0.611 0.522 0.609 0.52
7 0.371 0.514 0.37 0.515 0.369 0.515 0.365 0.518 0.365 0.519 0.364 0.52 0.364 0.524 0.365 0.525 0.365 0.526 0.369 0.529 0.37 0.529 0.371 0.53 0.377 0.53 0.379 0.528 0.38 0.528 0.383 0.526 0.383 0.525 0.384 0.524 0.384 0.52 0.383 0.519 0.383 0.518 0.38 0.516 0.379 0.516 0.377 0.514
7 0.784 0.513 0.783 0.514 0.781 0.514 0.78 0.515 0.779 0.515 0.774 0.519 0.774 0.52 0.773 0.52 0.773 0.522 0.772 0.523 0.772 0.527 0.773 0.527 0.773 0.528 0.774 0.529 0.774 0.53 0.779 0.534 0.78 0.534 0.781 0.534 0.783 0.534 0.784 0.535 0.79 0.535 0.791 0.534 0.792 0.534 0.793 0.534 0.794 0.534 0.799 0.53 0.799 0.529 0.8 0.528 0.8 0.527 0.801 0.527 0.801 0.523 0.8 0.522 0.8 0.52 0.799 0.52 0.799 0.519 0.794 0.515 0.793 0.515 0.792 0.514 0.791 0.514 0.79 0.513
7 0.293 0.512 0.292 0.513 0.29 0.513 0.289 0.514 0.288 0.514 0.282 0.518 0.282 0.519 0.281 0.52 0.281 0.521 0.28 0.522 0.28 0.526 0.281 0.527 0.281 0.527 0.282 0.528 0.282 0.529 0.288 0.533 0.289 0.533 0.29 0.534 0.292 0.534 0.293 0.534 0.298 0.534 0.299 0.534 0.3 0.534 0.301 0.533 0.302 0.533 0.305 0.53 0.306 0.53 0.307 0.531 0.307 0.532 0.308 0.533 0.308 0.534 0.314 0.538 0.315 0.538 0.316 0.538 0.318 0.538 0.319 0.539 0.324 0.539 0.325 0.538 0.326 0.538 0.327 0.538 0.328 0.538 0.333 0.534 0.333 0.533 0.334 0.532 0.334 0.531 0.335 0.53 0.335 0.527 0.334 0.526 0.334 0.524 0.333 0.523 0.333 0.523 0.328 0.519 0.327 0.519 0.326 0.518 0.325 0.518 0.324 0.517 0.319 0.517 0.318 0.518 0.316 0.518 0.315 0.519 0.314 0.519 0.309 0.522 0.308 0.521 0.308 0.52 0.307 0.519 0.307 0.518 0.302 0.514 0.301 0.514 0.3 0.513 0.299 0.513 0.298 0.512
7 0.706 0.506 0.705 0.507 0.703 0.507 0.702 0.508 0.701 0.508 0.696 0.512 0.696 0.512 0.695 0.513 0.695 0.515 0.694 0.516 0.694 0.52 0.695 0.52 0.695 0.521 0.696 0.522 0.696 0.523 0.701 0.527 0.702 0.527 0.703 0.527 0.705 0.527 0.706 0.528 0.711 0.528 0.712 0.527 0.714 0.527 0.715 0.527 0.716 0.527 0.721 0.523 0.721 0.522 0.722 0.521 0.722 0.52 0.723 0.52 0.723 0.516 0.722 0.515 0.722 0.513 0.721 0.512 0.721 0.512 0.716 0.508 0.715 0.508 0.714 0.507 0.712 0.507 0.711 0.506
7 0.599 0.503 0.598 0.504 0.596 0.504 0.592 0.507 0.592 0.509 0.591 0.509 0.591 0.512 0.592 0.512 0.592 0.514 0.595 0.516 0.598 0.516 0.599 0.517 0.601 0.517 0.602 0.516 0.605 0.516 0.608 0.514 0.608 0.512 0.609 0.512 0.609 0.509 0.608 0.509 0.608 0.506 0.605 0.504 0.602 0.504 0.601 0.503
7 0.383 0.5 0.382 0.501 0.38 0.501 0.376 0.504 0.376 0.505 0.375 0.506 0.375 0.509 0.376 0.509 0.376 0.511 0.379 0.513 0.382 0.513 0.383 0.514 0.385 0.514 0.386 0.513 0.39 0.513 0.392 0.512 0.393 0.512 0.393 0.513 0.396 0.516 0.396 0.516 0.395 0.517 0.393 0.517 0.389 0.52 0.389 0.522 0.388 0.523 0.388 0.525 0.389 0.526 0.389 0.527 0.39 0.528 0.39 0.529 0.385 0.532 0.385 0.533 0.384 0.534 0.379 0.534 0.378 0.534 0.376 0.534 0.375 0.535 0.374 0.535 0.369 0.539 0.369 0.54 0.368 0.541 0.368 0.542 0.367 0.543 0.367 0.547 0.368 0.548 0.368 0.548 0.369 0.549 0.369 0.55 0.374 0.554 0.375 0.554 0.376 0.555 0.378 0.555 0.379 0.555 0.384 0.555 0.385 0.555 0.386 0.555 0.388 0.554 0.389 0.554 0.394 0.55 0.394 0.549 0.395 0.548 0.395 0.548 0.396 0.547 0.396 0.545 0.397 0.544 0.398 0.544 0.4 0.542 0.401 0.542 0.402 0.541 0.404 0.543 0.404 0.544 0.407 0.546 0.408 0.546 0.409 0.547 0.41 0.547 0.411 0.548 0.418 0.548 0.419 0.547 0.42 0.547 0.421 0.546 0.422 0.546 0.425 0.544 0.425 0.543 0.426 0.542 0.426 0.541 0.427 0.541 0.427 0.536 0.426 0.535 0.426 0.534 0.425 0.534 0.425 0.533 0.422 0.53 0.421 0.53 0.42 0.53 0.419 0.53 0.418 0.529 0.411 0.529 0.41 0.53 0.409 0.53 0.408 0.53 0.407 0.53 0.405 0.532 0.404 0.532 0.402 0.53 0.402 0.53 0.405 0.527 0.405 0.526 0.406 0.525 0.406 0.523 0.405 0.522 0.405 0.52 0.402 0.517 0.402 0.516 0.403 0.516 0.406 0.516 0.409 0.513 0.409 0.512 0.41 0.511 0.41 0.509 0.409 0.508 0.409 0.505 0.406 0.503 0.403 0.503 0.402 0.502 0.4 0.502 0.399 0.503 0.397 0.503 0.394 0.505 0.393 0.505 0.393 0.503 0.39 0.501 0.386 0.501 0.385 0.5
7 0.325 0.498 0.324 0.498 0.322 0.498 0.318 0.502 0.318 0.503 0.317 0.504 0.317 0.506 0.318 0.507 0.318 0.509 0.321 0.511 0.324 0.511 0.325 0.512 0.327 0.512 0.328 0.511 0.331 0.511 0.334 0.509 0.334 0.507 0.335 0.506 0.335 0.504 0.334 0.503 0.334 0.501 0.331 0.498 0.328 0.498 0.327 0.498
7 0.499 0.494 0.498 0.495 0.496 0.495 0.492 0.498 0.492 0.499 0.491 0.5 0.491 0.502 0.489 0.504 0.488 0.504 0.486 0.503 0.486 0.502 0.485 0.501 0.485 0.498 0.482 0.496 0.479 0.496 0.478 0.495 0.476 0.495 0.475 0.496 0.473 0.496 0.469 0.499 0.469 0.501 0.468 0.502 0.468 0.504 0.469 0.505 0.469 0.506 0.472 0.509 0.475 0.509 0.476 0.509 0.478 0.509 0.479 0.509 0.48 0.509 0.481 0.509 0.481 0.512 0.482 0.512 0.482 0.514 0.485 0.516 0.489 0.516 0.49 0.517 0.492 0.517 0.493 0.516 0.496 0.516 0.499 0.514 0.499 0.512 0.5 0.512 0.5 0.509 0.499 0.509 0.5 0.508 0.501 0.508 0.502 0.507 0.505 0.507 0.508 0.505 0.508 0.503 0.509 0.502 0.509 0.5 0.508 0.499 0.508 0.497 0.505 0.495 0.502 0.495 0.501 0.494
7 0.582 0.484 0.581 0.484 0.579 0.484 0.575 0.488 0.575 0.489 0.574 0.49 0.574 0.492 0.575 0.493 0.575 0.495 0.578 0.497 0.581 0.497 0.582 0.498 0.584 0.498 0.585 0.497 0.589 0.497 0.592 0.495 0.592 0.493 0.593 0.492 0.593 0.49 0.592 0.489 0.592 0.487 0.589 0.484 0.585 0.484 0.584 0.484
7 0.816 0.48 0.815 0.481 0.812 0.481 0.811 0.482 0.81 0.482 0.805 0.486 0.805 0.487 0.804 0.488 0.804 0.489 0.803 0.49 0.803 0.494 0.804 0.495 0.804 0.495 0.805 0.496 0.805 0.497 0.81 0.501 0.811 0.501 0.812 0.502 0.815 0.502 0.816 0.502 0.821 0.502 0.822 0.502 0.823 0.502 0.824 0.501 0.825 0.501 0.83 0.497 0.83 0.496 0.831 0.495 0.831 0.495 0.832 0.494 0.832 0.49 0.831 0.489 0.831 0.488 0.83 0.487 0.83 0.486 0.825 0.482 0.824 0.482 0.823 0.481 0.822 0.481 0.821 0.48
7 0.556 0.48 0.555 0.481 0.553 0.481 0.549 0.484 0.549 0.486 0.548 0.487 0.548 0.489 0.549 0.49 0.549 0.491 0.552 0.494 0.555 0.494 0.556 0.495 0.558 0.495 0.559 0.494 0.562 0.494 0.566 0.491 0.566 0.49 0.567 0.489 0.567 0.487 0.566 0.486 0.566 0.484 0.562 0.481 0.559 0.481 0.558 0.48
7 0.649 0.48 0.648 0.48 0.647 0.48 0.646 0.481 0.645 0.481 0.642 0.484 0.642 0.484 0.641 0.485 0.641 0.486 0.64 0.487 0.636 0.484 0.633 0.484 0.632 0.484 0.63 0.484 0.629 0.484 0.627 0.484 0.623 0.488 0.623 0.489 0.622 0.49 0.62 0.488 0.62 0.486 0.617 0.484 0.614 0.484 0.612 0.483 0.61 0.483 0.609 0.484 0.607 0.484 0.603 0.487 0.603 0.488 0.602 0.489 0.602 0.491 0.603 0.492 0.603 0.494 0.606 0.496 0.609 0.496 0.61 0.497 0.612 0.497 0.614 0.496 0.615 0.496 0.616 0.497 0.616 0.498 0.615 0.498 0.615 0.501 0.616 0.502 0.616 0.503 0.619 0.505 0.622 0.505 0.623 0.506 0.625 0.506 0.626 0.505 0.629 0.505 0.632 0.503 0.632 0.502 0.633 0.501 0.633 0.498 0.632 0.498 0.633 0.497 0.636 0.497 0.64 0.495 0.64 0.494 0.641 0.493 0.642 0.494 0.642 0.495 0.645 0.497 0.646 0.497 0.647 0.498 0.648 0.498 0.649 0.498 0.655 0.498 0.656 0.498 0.657 0.498 0.658 0.497 0.659 0.497 0.662 0.495 0.662 0.494 0.664 0.493 0.664 0.492 0.665 0.491 0.665 0.487 0.664 0.486 0.664 0.485 0.662 0.484 0.662 0.484 0.659 0.481 0.658 0.481 0.657 0.48 0.656 0.48 0.655 0.48
7 0.407 0.479 0.406 0.48 0.404 0.48 0.4 0.483 0.4 0.484 0.399 0.485 0.399 0.488 0.4 0.488 0.4 0.49 0.403 0.492 0.406 0.492 0.407 0.493 0.409 0.493 0.41 0.492 0.414 0.492 0.417 0.49 0.417 0.488 0.418 0.488 0.418 0.485 0.417 0.484 0.417 0.482 0.414 0.48 0.41 0.48 0.409 0.479
7 0.348 0.473 0.347 0.473 0.346 0.473 0.345 0.474 0.344 0.474 0.341 0.477 0.341 0.477 0.34 0.478 0.34 0.479 0.339 0.48 0.339 0.484 0.34 0.485 0.34 0.486 0.341 0.487 0.341 0.488 0.344 0.49 0.345 0.49 0.346 0.491 0.347 0.491 0.348 0.491 0.354 0.491 0.355 0.491 0.356 0.491 0.357 0.49 0.358 0.49 0.361 0.488 0.361 0.487 0.362 0.486 0.362 0.485 0.364 0.484 0.364 0.48 0.362 0.479 0.362 0.478 0.361 0.477 0.361 0.477 0.358 0.474 0.357 0.474 0.356 0.473 0.355 0.473 0.354 0.473
7 0.617 0.466 0.616 0.467 0.614 0.467 0.609 0.47 0.608 0.47 0.606 0.469 0.603 0.469 0.602 0.468 0.6 0.468 0.599 0.469 0.597 0.469 0.593 0.472 0.593 0.473 0.592 0.474 0.592 0.477 0.593 0.477 0.593 0.479 0.596 0.481 0.599 0.481 0.6 0.482 0.602 0.482 0.603 0.481 0.606 0.481 0.61 0.478 0.612 0.48 0.616 0.48 0.617 0.48 0.619 0.48 0.62 0.48 0.623 0.48 0.626 0.477 0.626 0.476 0.627 0.475 0.627 0.473 0.626 0.472 0.626 0.47 0.623 0.467 0.62 0.467 0.619 0.466
7 0.528 0.464 0.527 0.465 0.525 0.465 0.521 0.468 0.521 0.47 0.52 0.47 0.52 0.473 0.521 0.473 0.521 0.475 0.524 0.477 0.527 0.477 0.528 0.478 0.524 0.481 0.524 0.483 0.523 0.484 0.523 0.486 0.524 0.487 0.523 0.488 0.521 0.488 0.52 0.488 0.518 0.488 0.514 0.491 0.514 0.493 0.512 0.494 0.512 0.496 0.514 0.497 0.514 0.498 0.517 0.501 0.52 0.501 0.521 0.502 0.523 0.502 0.524 0.501 0.527 0.501 0.53 0.498 0.53 0.497 0.531 0.496 0.531 0.494 0.53 0.493 0.53 0.492 0.531 0.491 0.533 0.491 0.534 0.491 0.538 0.491 0.541 0.488 0.541 0.487 0.542 0.486 0.542 0.484 0.541 0.483 0.541 0.48 0.538 0.478 0.535 0.478 0.534 0.477 0.538 0.475 0.538 0.473 0.539 0.473 0.539 0.47 0.538 0.47 0.538 0.467 0.534 0.465 0.531 0.465 0.53 0.464
7 0.732 0.459 0.731 0.46 0.729 0.46 0.725 0.463 0.725 0.465 0.724 0.466 0.724 0.468 0.725 0.469 0.725 0.47 0.728 0.473 0.731 0.473 0.732 0.473 0.734 0.473 0.735 0.473 0.739 0.473 0.742 0.47 0.742 0.469 0.743 0.468 0.743 0.466 0.742 0.465 0.742 0.462 0.739 0.46 0.735 0.46 0.734 0.459
7 0.819 0.455 0.818 0.455 0.816 0.455 0.815 0.456 0.814 0.456 0.808 0.46 0.808 0.461 0.807 0.462 0.807 0.463 0.806 0.464 0.806 0.468 0.807 0.469 0.807 0.47 0.808 0.47 0.808 0.471 0.814 0.475 0.815 0.475 0.816 0.476 0.818 0.476 0.819 0.477 0.824 0.477 0.825 0.476 0.826 0.476 0.827 0.475 0.828 0.475 0.833 0.471 0.833 0.47 0.834 0.47 0.834 0.469 0.835 0.468 0.835 0.464 0.834 0.463 0.834 0.462 0.833 0.461 0.833 0.46 0.828 0.456 0.827 0.456 0.826 0.455 0.825 0.455 0.824 0.455
7 0.304 0.455 0.303 0.455 0.301 0.455 0.3 0.456 0.299 0.456 0.294 0.46 0.294 0.461 0.293 0.462 0.293 0.463 0.292 0.464 0.292 0.468 0.293 0.469 0.293 0.47 0.294 0.47 0.294 0.471 0.299 0.475 0.3 0.475 0.301 0.476 0.303 0.476 0.304 0.477 0.309 0.477 0.31 0.476 0.311 0.476 0.312 0.475 0.314 0.475 0.319 0.471 0.319 0.47 0.32 0.47 0.32 0.469 0.321 0.468 0.321 0.464 0.32 0.463 0.32 0.462 0.319 0.461 0.319 0.46 0.314 0.456 0.312 0.456 0.311 0.455 0.31 0.455 0.309 0.455
7 0.71 0.451 0.709 0.452 0.707 0.452 0.703 0.455 0.703 0.456 0.702 0.457 0.702 0.459 0.703 0.46 0.703 0.462 0.707 0.465 0.703 0.468 0.703 0.47 0.702 0.47 0.702 0.473 0.703 0.473 0.703 0.475 0.702 0.476 0.7 0.476 0.699 0.477 0.698 0.477 0.697 0.477 0.696 0.477 0.695 0.477 0.695 0.474 0.692 0.472 0.689 0.472 0.688 0.471 0.685 0.471 0.684 0.472 0.682 0.472 0.678 0.475 0.678 0.476 0.677 0.477 0.676 0.476 0.674 0.476 0.673 0.477 0.671 0.477 0.667 0.48 0.667 0.481 0.666 0.482 0.666 0.484 0.667 0.485 0.667 0.487 0.67 0.489 0.673 0.489 0.674 0.49 0.676 0.49 0.677 0.489 0.68 0.489 0.683 0.487 0.683 0.485 0.684 0.484 0.685 0.485 0.688 0.485 0.689 0.484 0.69 0.484 0.691 0.485 0.691 0.488 0.692 0.488 0.692 0.489 0.693 0.49 0.693 0.491 0.696 0.493 0.697 0.493 0.698 0.494 0.699 0.494 0.7 0.495 0.706 0.495 0.707 0.494 0.708 0.494 0.709 0.493 0.71 0.493 0.714 0.491 0.714 0.49 0.715 0.489 0.715 0.488 0.716 0.488 0.716 0.483 0.715 0.482 0.715 0.481 0.714 0.48 0.714 0.48 0.712 0.479 0.712 0.478 0.714 0.477 0.717 0.477 0.72 0.475 0.72 0.473 0.721 0.473 0.721 0.47 0.72 0.47 0.72 0.467 0.717 0.465 0.717 0.464 0.72 0.462 0.72 0.46 0.721 0.459 0.721 0.457 0.72 0.456 0.72 0.454 0.717 0.452 0.714 0.452 0.712 0.451
7 0.648 0.449 0.647 0.45 0.645 0.45 0.641 0.453 0.641 0.455 0.64 0.455 0.64 0.458 0.641 0.459 0.641 0.46 0.643 0.462 0.643 0.464 0.644 0.465 0.644 0.466 0.647 0.469 0.65 0.469 0.651 0.47 0.653 0.47 0.654 0.469 0.657 0.469 0.66 0.466 0.66 0.465 0.661 0.464 0.661 0.462 0.66 0.461 0.66 0.459 0.658 0.457 0.658 0.455 0.657 0.455 0.657 0.452 0.654 0.45 0.651 0.45 0.65 0.449
7 0.369 0.449 0.368 0.45 0.367 0.45 0.362 0.453 0.362 0.454 0.361 0.455 0.361 0.459 0.362 0.46 0.362 0.461 0.367 0.464 0.368 0.464 0.369 0.465 0.375 0.465 0.377 0.463 0.378 0.463 0.381 0.461 0.381 0.46 0.382 0.459 0.382 0.455 0.381 0.454 0.381 0.453 0.378 0.451 0.377 0.451 0.375 0.449
7 0.392 0.448 0.391 0.449 0.39 0.449 0.385 0.452 0.385 0.453 0.384 0.454 0.384 0.459 0.385 0.459 0.385 0.46 0.39 0.463 0.391 0.463 0.392 0.464 0.398 0.464 0.4 0.462 0.401 0.462 0.404 0.46 0.404 0.459 0.405 0.459 0.405 0.454 0.404 0.453 0.404 0.452 0.401 0.45 0.4 0.45 0.398 0.448
7 0.557 0.442 0.556 0.443 0.555 0.443 0.551 0.446 0.551 0.447 0.55 0.448 0.55 0.452 0.551 0.453 0.551 0.454 0.555 0.457 0.556 0.457 0.557 0.458 0.564 0.458 0.566 0.456 0.567 0.456 0.57 0.454 0.57 0.453 0.571 0.452 0.571 0.448 0.57 0.447 0.57 0.446 0.567 0.444 0.566 0.444 0.564 0.442
7 0.679 0.439 0.678 0.44 0.676 0.44 0.672 0.443 0.672 0.445 0.671 0.445 0.671 0.448 0.672 0.448 0.672 0.45 0.675 0.452 0.678 0.452 0.679 0.453 0.681 0.453 0.683 0.455 0.683 0.456 0.686 0.459 0.69 0.459 0.691 0.459 0.693 0.459 0.694 0.459 0.697 0.459 0.7 0.456 0.7 0.455 0.701 0.454 0.701 0.452 0.7 0.451 0.7 0.448 0.697 0.446 0.694 0.446 0.693 0.445 0.69 0.445 0.689 0.445 0.689 0.442 0.685 0.44 0.682 0.44 0.681 0.439
7 0.538 0.438 0.536 0.438 0.534 0.438 0.53 0.441 0.53 0.443 0.529 0.444 0.529 0.446 0.53 0.447 0.53 0.448 0.533 0.451 0.536 0.451 0.538 0.452 0.54 0.452 0.541 0.451 0.544 0.451 0.547 0.448 0.547 0.447 0.548 0.446 0.548 0.444 0.547 0.443 0.547 0.441 0.544 0.438 0.541 0.438 0.54 0.438
7 0.751 0.435 0.75 0.436 0.749 0.436 0.748 0.437 0.747 0.437 0.744 0.439 0.744 0.44 0.743 0.441 0.743 0.441 0.742 0.442 0.742 0.447 0.743 0.448 0.743 0.448 0.744 0.449 0.744 0.45 0.747 0.452 0.748 0.452 0.749 0.453 0.75 0.453 0.751 0.454 0.757 0.454 0.758 0.453 0.759 0.453 0.76 0.452 0.761 0.452 0.762 0.453 0.764 0.453 0.765 0.454 0.766 0.454 0.767 0.455 0.773 0.455 0.774 0.454 0.775 0.454 0.776 0.453 0.777 0.453 0.78 0.451 0.78 0.45 0.781 0.449 0.781 0.448 0.782 0.448 0.782 0.443 0.781 0.442 0.781 0.441 0.78 0.441 0.78 0.44 0.777 0.438 0.776 0.438 0.775 0.437 0.774 0.437 0.773 0.436 0.767 0.436 0.766 0.437 0.765 0.437 0.764 0.438 0.762 0.438 0.761 0.437 0.76 0.437 0.759 0.436 0.758 0.436 0.757 0.435
7 0.405 0.43 0.404 0.43 0.403 0.43 0.402 0.431 0.401 0.431 0.398 0.434 0.398 0.434 0.397 0.435 0.397 0.436 0.396 0.437 0.396 0.441 0.397 0.442 0.397 0.443 0.398 0.444 0.398 0.445 0.401 0.447 0.402 0.447 0.403 0.448 0.404 0.448 0.405 0.448 0.411 0.448 0.412 0.448 0.414 0.448 0.415 0.447 0.416 0.447 0.419 0.445 0.419 0.444 0.42 0.443 0.42 0.442 0.421 0.441 0.421 0.437 0.42 0.436 0.42 0.435 0.419 0.434 0.419 0.434 0.416 0.431 0.415 0.431 0.414 0.43 0.412 0.43 0.411 0.43
7 0.191 0.426 0.19 0.427 0.188 0.427 0.186 0.427 0.185 0.427 0.18 0.431 0.18 0.432 0.179 0.433 0.179 0.434 0.178 0.435 0.178 0.439 0.179 0.44 0.179 0.441 0.18 0.441 0.18 0.442 0.185 0.446 0.186 0.446 0.188 0.447 0.19 0.447 0.191 0.448 0.196 0.448 0.197 0.447 0.198 0.447 0.199 0.446 0.2 0.446 0.205 0.442 0.205 0.441 0.206 0.441 0.206 0.44 0.207 0.439 0.207 0.435 0.206 0.434 0.206 0.433 0.205 0.432 0.205 0.431 0.2 0.427 0.199 0.427 0.198 0.427 0.197 0.427 0.196 0.426
7 0.351 0.425 0.35 0.426 0.348 0.426 0.344 0.429 0.344 0.43 0.343 0.431 0.343 0.434 0.344 0.434 0.344 0.436 0.347 0.438 0.35 0.438 0.351 0.439 0.353 0.439 0.354 0.438 0.357 0.438 0.36 0.436 0.36 0.434 0.361 0.434 0.361 0.431 0.36 0.43 0.36 0.428 0.357 0.426 0.354 0.426 0.353 0.425
7 0.573 0.42 0.572 0.421 0.571 0.421 0.567 0.424 0.567 0.425 0.566 0.426 0.566 0.43 0.567 0.431 0.567 0.432 0.571 0.435 0.572 0.435 0.573 0.436 0.579 0.436 0.581 0.434 0.582 0.434 0.585 0.432 0.585 0.431 0.586 0.43 0.586 0.426 0.585 0.425 0.585 0.424 0.582 0.422 0.581 0.422 0.579 0.42
7 0.319 0.42 0.318 0.421 0.316 0.421 0.311 0.424 0.311 0.426 0.31 0.427 0.31 0.429 0.311 0.43 0.311 0.431 0.312 0.432 0.309 0.434 0.309 0.435 0.308 0.436 0.308 0.438 0.307 0.438 0.307 0.442 0.308 0.443 0.308 0.444 0.309 0.445 0.309 0.445 0.315 0.449 0.316 0.449 0.317 0.45 0.319 0.45 0.32 0.451 0.325 0.451 0.326 0.45 0.327 0.45 0.328 0.449 0.329 0.449 0.334 0.445 0.334 0.445 0.335 0.444 0.335 0.443 0.336 0.442 0.336 0.438 0.335 0.438 0.335 0.436 0.334 0.435 0.334 0.434 0.328 0.43 0.329 0.429 0.329 0.427 0.328 0.426 0.328 0.423 0.325 0.421 0.322 0.421 0.321 0.42
7 0.601 0.419 0.6 0.42 0.599 0.42 0.595 0.423 0.595 0.423 0.594 0.424 0.594 0.429 0.595 0.43 0.595 0.43 0.599 0.434 0.6 0.434 0.601 0.434 0.607 0.434 0.609 0.433 0.61 0.433 0.614 0.43 0.614 0.43 0.615 0.429 0.615 0.424 0.614 0.423 0.614 0.423 0.61 0.42 0.609 0.42 0.607 0.419
7 0.639 0.409 0.638 0.41 0.635 0.41 0.631 0.413 0.631 0.415 0.63 0.416 0.63 0.418 0.631 0.419 0.631 0.42 0.634 0.423 0.638 0.423 0.639 0.423 0.641 0.423 0.642 0.423 0.644 0.423 0.645 0.423 0.643 0.425 0.643 0.427 0.642 0.427 0.642 0.43 0.643 0.43 0.643 0.432 0.646 0.434 0.649 0.434 0.65 0.435 0.652 0.435 0.653 0.434 0.656 0.434 0.659 0.432 0.659 0.43 0.66 0.43 0.66 0.427 0.659 0.427 0.659 0.424 0.656 0.422 0.653 0.422 0.652 0.421 0.65 0.421 0.649 0.422 0.648 0.422 0.647 0.421 0.648 0.42 0.648 0.419 0.649 0.418 0.649 0.416 0.648 0.415 0.648 0.412 0.645 0.41 0.642 0.41 0.641 0.409
7 0.473 0.407 0.472 0.408 0.47 0.408 0.466 0.411 0.466 0.412 0.465 0.413 0.465 0.416 0.466 0.416 0.466 0.418 0.469 0.42 0.472 0.42 0.473 0.421 0.475 0.421 0.476 0.42 0.479 0.42 0.482 0.418 0.482 0.416 0.483 0.416 0.483 0.413 0.482 0.412 0.482 0.41 0.479 0.408 0.476 0.408 0.475 0.407
7 0.239 0.406 0.238 0.407 0.235 0.407 0.234 0.408 0.233 0.408 0.228 0.412 0.228 0.412 0.227 0.413 0.227 0.415 0.226 0.416 0.226 0.42 0.227 0.42 0.227 0.421 0.228 0.422 0.228 0.423 0.233 0.427 0.234 0.427 0.235 0.427 0.238 0.427 0.239 0.428 0.244 0.428 0.245 0.427 0.246 0.427 0.247 0.427 0.248 0.427 0.253 0.423 0.253 0.422 0.254 0.421 0.254 0.42 0.255 0.42 0.255 0.416 0.254 0.415 0.254 0.413 0.253 0.412 0.253 0.412 0.248 0.408 0.247 0.408 0.246 0.407 0.245 0.407 0.244 0.406
7 0.721 0.404 0.72 0.405 0.719 0.405 0.718 0.405 0.717 0.405 0.714 0.408 0.714 0.409 0.712 0.409 0.712 0.41 0.711 0.411 0.711 0.416 0.712 0.416 0.712 0.417 0.714 0.418 0.714 0.419 0.717 0.421 0.718 0.421 0.719 0.422 0.72 0.422 0.721 0.423 0.727 0.423 0.728 0.422 0.729 0.422 0.73 0.421 0.731 0.421 0.734 0.419 0.734 0.418 0.735 0.417 0.735 0.416 0.736 0.416 0.736 0.411 0.735 0.41 0.735 0.409 0.734 0.409 0.734 0.408 0.731 0.405 0.73 0.405 0.729 0.405 0.728 0.405 0.727 0.404
7 0.692 0.403 0.691 0.404 0.689 0.404 0.684 0.407 0.684 0.409 0.683 0.409 0.683 0.412 0.684 0.412 0.683 0.413 0.683 0.415 0.682 0.416 0.682 0.418 0.683 0.419 0.683 0.42 0.686 0.423 0.69 0.423 0.691 0.423 0.693 0.423 0.694 0.423 0.697 0.423 0.7 0.42 0.7 0.419 0.701 0.418 0.701 0.416 0.7 0.415 0.701 0.414 0.701 0.412 0.702 0.412 0.702 0.409 0.701 0.409 0.701 0.406 0.698 0.404 0.695 0.404 0.694 0.403
7 0.495 0.403 0.494 0.404 0.492 0.404 0.488 0.407 0.488 0.409 0.486 0.409 0.486 0.412 0.488 0.412 0.488 0.414 0.491 0.416 0.494 0.416 0.495 0.417 0.497 0.417 0.498 0.416 0.501 0.416 0.504 0.414 0.504 0.412 0.505 0.412 0.505 0.409 0.504 0.409 0.504 0.406 0.501 0.404 0.498 0.404 0.497 0.403
7 0.285 0.402 0.284 0.403 0.282 0.403 0.281 0.404 0.28 0.404 0.275 0.408 0.275 0.409 0.274 0.409 0.274 0.411 0.273 0.412 0.273 0.416 0.274 0.416 0.274 0.417 0.275 0.418 0.275 0.419 0.28 0.423 0.281 0.423 0.282 0.423 0.284 0.423 0.285 0.424 0.291 0.424 0.292 0.423 0.293 0.423 0.294 0.423 0.295 0.423 0.3 0.419 0.3 0.418 0.301 0.417 0.301 0.416 0.302 0.416 0.302 0.412 0.301 0.411 0.301 0.409 0.3 0.409 0.3 0.408 0.295 0.404 0.294 0.404 0.293 0.403 0.292 0.403 0.291 0.402
7 0.753 0.39 0.752 0.391 0.75 0.391 0.749 0.391 0.748 0.391 0.743 0.395 0.743 0.396 0.742 0.397 0.742 0.398 0.741 0.399 0.741 0.403 0.742 0.404 0.742 0.405 0.743 0.405 0.743 0.406 0.748 0.41 0.749 0.41 0.75 0.411 0.752 0.411 0.753 0.412 0.758 0.412 0.759 0.411 0.76 0.411 0.761 0.41 0.762 0.41 0.768 0.406 0.768 0.405 0.769 0.405 0.769 0.404 0.77 0.403 0.77 0.399 0.769 0.398 0.769 0.397 0.768 0.396 0.768 0.395 0.762 0.391 0.761 0.391 0.76 0.391 0.759 0.391 0.758 0.39
7 0.411 0.39 0.41 0.391 0.409 0.391 0.405 0.394 0.405 0.395 0.404 0.395 0.404 0.4 0.405 0.401 0.405 0.402 0.409 0.405 0.41 0.405 0.411 0.405 0.418 0.405 0.42 0.404 0.421 0.404 0.424 0.402 0.424 0.401 0.425 0.4 0.425 0.395 0.424 0.395 0.424 0.394 0.421 0.391 0.42 0.391 0.418 0.39
7 0.669 0.388 0.668 0.389 0.666 0.389 0.661 0.392 0.661 0.394 0.66 0.395 0.66 0.397 0.661 0.398 0.66 0.398 0.659 0.398 0.658 0.399 0.656 0.399 0.652 0.402 0.652 0.404 0.651 0.405 0.651 0.407 0.652 0.408 0.652 0.409 0.655 0.412 0.658 0.412 0.659 0.412 0.661 0.412 0.666 0.416 0.669 0.416 0.67 0.416 0.672 0.416 0.673 0.416 0.676 0.416 0.679 0.413 0.679 0.412 0.68 0.411 0.68 0.409 0.679 0.408 0.679 0.405 0.676 0.403 0.673 0.403 0.672 0.402 0.673 0.402 0.675 0.402 0.678 0.399 0.678 0.398 0.679 0.397 0.679 0.395 0.678 0.394 0.678 0.391 0.675 0.389 0.672 0.389 0.671 0.388
7 0.376 0.387 0.375 0.388 0.373 0.388 0.369 0.391 0.369 0.392 0.368 0.393 0.368 0.395 0.369 0.396 0.369 0.398 0.372 0.4 0.375 0.4 0.376 0.401 0.378 0.401 0.379 0.4 0.382 0.4 0.385 0.398 0.385 0.396 0.386 0.395 0.386 0.393 0.385 0.392 0.385 0.39 0.382 0.388 0.379 0.388 0.378 0.387
7 0.33 0.385 0.329 0.386 0.328 0.386 0.327 0.387 0.326 0.387 0.323 0.389 0.323 0.39 0.322 0.391 0.322 0.391 0.321 0.392 0.321 0.397 0.322 0.398 0.322 0.398 0.323 0.399 0.323 0.4 0.326 0.402 0.327 0.402 0.328 0.403 0.329 0.403 0.33 0.404 0.336 0.404 0.338 0.403 0.339 0.403 0.34 0.402 0.341 0.402 0.342 0.403 0.34 0.405 0.34 0.405 0.339 0.406 0.339 0.407 0.338 0.408 0.338 0.412 0.339 0.413 0.339 0.414 0.34 0.415 0.34 0.416 0.343 0.418 0.344 0.418 0.345 0.419 0.346 0.419 0.347 0.42 0.353 0.42 0.354 0.419 0.355 0.419 0.356 0.418 0.357 0.418 0.36 0.416 0.36 0.415 0.361 0.414 0.361 0.413 0.362 0.412 0.362 0.408 0.361 0.407 0.361 0.406 0.36 0.405 0.36 0.405 0.357 0.402 0.356 0.402 0.355 0.402 0.354 0.402 0.353 0.401 0.347 0.401 0.346 0.402 0.345 0.402 0.344 0.402 0.343 0.402 0.342 0.402 0.344 0.4 0.344 0.399 0.345 0.398 0.345 0.398 0.346 0.397 0.346 0.392 0.345 0.391 0.345 0.391 0.344 0.39 0.344 0.389 0.341 0.387 0.34 0.387 0.339 0.386 0.338 0.386 0.336 0.385
7 0.222 0.379 0.221 0.38 0.219 0.38 0.218 0.38 0.217 0.38 0.211 0.384 0.211 0.385 0.21 0.386 0.21 0.388 0.209 0.388 0.209 0.392 0.21 0.393 0.21 0.394 0.211 0.395 0.211 0.395 0.217 0.399 0.218 0.399 0.219 0.4 0.221 0.4 0.222 0.401 0.227 0.401 0.228 0.4 0.229 0.4 0.23 0.399 0.231 0.399 0.236 0.395 0.236 0.395 0.238 0.394 0.238 0.393 0.239 0.392 0.239 0.388 0.238 0.388 0.238 0.386 0.236 0.385 0.236 0.384 0.231 0.38 0.23 0.38 0.229 0.38 0.228 0.38 0.227 0.379
7 0.501 0.376 0.5 0.377 0.498 0.377 0.494 0.38 0.494 0.381 0.493 0.382 0.493 0.384 0.494 0.385 0.494 0.387 0.497 0.389 0.5 0.389 0.501 0.39 0.503 0.39 0.504 0.389 0.505 0.39 0.505 0.391 0.508 0.393 0.511 0.393 0.512 0.394 0.515 0.394 0.516 0.393 0.519 0.393 0.522 0.391 0.522 0.389 0.523 0.388 0.523 0.386 0.522 0.385 0.522 0.383 0.519 0.38 0.516 0.38 0.515 0.38 0.512 0.38 0.511 0.38 0.51 0.38 0.51 0.379 0.507 0.377 0.504 0.377 0.503 0.376
7 0.706 0.373 0.705 0.374 0.703 0.374 0.699 0.377 0.699 0.379 0.698 0.38 0.698 0.382 0.694 0.385 0.694 0.387 0.693 0.388 0.693 0.391 0.692 0.391 0.692 0.393 0.691 0.394 0.691 0.396 0.692 0.397 0.692 0.398 0.695 0.401 0.698 0.401 0.699 0.402 0.701 0.402 0.702 0.401 0.705 0.401 0.708 0.398 0.708 0.397 0.709 0.396 0.709 0.393 0.71 0.392 0.71 0.391 0.711 0.39 0.711 0.388 0.714 0.386 0.715 0.387 0.715 0.388 0.714 0.388 0.714 0.393 0.715 0.394 0.715 0.395 0.716 0.395 0.716 0.396 0.719 0.398 0.72 0.398 0.721 0.399 0.722 0.399 0.723 0.4 0.729 0.4 0.73 0.399 0.731 0.399 0.732 0.398 0.733 0.398 0.736 0.396 0.736 0.395 0.738 0.395 0.738 0.394 0.739 0.393 0.739 0.388 0.738 0.388 0.738 0.387 0.736 0.386 0.736 0.385 0.733 0.383 0.732 0.383 0.731 0.382 0.73 0.382 0.729 0.381 0.723 0.381 0.722 0.382 0.721 0.382 0.72 0.383 0.719 0.383 0.717 0.384 0.716 0.384 0.716 0.383 0.717 0.382 0.717 0.38 0.716 0.379 0.716 0.377 0.712 0.374 0.709 0.374 0.708 0.373
7 0.576 0.373 0.575 0.373 0.574 0.373 0.57 0.377 0.57 0.377 0.569 0.378 0.569 0.383 0.57 0.384 0.57 0.384 0.574 0.388 0.573 0.388 0.57 0.388 0.569 0.389 0.568 0.389 0.564 0.392 0.564 0.393 0.562 0.394 0.562 0.398 0.564 0.399 0.564 0.4 0.566 0.402 0.565 0.402 0.559 0.402 0.558 0.403 0.557 0.403 0.553 0.406 0.553 0.407 0.552 0.408 0.552 0.412 0.553 0.413 0.553 0.414 0.557 0.417 0.558 0.417 0.559 0.418 0.566 0.418 0.568 0.416 0.569 0.416 0.572 0.414 0.572 0.413 0.573 0.412 0.573 0.408 0.572 0.407 0.572 0.406 0.57 0.405 0.571 0.404 0.576 0.404 0.578 0.402 0.579 0.402 0.582 0.4 0.582 0.399 0.583 0.398 0.583 0.394 0.582 0.393 0.582 0.392 0.579 0.39 0.578 0.39 0.577 0.389 0.578 0.388 0.582 0.388 0.584 0.387 0.585 0.387 0.589 0.384 0.589 0.384 0.59 0.383 0.59 0.378 0.589 0.377 0.589 0.377 0.585 0.374 0.584 0.374 0.582 0.373
7 0.457 0.367 0.456 0.368 0.455 0.368 0.451 0.371 0.451 0.372 0.45 0.373 0.45 0.377 0.451 0.378 0.451 0.379 0.455 0.382 0.456 0.382 0.457 0.383 0.464 0.383 0.465 0.384 0.461 0.386 0.461 0.387 0.46 0.388 0.46 0.392 0.461 0.393 0.461 0.394 0.46 0.395 0.454 0.395 0.453 0.395 0.452 0.395 0.448 0.398 0.448 0.399 0.447 0.4 0.447 0.405 0.448 0.405 0.448 0.406 0.452 0.409 0.453 0.409 0.454 0.41 0.46 0.41 0.462 0.409 0.464 0.409 0.467 0.406 0.467 0.405 0.468 0.405 0.468 0.4 0.467 0.399 0.467 0.398 0.468 0.398 0.474 0.398 0.476 0.396 0.477 0.396 0.48 0.394 0.48 0.393 0.481 0.392 0.481 0.388 0.48 0.387 0.48 0.386 0.481 0.385 0.484 0.385 0.486 0.384 0.488 0.384 0.491 0.381 0.491 0.38 0.492 0.38 0.492 0.375 0.491 0.374 0.491 0.373 0.488 0.371 0.486 0.371 0.484 0.37 0.478 0.37 0.477 0.37 0.476 0.37 0.472 0.373 0.47 0.372 0.47 0.371 0.467 0.369 0.466 0.369 0.464 0.367
7 0.403 0.367 0.402 0.368 0.4 0.368 0.399 0.369 0.398 0.369 0.393 0.373 0.393 0.373 0.392 0.374 0.392 0.376 0.391 0.377 0.391 0.38 0.392 0.381 0.392 0.382 0.393 0.383 0.393 0.384 0.398 0.388 0.399 0.388 0.4 0.388 0.402 0.388 0.403 0.389 0.408 0.389 0.409 0.388 0.41 0.388 0.411 0.388 0.412 0.388 0.418 0.384 0.418 0.383 0.419 0.382 0.419 0.381 0.42 0.38 0.42 0.377 0.419 0.376 0.419 0.374 0.418 0.373 0.418 0.373 0.412 0.369 0.411 0.369 0.41 0.368 0.409 0.368 0.408 0.367
7 0.618 0.359 0.617 0.36 0.616 0.36 0.611 0.363 0.611 0.364 0.61 0.365 0.607 0.365 0.606 0.366 0.605 0.366 0.601 0.369 0.601 0.37 0.6 0.37 0.6 0.375 0.601 0.376 0.601 0.377 0.604 0.379 0.604 0.38 0.603 0.38 0.602 0.38 0.598 0.384 0.598 0.384 0.597 0.385 0.597 0.39 0.598 0.391 0.598 0.391 0.601 0.394 0.601 0.395 0.598 0.397 0.598 0.398 0.597 0.398 0.597 0.403 0.596 0.404 0.594 0.402 0.588 0.402 0.586 0.403 0.585 0.403 0.581 0.406 0.581 0.407 0.58 0.408 0.58 0.412 0.581 0.413 0.581 0.414 0.585 0.417 0.586 0.417 0.588 0.418 0.594 0.418 0.596 0.416 0.597 0.416 0.6 0.414 0.6 0.413 0.601 0.412 0.601 0.409 0.602 0.408 0.603 0.408 0.604 0.409 0.61 0.409 0.612 0.407 0.614 0.407 0.617 0.405 0.617 0.404 0.618 0.403 0.618 0.398 0.617 0.398 0.617 0.397 0.614 0.395 0.614 0.394 0.617 0.391 0.617 0.391 0.618 0.39 0.618 0.385 0.617 0.384 0.617 0.384 0.614 0.381 0.614 0.38 0.616 0.379 0.617 0.379 0.62 0.377 0.62 0.376 0.621 0.375 0.624 0.375 0.626 0.373 0.627 0.373 0.63 0.371 0.63 0.37 0.631 0.37 0.631 0.365 0.63 0.364 0.63 0.363 0.627 0.361 0.626 0.361 0.624 0.359
7 0.551 0.352 0.55 0.353 0.548 0.353 0.544 0.356 0.544 0.358 0.543 0.359 0.543 0.361 0.544 0.362 0.544 0.363 0.547 0.366 0.55 0.366 0.551 0.366 0.553 0.366 0.554 0.366 0.557 0.366 0.56 0.363 0.56 0.362 0.561 0.361 0.561 0.359 0.56 0.358 0.56 0.355 0.557 0.353 0.554 0.353 0.553 0.352
7 0.525 0.352 0.524 0.352 0.522 0.352 0.518 0.355 0.518 0.357 0.517 0.358 0.517 0.36 0.518 0.361 0.518 0.362 0.521 0.365 0.524 0.365 0.525 0.366 0.527 0.366 0.528 0.365 0.531 0.365 0.534 0.362 0.534 0.361 0.535 0.36 0.535 0.358 0.534 0.357 0.534 0.355 0.531 0.352 0.528 0.352 0.527 0.352
7 0.29 0.352 0.289 0.352 0.286 0.352 0.285 0.353 0.284 0.353 0.279 0.357 0.279 0.358 0.278 0.359 0.278 0.36 0.277 0.361 0.277 0.365 0.278 0.366 0.278 0.366 0.279 0.367 0.279 0.368 0.284 0.372 0.285 0.372 0.286 0.373 0.289 0.373 0.29 0.373 0.295 0.373 0.296 0.373 0.297 0.373 0.298 0.372 0.299 0.372 0.304 0.368 0.304 0.367 0.305 0.366 0.305 0.366 0.306 0.365 0.306 0.361 0.305 0.36 0.305 0.359 0.304 0.358 0.304 0.357 0.299 0.353 0.298 0.353 0.297 0.352 0.296 0.352 0.295 0.352
7 0.786 0.348 0.785 0.349 0.783 0.349 0.782 0.35 0.781 0.35 0.776 0.354 0.776 0.355 0.775 0.355 0.775 0.357 0.774 0.358 0.774 0.362 0.775 0.362 0.775 0.363 0.776 0.364 0.776 0.365 0.781 0.369 0.782 0.369 0.783 0.37 0.785 0.37 0.786 0.37 0.792 0.37 0.793 0.37 0.794 0.37 0.795 0.369 0.796 0.369 0.801 0.365 0.801 0.364 0.802 0.363 0.802 0.362 0.803 0.362 0.803 0.358 0.802 0.357 0.802 0.355 0.801 0.355 0.801 0.354 0.796 0.35 0.795 0.35 0.794 0.349 0.793 0.349 0.792 0.348
7 0.647 0.346 0.646 0.347 0.645 0.347 0.641 0.35 0.641 0.351 0.64 0.352 0.64 0.356 0.641 0.357 0.641 0.358 0.642 0.359 0.642 0.362 0.643 0.363 0.643 0.364 0.647 0.367 0.648 0.367 0.649 0.368 0.655 0.368 0.657 0.366 0.658 0.366 0.661 0.364 0.661 0.363 0.662 0.362 0.662 0.358 0.661 0.357 0.661 0.356 0.66 0.355 0.66 0.352 0.659 0.351 0.659 0.35 0.656 0.348 0.655 0.348 0.653 0.346
7 0.826 0.342 0.825 0.343 0.823 0.343 0.822 0.344 0.821 0.344 0.816 0.348 0.816 0.348 0.815 0.349 0.815 0.351 0.814 0.352 0.814 0.355 0.815 0.356 0.815 0.357 0.816 0.358 0.816 0.359 0.821 0.362 0.822 0.362 0.823 0.363 0.825 0.363 0.826 0.364 0.831 0.364 0.832 0.363 0.833 0.363 0.834 0.362 0.835 0.362 0.841 0.359 0.841 0.358 0.842 0.357 0.842 0.356 0.843 0.355 0.843 0.352 0.842 0.351 0.842 0.349 0.841 0.348 0.841 0.348 0.835 0.344 0.834 0.344 0.833 0.343 0.832 0.343 0.831 0.342
7 0.693 0.341 0.692 0.342 0.691 0.342 0.686 0.345 0.686 0.346 0.684 0.348 0.678 0.348 0.677 0.348 0.676 0.348 0.672 0.352 0.672 0.352 0.671 0.353 0.671 0.358 0.672 0.359 0.672 0.359 0.676 0.362 0.677 0.362 0.679 0.364 0.678 0.365 0.677 0.365 0.676 0.366 0.675 0.366 0.672 0.368 0.672 0.369 0.671 0.37 0.671 0.37 0.67 0.371 0.67 0.376 0.671 0.377 0.671 0.377 0.672 0.378 0.672 0.379 0.675 0.381 0.676 0.381 0.677 0.382 0.678 0.382 0.679 0.383 0.685 0.383 0.686 0.382 0.688 0.382 0.689 0.381 0.69 0.381 0.693 0.379 0.693 0.378 0.694 0.377 0.694 0.377 0.695 0.376 0.695 0.371 0.694 0.37 0.694 0.37 0.693 0.369 0.693 0.368 0.69 0.366 0.689 0.366 0.688 0.365 0.686 0.365 0.684 0.363 0.686 0.362 0.688 0.362 0.691 0.359 0.691 0.359 0.693 0.357 0.699 0.357 0.701 0.355 0.702 0.355 0.705 0.353 0.705 0.352 0.706 0.352 0.706 0.347 0.705 0.346 0.705 0.345 0.702 0.343 0.701 0.343 0.699 0.341
7 0.2 0.341 0.199 0.341 0.197 0.341 0.196 0.342 0.195 0.342 0.19 0.346 0.19 0.347 0.189 0.348 0.189 0.349 0.188 0.35 0.188 0.354 0.189 0.355 0.189 0.355 0.19 0.356 0.19 0.357 0.195 0.361 0.196 0.361 0.197 0.362 0.199 0.362 0.2 0.362 0.205 0.362 0.206 0.362 0.207 0.362 0.208 0.361 0.209 0.361 0.215 0.357 0.215 0.356 0.216 0.355 0.216 0.355 0.217 0.354 0.217 0.35 0.216 0.349 0.216 0.348 0.215 0.347 0.215 0.346 0.209 0.342 0.208 0.342 0.207 0.341 0.206 0.341 0.205 0.341
7 0.512 0.338 0.511 0.339 0.509 0.339 0.505 0.342 0.505 0.344 0.504 0.345 0.504 0.347 0.505 0.348 0.505 0.349 0.506 0.35 0.505 0.351 0.504 0.351 0.503 0.352 0.501 0.352 0.497 0.355 0.497 0.356 0.496 0.357 0.496 0.359 0.497 0.36 0.497 0.362 0.5 0.364 0.503 0.364 0.504 0.365 0.506 0.365 0.507 0.364 0.51 0.364 0.514 0.362 0.514 0.36 0.515 0.359 0.515 0.357 0.514 0.356 0.514 0.354 0.512 0.353 0.514 0.352 0.515 0.352 0.516 0.352 0.519 0.352 0.522 0.349 0.522 0.348 0.523 0.347 0.523 0.345 0.522 0.344 0.522 0.341 0.519 0.339 0.516 0.339 0.515 0.338
7 0.335 0.337 0.334 0.338 0.332 0.338 0.331 0.338 0.33 0.338 0.325 0.342 0.325 0.343 0.324 0.344 0.324 0.345 0.323 0.346 0.323 0.35 0.324 0.351 0.324 0.352 0.325 0.352 0.325 0.353 0.33 0.357 0.331 0.357 0.332 0.358 0.334 0.358 0.335 0.359 0.341 0.359 0.342 0.358 0.343 0.358 0.344 0.357 0.345 0.357 0.35 0.353 0.35 0.352 0.351 0.352 0.351 0.351 0.352 0.35 0.352 0.346 0.351 0.345 0.351 0.344 0.35 0.343 0.35 0.342 0.345 0.338 0.344 0.338 0.343 0.338 0.342 0.338 0.341 0.337
7 0.621 0.33 0.62 0.33 0.618 0.33 0.617 0.331 0.616 0.331 0.61 0.335 0.61 0.336 0.609 0.337 0.609 0.338 0.608 0.339 0.608 0.343 0.609 0.344 0.609 0.345 0.61 0.345 0.61 0.346 0.616 0.35 0.617 0.35 0.618 0.351 0.62 0.351 0.621 0.352 0.626 0.352 0.627 0.351 0.628 0.351 0.629 0.35 0.63 0.35 0.635 0.346 0.635 0.345 0.636 0.345 0.636 0.344 0.638 0.343 0.638 0.339 0.636 0.338 0.636 0.337 0.635 0.336 0.635 0.335 0.63 0.331 0.629 0.331 0.628 0.33 0.627 0.33 0.626 0.33
7 0.471 0.327 0.47 0.328 0.469 0.328 0.468 0.329 0.467 0.329 0.464 0.331 0.464 0.332 0.462 0.333 0.462 0.334 0.461 0.334 0.461 0.339 0.462 0.34 0.462 0.341 0.464 0.341 0.464 0.342 0.467 0.345 0.468 0.345 0.469 0.345 0.47 0.345 0.471 0.346 0.477 0.346 0.478 0.345 0.479 0.345 0.48 0.345 0.481 0.345 0.484 0.342 0.484 0.341 0.485 0.341 0.485 0.34 0.486 0.339 0.486 0.334 0.485 0.334 0.485 0.333 0.484 0.332 0.484 0.331 0.481 0.329 0.48 0.329 0.479 0.328 0.478 0.328 0.477 0.327
7 0.688 0.316 0.686 0.316 0.685 0.316 0.684 0.317 0.683 0.317 0.68 0.32 0.68 0.32 0.679 0.321 0.679 0.322 0.678 0.323 0.678 0.327 0.679 0.328 0.679 0.329 0.68 0.33 0.68 0.33 0.683 0.333 0.684 0.333 0.685 0.334 0.686 0.334 0.688 0.334 0.694 0.334 0.695 0.334 0.696 0.334 0.697 0.333 0.698 0.333 0.701 0.33 0.701 0.33 0.702 0.329 0.702 0.328 0.703 0.327 0.703 0.323 0.702 0.322 0.702 0.321 0.701 0.32 0.701 0.32 0.698 0.317 0.697 0.317 0.696 0.316 0.695 0.316 0.694 0.316
7 0.789 0.302 0.788 0.302 0.785 0.302 0.784 0.303 0.783 0.303 0.778 0.307 0.778 0.308 0.777 0.309 0.777 0.31 0.776 0.311 0.776 0.315 0.777 0.316 0.777 0.316 0.778 0.317 0.778 0.318 0.783 0.322 0.784 0.322 0.785 0.323 0.788 0.323 0.789 0.323 0.794 0.323 0.795 0.323 0.796 0.323 0.797 0.322 0.798 0.322 0.803 0.318 0.803 0.317 0.804 0.316 0.804 0.316 0.805 0.315 0.805 0.311 0.804 0.31 0.804 0.309 0.803 0.308 0.803 0.307 0.798 0.303 0.797 0.303 0.796 0.302 0.795 0.302 0.794 0.302
7 0.642 0.293 0.641 0.294 0.639 0.294 0.638 0.295 0.636 0.295 0.631 0.298 0.631 0.299 0.63 0.3 0.63 0.302 0.629 0.302 0.629 0.306 0.63 0.307 0.628 0.309 0.627 0.309 0.622 0.312 0.622 0.313 0.621 0.314 0.621 0.316 0.62 0.316 0.62 0.32 0.621 0.321 0.621 0.322 0.622 0.323 0.622 0.323 0.627 0.327 0.628 0.327 0.629 0.328 0.631 0.328 0.632 0.329 0.638 0.329 0.639 0.328 0.64 0.328 0.641 0.327 0.642 0.327 0.647 0.323 0.647 0.323 0.648 0.322 0.648 0.321 0.649 0.32 0.649 0.316 0.648 0.316 0.648 0.315 0.65 0.313 0.651 0.313 0.656 0.309 0.656 0.309 0.657 0.308 0.657 0.307 0.658 0.306 0.658 0.302 0.657 0.302 0.657 0.3 0.656 0.299 0.656 0.298 0.651 0.295 0.65 0.295 0.649 0.294 0.648 0.294 0.647 0.293
7 0.433 0.278 0.432 0.279 0.43 0.279 0.429 0.28 0.428 0.28 0.423 0.284 0.423 0.284 0.422 0.285 0.422 0.287 0.421 0.288 0.421 0.291 0.422 0.292 0.422 0.293 0.423 0.294 0.423 0.295 0.428 0.298 0.429 0.298 0.43 0.299 0.432 0.299 0.433 0.3 0.439 0.3 0.44 0.299 0.441 0.299 0.442 0.298 0.443 0.298 0.448 0.295 0.448 0.294 0.449 0.293 0.449 0.292 0.45 0.291 0.45 0.288 0.449 0.287 0.449 0.285 0.448 0.284 0.448 0.284 0.443 0.28 0.442 0.28 0.441 0.279 0.44 0.279 0.439 0.278
7 0.588 0.238 0.586 0.238 0.584 0.238 0.583 0.239 0.582 0.239 0.577 0.243 0.577 0.244 0.576 0.245 0.576 0.246 0.575 0.247 0.575 0.251 0.576 0.252 0.576 0.252 0.577 0.253 0.577 0.254 0.582 0.258 0.583 0.258 0.584 0.259 0.586 0.259 0.588 0.259 0.593 0.259 0.594 0.259 0.595 0.259 0.596 0.258 0.597 0.258 0.602 0.254 0.602 0.253 0.603 0.252 0.603 0.252 0.604 0.251 0.604 0.247 0.603 0.246 0.603 0.245 0.602 0.244 0.602 0.243 0.597 0.239 0.596 0.239 0.595 0.238 0.594 0.238 0.593 0.238
7 0.536 0.164 0.535 0.165 0.533 0.165 0.532 0.166 0.531 0.166 0.526 0.17 0.526 0.17 0.525 0.171 0.525 0.173 0.524 0.173 0.524 0.177 0.525 0.178 0.525 0.179 0.526 0.18 0.526 0.18 0.531 0.184 0.532 0.184 0.533 0.185 0.535 0.185 0.536 0.186 0.542 0.186 0.543 0.185 0.544 0.185 0.545 0.184 0.546 0.184 0.551 0.18 0.551 0.18 0.552 0.179 0.552 0.178 0.553 0.177 0.553 0.173 0.552 0.173 0.552 0.171 0.551 0.17 0.551 0.17 0.546 0.166 0.545 0.166 0.544 0.165 0.543 0.165 0.542 0.164
