3 0.701 0.863 0.7 0.864 0.699 0.864 0.697 0.866 0.697 0.866 0.696 0.867 0.696 0.869 0.697 0.87 0.697 0.87 0.699 0.872 0.7 0.872 0.701 0.873 0.703 0.873 0.704 0.872 0.705 0.872 0.707 0.87 0.707 0.87 0.708 0.869 0.708 0.867 0.707 0.866 0.707 0.866 0.705 0.864 0.704 0.864 0.703 0.863
3 0.46 0.848 0.459 0.849 0.458 0.849 0.456 0.851 0.456 0.852 0.455 0.852 0.455 0.854 0.456 0.855 0.456 0.855 0.458 0.857 0.459 0.857 0.46 0.858 0.462 0.858 0.464 0.857 0.465 0.857 0.467 0.855 0.467 0.855 0.468 0.854 0.468 0.852 0.467 0.852 0.467 0.851 0.465 0.849 0.464 0.849 0.462 0.848
3 0.606 0.845 0.605 0.846 0.604 0.846 0.602 0.848 0.602 0.848 0.601 0.849 0.601 0.851 0.602 0.852 0.602 0.852 0.604 0.854 0.605 0.854 0.606 0.855 0.608 0.855 0.609 0.854 0.61 0.854 0.612 0.852 0.612 0.852 0.614 0.851 0.614 0.849 0.612 0.848 0.612 0.848 0.61 0.846 0.609 0.846 0.608 0.845
3 0.516 0.818 0.515 0.819 0.514 0.819 0.51 0.821 0.51 0.822 0.509 0.823 0.509 0.825 0.51 0.826 0.51 0.827 0.512 0.828 0.515 0.828 0.516 0.829 0.518 0.829 0.519 0.828 0.521 0.828 0.523 0.827 0.523 0.826 0.524 0.825 0.524 0.823 0.523 0.822 0.523 0.82 0.521 0.819 0.519 0.819 0.518 0.818
3 0.492 0.792 0.491 0.793 0.49 0.793 0.486 0.795 0.486 0.796 0.485 0.797 0.485 0.799 0.486 0.8 0.486 0.801 0.489 0.802 0.491 0.802 0.492 0.803 0.494 0.803 0.495 0.802 0.497 0.802 0.499 0.801 0.499 0.8 0.5 0.799 0.5 0.797 0.499 0.796 0.499 0.795 0.497 0.793 0.495 0.793 0.494 0.792
3 0.506 0.777 0.505 0.778 0.504 0.778 0.501 0.78 0.501 0.781 0.5 0.782 0.5 0.784 0.501 0.785 0.501 0.786 0.503 0.788 0.505 0.788 0.506 0.788 0.508 0.788 0.509 0.788 0.511 0.788 0.514 0.786 0.514 0.785 0.515 0.784 0.515 0.782 0.514 0.781 0.514 0.78 0.511 0.778 0.509 0.778 0.508 0.777
3 0.29 0.777 0.289 0.777 0.288 0.777 0.284 0.78 0.284 0.78 0.283 0.781 0.283 0.784 0.284 0.784 0.284 0.785 0.286 0.787 0.289 0.787 0.29 0.788 0.292 0.788 0.293 0.787 0.295 0.787 0.297 0.785 0.297 0.784 0.298 0.784 0.298 0.781 0.297 0.78 0.297 0.779 0.295 0.777 0.293 0.777 0.292 0.777
3 0.256 0.777 0.255 0.777 0.254 0.777 0.251 0.78 0.251 0.78 0.25 0.781 0.25 0.784 0.251 0.784 0.251 0.785 0.253 0.787 0.255 0.787 0.256 0.788 0.258 0.788 0.259 0.787 0.261 0.787 0.264 0.785 0.264 0.784 0.265 0.784 0.265 0.781 0.264 0.78 0.264 0.779 0.261 0.777 0.259 0.777 0.258 0.777
3 0.548 0.773 0.547 0.773 0.546 0.773 0.543 0.776 0.543 0.777 0.542 0.777 0.542 0.78 0.543 0.78 0.543 0.781 0.545 0.783 0.547 0.783 0.548 0.784 0.55 0.784 0.551 0.783 0.553 0.783 0.555 0.781 0.555 0.78 0.556 0.78 0.556 0.777 0.555 0.777 0.555 0.775 0.553 0.773 0.551 0.773 0.55 0.773
3 0.327 0.768 0.326 0.769 0.325 0.769 0.322 0.771 0.322 0.772 0.321 0.773 0.321 0.775 0.322 0.776 0.322 0.777 0.324 0.778 0.326 0.778 0.327 0.779 0.329 0.779 0.33 0.778 0.332 0.778 0.334 0.777 0.334 0.776 0.335 0.775 0.335 0.773 0.334 0.772 0.334 0.77 0.332 0.769 0.33 0.769 0.329 0.768
3 0.488 0.765 0.486 0.766 0.485 0.766 0.482 0.768 0.482 0.769 0.481 0.77 0.481 0.772 0.482 0.773 0.482 0.773 0.484 0.775 0.486 0.775 0.488 0.776 0.49 0.776 0.491 0.775 0.493 0.775 0.495 0.773 0.495 0.773 0.496 0.772 0.496 0.77 0.495 0.769 0.495 0.767 0.493 0.766 0.491 0.766 0.49 0.765
3 0.421 0.764 0.42 0.765 0.419 0.765 0.416 0.767 0.416 0.768 0.415 0.769 0.415 0.771 0.416 0.772 0.416 0.773 0.418 0.774 0.42 0.774 0.421 0.775 0.423 0.775 0.424 0.774 0.426 0.774 0.428 0.773 0.428 0.772 0.429 0.771 0.429 0.769 0.428 0.768 0.428 0.766 0.426 0.765 0.424 0.765 0.423 0.764
3 0.847 0.758 0.846 0.759 0.845 0.759 0.842 0.761 0.842 0.762 0.841 0.762 0.841 0.765 0.842 0.766 0.842 0.766 0.844 0.768 0.846 0.768 0.847 0.769 0.849 0.769 0.85 0.768 0.852 0.768 0.854 0.766 0.854 0.766 0.855 0.765 0.855 0.762 0.854 0.762 0.854 0.76 0.852 0.759 0.85 0.759 0.849 0.758
3 0.868 0.756 0.867 0.757 0.866 0.757 0.864 0.759 0.864 0.759 0.862 0.76 0.862 0.762 0.864 0.762 0.864 0.763 0.866 0.765 0.867 0.765 0.868 0.766 0.87 0.766 0.871 0.765 0.872 0.765 0.874 0.763 0.874 0.762 0.875 0.762 0.875 0.76 0.874 0.759 0.874 0.759 0.872 0.757 0.871 0.757 0.87 0.756
3 0.531 0.754 0.53 0.755 0.529 0.755 0.526 0.757 0.526 0.758 0.525 0.759 0.525 0.759 0.524 0.76 0.522 0.759 0.52 0.759 0.519 0.758 0.517 0.758 0.516 0.759 0.515 0.759 0.511 0.761 0.511 0.762 0.51 0.762 0.51 0.765 0.511 0.766 0.511 0.766 0.514 0.768 0.516 0.768 0.517 0.769 0.519 0.769 0.52 0.768 0.522 0.768 0.524 0.766 0.524 0.766 0.525 0.765 0.525 0.763 0.526 0.762 0.529 0.765 0.527 0.766 0.527 0.767 0.526 0.768 0.526 0.77 0.527 0.771 0.527 0.772 0.529 0.773 0.531 0.773 0.532 0.774 0.534 0.774 0.535 0.773 0.538 0.773 0.54 0.772 0.54 0.771 0.541 0.77 0.541 0.768 0.54 0.767 0.54 0.766 0.538 0.764 0.538 0.763 0.539 0.762 0.539 0.762 0.54 0.761 0.54 0.759 0.539 0.758 0.539 0.756 0.536 0.755 0.534 0.755 0.533 0.754
3 0.583 0.753 0.582 0.754 0.581 0.754 0.578 0.756 0.578 0.757 0.577 0.758 0.577 0.76 0.578 0.761 0.578 0.762 0.58 0.763 0.582 0.763 0.583 0.764 0.585 0.764 0.586 0.763 0.589 0.763 0.591 0.762 0.591 0.761 0.592 0.76 0.592 0.758 0.591 0.757 0.591 0.755 0.589 0.754 0.586 0.754 0.585 0.753
3 0.458 0.753 0.457 0.754 0.456 0.754 0.453 0.756 0.453 0.757 0.452 0.758 0.452 0.76 0.453 0.761 0.453 0.762 0.455 0.763 0.457 0.763 0.458 0.764 0.46 0.764 0.461 0.763 0.464 0.763 0.466 0.762 0.466 0.761 0.467 0.76 0.467 0.758 0.466 0.757 0.466 0.755 0.464 0.754 0.461 0.754 0.46 0.753
3 0.76 0.752 0.759 0.752 0.758 0.752 0.755 0.755 0.755 0.755 0.754 0.756 0.754 0.759 0.755 0.759 0.755 0.76 0.757 0.762 0.759 0.762 0.76 0.762 0.762 0.762 0.764 0.762 0.766 0.762 0.768 0.76 0.768 0.759 0.769 0.759 0.769 0.756 0.768 0.755 0.768 0.754 0.766 0.752 0.764 0.752 0.762 0.752
3 0.39 0.751 0.389 0.752 0.388 0.752 0.384 0.754 0.384 0.755 0.383 0.755 0.383 0.758 0.384 0.759 0.384 0.759 0.386 0.761 0.389 0.761 0.39 0.762 0.392 0.762 0.393 0.761 0.395 0.761 0.397 0.759 0.397 0.759 0.398 0.758 0.398 0.755 0.397 0.755 0.397 0.753 0.395 0.752 0.393 0.752 0.392 0.751
3 0.361 0.745 0.36 0.746 0.359 0.746 0.356 0.748 0.356 0.749 0.355 0.75 0.355 0.752 0.356 0.753 0.356 0.754 0.358 0.755 0.36 0.755 0.361 0.756 0.364 0.756 0.365 0.755 0.367 0.755 0.369 0.754 0.369 0.753 0.37 0.752 0.37 0.75 0.369 0.749 0.369 0.748 0.367 0.746 0.365 0.746 0.364 0.745
3 0.414 0.738 0.412 0.738 0.411 0.738 0.408 0.741 0.408 0.741 0.407 0.742 0.407 0.745 0.408 0.745 0.408 0.746 0.41 0.748 0.412 0.748 0.414 0.748 0.416 0.748 0.417 0.748 0.419 0.748 0.421 0.746 0.421 0.745 0.422 0.745 0.422 0.742 0.421 0.741 0.421 0.74 0.419 0.738 0.417 0.738 0.416 0.738
3 0.348 0.736 0.347 0.737 0.346 0.737 0.343 0.739 0.343 0.74 0.342 0.741 0.342 0.743 0.343 0.744 0.343 0.745 0.345 0.746 0.347 0.746 0.348 0.747 0.35 0.747 0.351 0.746 0.353 0.746 0.355 0.745 0.355 0.744 0.356 0.743 0.356 0.741 0.355 0.74 0.355 0.738 0.353 0.737 0.351 0.737 0.35 0.736
3 0.232 0.736 0.231 0.737 0.23 0.737 0.227 0.739 0.227 0.74 0.226 0.741 0.226 0.743 0.227 0.744 0.227 0.745 0.229 0.746 0.231 0.746 0.232 0.747 0.234 0.747 0.235 0.746 0.238 0.746 0.24 0.745 0.24 0.744 0.241 0.743 0.241 0.741 0.24 0.74 0.24 0.738 0.238 0.737 0.235 0.737 0.234 0.736
3 0.383 0.733 0.382 0.734 0.381 0.734 0.378 0.736 0.378 0.737 0.377 0.738 0.377 0.74 0.378 0.741 0.378 0.741 0.38 0.743 0.382 0.743 0.383 0.744 0.385 0.744 0.386 0.743 0.389 0.743 0.391 0.741 0.391 0.741 0.392 0.74 0.392 0.738 0.391 0.737 0.391 0.735 0.389 0.734 0.386 0.734 0.385 0.733
3 0.368 0.723 0.367 0.724 0.366 0.724 0.362 0.727 0.362 0.727 0.361 0.728 0.361 0.73 0.362 0.731 0.362 0.732 0.365 0.734 0.367 0.734 0.368 0.734 0.37 0.734 0.371 0.734 0.373 0.734 0.375 0.732 0.375 0.731 0.376 0.73 0.376 0.728 0.375 0.727 0.375 0.726 0.373 0.724 0.371 0.724 0.37 0.723
3 0.4 0.722 0.399 0.723 0.398 0.723 0.395 0.725 0.395 0.726 0.394 0.727 0.394 0.729 0.395 0.73 0.395 0.73 0.397 0.732 0.399 0.732 0.4 0.733 0.402 0.733 0.403 0.732 0.405 0.732 0.407 0.73 0.407 0.73 0.408 0.729 0.408 0.727 0.407 0.726 0.407 0.724 0.405 0.723 0.403 0.723 0.402 0.722
3 0.543 0.72 0.542 0.72 0.541 0.72 0.538 0.723 0.538 0.723 0.536 0.724 0.536 0.727 0.538 0.727 0.538 0.728 0.54 0.73 0.542 0.73 0.543 0.73 0.545 0.73 0.546 0.73 0.548 0.73 0.55 0.728 0.55 0.727 0.551 0.727 0.551 0.724 0.55 0.723 0.55 0.722 0.548 0.72 0.546 0.72 0.545 0.72
3 0.44 0.718 0.439 0.719 0.438 0.719 0.434 0.721 0.434 0.722 0.433 0.723 0.433 0.725 0.434 0.726 0.434 0.727 0.436 0.728 0.439 0.728 0.44 0.729 0.442 0.729 0.443 0.728 0.445 0.728 0.447 0.727 0.447 0.726 0.448 0.725 0.448 0.723 0.447 0.722 0.447 0.72 0.445 0.719 0.443 0.719 0.442 0.718
3 0.521 0.714 0.52 0.715 0.519 0.715 0.516 0.717 0.516 0.718 0.515 0.719 0.515 0.721 0.516 0.722 0.516 0.723 0.518 0.724 0.52 0.724 0.521 0.725 0.523 0.725 0.524 0.724 0.526 0.724 0.528 0.723 0.528 0.722 0.529 0.721 0.529 0.719 0.528 0.718 0.528 0.716 0.526 0.715 0.524 0.715 0.523 0.714
3 0.345 0.714 0.344 0.715 0.343 0.715 0.34 0.717 0.34 0.718 0.339 0.719 0.339 0.721 0.34 0.722 0.34 0.723 0.342 0.724 0.344 0.724 0.345 0.725 0.347 0.725 0.348 0.724 0.35 0.724 0.352 0.723 0.352 0.722 0.353 0.721 0.353 0.719 0.352 0.718 0.352 0.716 0.35 0.715 0.348 0.715 0.347 0.714
3 0.317 0.707 0.316 0.708 0.315 0.708 0.311 0.71 0.311 0.711 0.31 0.712 0.31 0.714 0.311 0.715 0.311 0.716 0.314 0.717 0.316 0.717 0.317 0.718 0.319 0.718 0.32 0.717 0.322 0.717 0.324 0.716 0.324 0.715 0.325 0.714 0.325 0.712 0.324 0.711 0.324 0.709 0.322 0.708 0.32 0.708 0.319 0.707
3 0.501 0.704 0.5 0.705 0.499 0.705 0.496 0.707 0.496 0.708 0.495 0.709 0.495 0.711 0.496 0.712 0.496 0.712 0.498 0.714 0.5 0.714 0.501 0.715 0.503 0.715 0.504 0.714 0.506 0.714 0.508 0.712 0.508 0.712 0.509 0.711 0.509 0.709 0.508 0.708 0.508 0.706 0.506 0.705 0.504 0.705 0.503 0.704
3 0.133 0.704 0.132 0.705 0.131 0.705 0.128 0.707 0.128 0.708 0.127 0.709 0.127 0.711 0.128 0.712 0.128 0.712 0.13 0.714 0.132 0.714 0.133 0.715 0.135 0.715 0.136 0.714 0.139 0.714 0.141 0.712 0.141 0.712 0.142 0.711 0.142 0.709 0.141 0.708 0.141 0.706 0.139 0.705 0.136 0.705 0.135 0.704
3 0.819 0.699 0.818 0.7 0.817 0.7 0.815 0.702 0.815 0.702 0.814 0.703 0.814 0.705 0.815 0.705 0.815 0.706 0.817 0.708 0.818 0.708 0.819 0.709 0.821 0.709 0.822 0.708 0.823 0.708 0.825 0.706 0.825 0.705 0.826 0.705 0.826 0.703 0.825 0.702 0.825 0.702 0.823 0.7 0.822 0.7 0.821 0.699
3 0.383 0.698 0.382 0.699 0.381 0.699 0.378 0.702 0.378 0.702 0.377 0.703 0.377 0.705 0.378 0.706 0.378 0.707 0.38 0.709 0.382 0.709 0.383 0.709 0.385 0.709 0.386 0.709 0.389 0.709 0.391 0.707 0.391 0.706 0.392 0.705 0.392 0.703 0.391 0.702 0.391 0.701 0.389 0.699 0.386 0.699 0.385 0.698
3 0.361 0.697 0.36 0.698 0.359 0.698 0.356 0.7 0.356 0.701 0.355 0.702 0.355 0.704 0.356 0.705 0.356 0.705 0.358 0.707 0.36 0.707 0.361 0.708 0.364 0.708 0.365 0.707 0.367 0.707 0.369 0.705 0.369 0.705 0.37 0.704 0.37 0.702 0.369 0.701 0.369 0.699 0.367 0.698 0.365 0.698 0.364 0.697
3 0.705 0.695 0.704 0.696 0.703 0.696 0.7 0.698 0.7 0.699 0.699 0.7 0.699 0.702 0.7 0.703 0.7 0.704 0.702 0.705 0.704 0.705 0.705 0.706 0.707 0.706 0.708 0.705 0.71 0.705 0.712 0.704 0.712 0.703 0.714 0.702 0.714 0.7 0.712 0.699 0.712 0.698 0.71 0.696 0.708 0.696 0.707 0.695
3 0.503 0.688 0.502 0.689 0.501 0.689 0.498 0.691 0.498 0.692 0.497 0.693 0.497 0.695 0.498 0.696 0.498 0.697 0.5 0.698 0.502 0.698 0.503 0.699 0.505 0.699 0.506 0.698 0.508 0.698 0.51 0.697 0.51 0.696 0.511 0.695 0.511 0.693 0.51 0.692 0.51 0.691 0.508 0.689 0.506 0.689 0.505 0.688
3 0.246 0.688 0.245 0.689 0.244 0.689 0.241 0.691 0.241 0.692 0.24 0.693 0.24 0.695 0.241 0.696 0.241 0.697 0.243 0.698 0.245 0.698 0.246 0.699 0.248 0.699 0.249 0.698 0.251 0.698 0.252 0.699 0.252 0.7 0.251 0.701 0.251 0.703 0.252 0.704 0.252 0.705 0.254 0.706 0.256 0.706 0.257 0.707 0.259 0.707 0.26 0.706 0.262 0.706 0.265 0.705 0.265 0.704 0.266 0.703 0.266 0.701 0.265 0.7 0.265 0.698 0.262 0.697 0.26 0.697 0.259 0.696 0.257 0.696 0.256 0.697 0.255 0.697 0.254 0.698 0.253 0.697 0.253 0.696 0.254 0.695 0.254 0.693 0.253 0.692 0.253 0.691 0.251 0.689 0.249 0.689 0.248 0.688
3 0.266 0.684 0.265 0.684 0.264 0.684 0.26 0.687 0.26 0.688 0.259 0.688 0.259 0.691 0.26 0.691 0.26 0.692 0.262 0.694 0.265 0.694 0.266 0.695 0.268 0.695 0.269 0.694 0.271 0.694 0.273 0.692 0.273 0.691 0.274 0.691 0.274 0.688 0.273 0.688 0.273 0.686 0.271 0.684 0.269 0.684 0.268 0.684
3 0.291 0.68 0.29 0.68 0.289 0.68 0.285 0.683 0.285 0.684 0.284 0.684 0.284 0.687 0.285 0.688 0.285 0.688 0.288 0.69 0.29 0.69 0.291 0.691 0.293 0.691 0.294 0.69 0.296 0.69 0.298 0.688 0.298 0.688 0.299 0.687 0.299 0.684 0.298 0.684 0.298 0.682 0.296 0.68 0.294 0.68 0.293 0.68
3 0.533 0.677 0.532 0.678 0.531 0.678 0.528 0.68 0.528 0.681 0.527 0.682 0.527 0.684 0.528 0.685 0.528 0.686 0.53 0.688 0.532 0.688 0.533 0.688 0.532 0.689 0.53 0.689 0.529 0.69 0.528 0.69 0.525 0.692 0.525 0.693 0.524 0.694 0.524 0.696 0.525 0.697 0.525 0.698 0.527 0.699 0.529 0.699 0.531 0.701 0.531 0.703 0.532 0.704 0.532 0.705 0.53 0.707 0.53 0.708 0.529 0.709 0.529 0.711 0.53 0.712 0.53 0.712 0.532 0.714 0.534 0.714 0.535 0.715 0.538 0.715 0.539 0.714 0.541 0.714 0.543 0.712 0.543 0.712 0.544 0.711 0.544 0.709 0.543 0.708 0.543 0.706 0.545 0.705 0.545 0.704 0.546 0.703 0.548 0.705 0.548 0.705 0.55 0.707 0.552 0.707 0.553 0.708 0.555 0.708 0.556 0.707 0.558 0.707 0.56 0.705 0.56 0.705 0.561 0.704 0.561 0.702 0.56 0.701 0.56 0.699 0.558 0.698 0.556 0.698 0.555 0.697 0.553 0.697 0.552 0.698 0.551 0.698 0.548 0.7 0.548 0.701 0.547 0.702 0.545 0.7 0.545 0.698 0.543 0.697 0.541 0.697 0.539 0.695 0.539 0.694 0.538 0.693 0.538 0.691 0.535 0.69 0.533 0.69 0.532 0.689 0.533 0.688 0.535 0.688 0.536 0.688 0.539 0.688 0.541 0.686 0.541 0.685 0.542 0.684 0.542 0.682 0.541 0.681 0.541 0.68 0.539 0.678 0.536 0.678 0.535 0.677
3 0.771 0.676 0.77 0.677 0.769 0.677 0.766 0.679 0.766 0.68 0.765 0.68 0.765 0.683 0.766 0.684 0.766 0.684 0.768 0.686 0.77 0.686 0.771 0.687 0.773 0.687 0.774 0.686 0.776 0.686 0.778 0.684 0.778 0.684 0.779 0.683 0.779 0.68 0.778 0.68 0.778 0.678 0.776 0.677 0.774 0.677 0.773 0.676
3 0.738 0.667 0.736 0.668 0.735 0.668 0.732 0.67 0.732 0.671 0.731 0.672 0.731 0.674 0.732 0.675 0.732 0.676 0.734 0.677 0.736 0.677 0.738 0.678 0.74 0.678 0.741 0.677 0.743 0.677 0.745 0.676 0.745 0.675 0.746 0.674 0.746 0.672 0.745 0.671 0.745 0.67 0.743 0.668 0.741 0.668 0.74 0.667
3 0.15 0.667 0.149 0.668 0.148 0.668 0.145 0.67 0.145 0.671 0.144 0.672 0.144 0.674 0.145 0.675 0.145 0.676 0.147 0.677 0.149 0.677 0.15 0.678 0.152 0.678 0.153 0.677 0.155 0.677 0.157 0.676 0.157 0.675 0.158 0.674 0.158 0.672 0.157 0.671 0.157 0.67 0.155 0.668 0.153 0.668 0.152 0.667
3 0.665 0.666 0.664 0.667 0.662 0.667 0.659 0.67 0.659 0.67 0.658 0.671 0.658 0.673 0.659 0.674 0.659 0.675 0.661 0.677 0.664 0.677 0.665 0.677 0.667 0.677 0.668 0.677 0.67 0.677 0.672 0.675 0.672 0.674 0.673 0.673 0.673 0.671 0.672 0.67 0.672 0.669 0.67 0.667 0.668 0.667 0.667 0.666
3 0.446 0.666 0.445 0.666 0.444 0.666 0.441 0.669 0.441 0.67 0.44 0.67 0.44 0.673 0.441 0.673 0.441 0.674 0.443 0.676 0.445 0.676 0.446 0.677 0.445 0.677 0.443 0.677 0.442 0.678 0.441 0.678 0.438 0.68 0.438 0.681 0.436 0.682 0.436 0.684 0.438 0.685 0.438 0.686 0.44 0.688 0.442 0.688 0.443 0.688 0.445 0.688 0.446 0.688 0.448 0.688 0.45 0.686 0.45 0.685 0.451 0.684 0.451 0.682 0.45 0.681 0.45 0.68 0.448 0.678 0.446 0.678 0.445 0.677 0.446 0.677 0.448 0.677 0.449 0.676 0.451 0.676 0.453 0.674 0.453 0.673 0.454 0.673 0.454 0.67 0.453 0.67 0.453 0.668 0.451 0.666 0.449 0.666 0.448 0.666
3 0.324 0.662 0.323 0.662 0.322 0.662 0.319 0.665 0.319 0.666 0.318 0.666 0.318 0.669 0.319 0.67 0.319 0.67 0.321 0.672 0.323 0.672 0.324 0.673 0.326 0.673 0.327 0.672 0.329 0.672 0.331 0.67 0.331 0.67 0.332 0.669 0.332 0.666 0.331 0.666 0.331 0.664 0.329 0.662 0.327 0.662 0.326 0.662
3 0.399 0.654 0.398 0.655 0.397 0.655 0.394 0.657 0.394 0.658 0.393 0.659 0.393 0.661 0.394 0.662 0.394 0.662 0.397 0.665 0.395 0.666 0.395 0.667 0.394 0.668 0.394 0.67 0.395 0.671 0.395 0.672 0.397 0.673 0.399 0.673 0.4 0.674 0.402 0.674 0.403 0.673 0.405 0.673 0.407 0.672 0.407 0.671 0.408 0.67 0.408 0.668 0.407 0.667 0.407 0.666 0.405 0.664 0.405 0.663 0.406 0.662 0.406 0.662 0.407 0.661 0.407 0.659 0.406 0.658 0.406 0.656 0.404 0.655 0.402 0.655 0.401 0.654
3 0.531 0.653 0.53 0.654 0.529 0.654 0.526 0.656 0.526 0.657 0.525 0.658 0.525 0.66 0.526 0.661 0.526 0.662 0.528 0.663 0.53 0.663 0.531 0.664 0.533 0.664 0.534 0.663 0.536 0.663 0.539 0.662 0.539 0.661 0.54 0.66 0.54 0.658 0.539 0.657 0.539 0.655 0.536 0.654 0.534 0.654 0.533 0.653
3 0.446 0.648 0.445 0.648 0.444 0.648 0.441 0.651 0.441 0.652 0.44 0.652 0.44 0.655 0.441 0.655 0.441 0.656 0.443 0.658 0.445 0.658 0.446 0.659 0.448 0.659 0.449 0.658 0.451 0.658 0.453 0.656 0.453 0.655 0.454 0.655 0.454 0.652 0.453 0.652 0.453 0.65 0.451 0.648 0.449 0.648 0.448 0.648
3 0.551 0.643 0.55 0.644 0.549 0.644 0.546 0.646 0.546 0.647 0.545 0.648 0.545 0.65 0.546 0.651 0.546 0.652 0.548 0.653 0.55 0.653 0.551 0.654 0.553 0.654 0.554 0.653 0.556 0.653 0.558 0.652 0.558 0.651 0.559 0.65 0.559 0.648 0.558 0.647 0.558 0.645 0.556 0.644 0.554 0.644 0.553 0.643
3 0.57 0.642 0.569 0.643 0.568 0.643 0.565 0.645 0.565 0.646 0.564 0.647 0.564 0.649 0.565 0.65 0.565 0.651 0.567 0.652 0.569 0.652 0.57 0.653 0.572 0.653 0.573 0.652 0.575 0.652 0.577 0.651 0.577 0.65 0.578 0.649 0.578 0.647 0.577 0.646 0.577 0.645 0.575 0.643 0.573 0.643 0.572 0.642
3 0.417 0.641 0.416 0.641 0.415 0.641 0.411 0.644 0.411 0.645 0.41 0.645 0.41 0.648 0.411 0.648 0.411 0.649 0.414 0.651 0.416 0.651 0.417 0.652 0.419 0.652 0.42 0.651 0.422 0.651 0.424 0.649 0.424 0.648 0.425 0.648 0.425 0.645 0.424 0.645 0.424 0.643 0.422 0.641 0.42 0.641 0.419 0.641
3 0.477 0.637 0.476 0.638 0.475 0.638 0.472 0.64 0.472 0.641 0.471 0.641 0.471 0.644 0.472 0.645 0.472 0.645 0.474 0.647 0.476 0.647 0.477 0.648 0.479 0.648 0.48 0.647 0.482 0.647 0.484 0.645 0.484 0.645 0.485 0.644 0.485 0.641 0.484 0.641 0.484 0.639 0.482 0.638 0.48 0.638 0.479 0.637
3 0.372 0.627 0.371 0.627 0.37 0.627 0.367 0.63 0.367 0.63 0.366 0.631 0.366 0.634 0.367 0.634 0.367 0.635 0.369 0.637 0.371 0.637 0.372 0.638 0.374 0.638 0.375 0.637 0.377 0.637 0.379 0.635 0.379 0.634 0.38 0.634 0.38 0.631 0.379 0.63 0.379 0.629 0.377 0.627 0.375 0.627 0.374 0.627
3 0.655 0.625 0.654 0.626 0.653 0.626 0.65 0.628 0.65 0.629 0.649 0.63 0.649 0.632 0.65 0.633 0.65 0.634 0.652 0.635 0.654 0.635 0.655 0.636 0.657 0.636 0.658 0.635 0.66 0.635 0.662 0.634 0.662 0.633 0.664 0.632 0.664 0.63 0.662 0.629 0.662 0.627 0.66 0.626 0.658 0.626 0.657 0.625
3 0.219 0.614 0.218 0.615 0.217 0.615 0.214 0.617 0.214 0.618 0.212 0.619 0.212 0.621 0.214 0.622 0.214 0.623 0.216 0.624 0.218 0.624 0.219 0.625 0.221 0.625 0.222 0.624 0.224 0.624 0.226 0.623 0.226 0.622 0.227 0.621 0.227 0.619 0.226 0.618 0.226 0.616 0.224 0.615 0.222 0.615 0.221 0.614
3 0.819 0.613 0.818 0.614 0.817 0.614 0.814 0.616 0.814 0.617 0.812 0.618 0.812 0.62 0.814 0.621 0.814 0.622 0.816 0.623 0.818 0.623 0.819 0.624 0.821 0.624 0.822 0.623 0.824 0.623 0.826 0.622 0.826 0.621 0.827 0.62 0.827 0.618 0.826 0.617 0.826 0.616 0.824 0.614 0.822 0.614 0.821 0.613
3 0.542 0.611 0.541 0.612 0.54 0.612 0.536 0.614 0.536 0.615 0.535 0.616 0.535 0.618 0.536 0.619 0.536 0.62 0.539 0.621 0.541 0.621 0.542 0.622 0.544 0.622 0.545 0.623 0.542 0.625 0.542 0.626 0.541 0.627 0.541 0.629 0.542 0.63 0.542 0.63 0.544 0.632 0.546 0.632 0.547 0.633 0.549 0.633 0.55 0.632 0.552 0.632 0.554 0.63 0.554 0.63 0.556 0.628 0.558 0.628 0.56 0.63 0.559 0.63 0.559 0.633 0.56 0.634 0.56 0.634 0.562 0.636 0.565 0.636 0.566 0.637 0.568 0.637 0.569 0.636 0.571 0.636 0.573 0.634 0.573 0.634 0.574 0.633 0.574 0.63 0.573 0.63 0.573 0.628 0.571 0.627 0.569 0.627 0.568 0.626 0.568 0.623 0.567 0.622 0.567 0.62 0.565 0.619 0.562 0.619 0.561 0.618 0.559 0.618 0.558 0.619 0.557 0.619 0.554 0.621 0.554 0.622 0.553 0.623 0.55 0.623 0.549 0.622 0.548 0.622 0.547 0.621 0.549 0.62 0.549 0.619 0.55 0.618 0.55 0.616 0.549 0.615 0.549 0.613 0.547 0.612 0.545 0.612 0.544 0.611
3 0.459 0.609 0.458 0.609 0.457 0.609 0.454 0.612 0.454 0.612 0.453 0.613 0.453 0.614 0.452 0.615 0.45 0.615 0.449 0.614 0.447 0.614 0.446 0.615 0.445 0.615 0.442 0.617 0.442 0.618 0.441 0.619 0.441 0.621 0.442 0.622 0.442 0.623 0.444 0.624 0.446 0.624 0.447 0.625 0.449 0.625 0.45 0.624 0.452 0.624 0.454 0.623 0.454 0.622 0.455 0.621 0.455 0.62 0.456 0.619 0.458 0.619 0.459 0.62 0.461 0.62 0.462 0.619 0.465 0.619 0.467 0.617 0.467 0.616 0.468 0.616 0.468 0.613 0.467 0.612 0.467 0.611 0.465 0.609 0.462 0.609 0.461 0.609
3 0.396 0.608 0.395 0.609 0.394 0.609 0.391 0.611 0.391 0.612 0.39 0.612 0.39 0.615 0.391 0.616 0.391 0.616 0.393 0.618 0.395 0.618 0.396 0.619 0.398 0.619 0.399 0.618 0.401 0.618 0.403 0.616 0.403 0.616 0.404 0.615 0.404 0.612 0.403 0.612 0.403 0.61 0.401 0.609 0.399 0.609 0.398 0.608
3 0.554 0.6 0.553 0.601 0.552 0.601 0.549 0.603 0.549 0.604 0.548 0.605 0.548 0.607 0.549 0.608 0.549 0.609 0.551 0.61 0.553 0.61 0.554 0.611 0.556 0.611 0.557 0.61 0.559 0.61 0.561 0.609 0.561 0.608 0.562 0.607 0.562 0.605 0.561 0.604 0.561 0.602 0.559 0.601 0.557 0.601 0.556 0.6
3 0.527 0.598 0.526 0.598 0.525 0.598 0.522 0.601 0.522 0.602 0.521 0.602 0.521 0.605 0.522 0.605 0.522 0.606 0.524 0.608 0.526 0.608 0.527 0.609 0.529 0.609 0.53 0.608 0.532 0.608 0.534 0.606 0.534 0.605 0.535 0.605 0.535 0.602 0.534 0.602 0.534 0.6 0.532 0.598 0.53 0.598 0.529 0.598
3 0.451 0.598 0.45 0.598 0.449 0.598 0.446 0.601 0.446 0.602 0.445 0.602 0.445 0.605 0.446 0.605 0.446 0.606 0.448 0.608 0.45 0.608 0.451 0.609 0.453 0.609 0.454 0.608 0.456 0.608 0.458 0.606 0.458 0.605 0.459 0.605 0.459 0.602 0.458 0.602 0.458 0.6 0.456 0.598 0.454 0.598 0.453 0.598
3 0.327 0.597 0.326 0.598 0.325 0.598 0.322 0.6 0.322 0.601 0.321 0.602 0.321 0.604 0.322 0.605 0.322 0.605 0.324 0.607 0.326 0.607 0.327 0.608 0.329 0.608 0.33 0.607 0.332 0.607 0.334 0.605 0.334 0.605 0.335 0.604 0.335 0.602 0.334 0.601 0.334 0.599 0.332 0.598 0.33 0.598 0.329 0.597
3 0.357 0.594 0.356 0.595 0.355 0.595 0.352 0.597 0.352 0.598 0.351 0.598 0.351 0.601 0.352 0.602 0.352 0.602 0.354 0.604 0.356 0.604 0.357 0.605 0.359 0.605 0.36 0.604 0.362 0.604 0.365 0.602 0.365 0.602 0.366 0.601 0.366 0.598 0.365 0.598 0.365 0.596 0.362 0.595 0.36 0.595 0.359 0.594
3 0.286 0.594 0.285 0.595 0.284 0.595 0.281 0.597 0.281 0.598 0.28 0.598 0.28 0.601 0.281 0.602 0.281 0.602 0.283 0.604 0.285 0.604 0.286 0.605 0.289 0.605 0.29 0.604 0.292 0.604 0.294 0.602 0.294 0.602 0.295 0.601 0.295 0.598 0.294 0.598 0.294 0.596 0.292 0.595 0.29 0.595 0.289 0.594
3 0.596 0.592 0.595 0.593 0.594 0.593 0.591 0.595 0.591 0.596 0.59 0.597 0.59 0.599 0.591 0.6 0.591 0.601 0.593 0.602 0.595 0.602 0.596 0.603 0.598 0.603 0.599 0.602 0.601 0.602 0.603 0.601 0.603 0.6 0.604 0.599 0.604 0.597 0.603 0.596 0.603 0.595 0.601 0.593 0.599 0.593 0.598 0.592
3 0.373 0.592 0.372 0.593 0.371 0.593 0.369 0.595 0.369 0.595 0.368 0.596 0.368 0.598 0.369 0.598 0.369 0.599 0.371 0.601 0.372 0.601 0.373 0.602 0.375 0.602 0.376 0.601 0.377 0.601 0.379 0.599 0.379 0.598 0.38 0.598 0.38 0.596 0.379 0.595 0.379 0.595 0.377 0.593 0.376 0.593 0.375 0.592
3 0.439 0.59 0.438 0.591 0.436 0.591 0.434 0.592 0.434 0.593 0.433 0.594 0.433 0.595 0.434 0.596 0.434 0.597 0.436 0.598 0.438 0.598 0.439 0.599 0.441 0.599 0.442 0.598 0.443 0.598 0.445 0.597 0.445 0.596 0.446 0.595 0.446 0.594 0.445 0.593 0.445 0.592 0.443 0.591 0.442 0.591 0.441 0.59
3 0.423 0.582 0.422 0.583 0.421 0.583 0.418 0.585 0.418 0.586 0.417 0.587 0.417 0.589 0.418 0.59 0.418 0.591 0.42 0.592 0.422 0.592 0.423 0.593 0.425 0.593 0.426 0.592 0.428 0.592 0.43 0.591 0.43 0.59 0.431 0.589 0.431 0.587 0.43 0.586 0.43 0.584 0.428 0.583 0.426 0.583 0.425 0.582
3 0.494 0.58 0.493 0.581 0.492 0.581 0.489 0.584 0.489 0.584 0.488 0.585 0.488 0.588 0.489 0.588 0.489 0.589 0.491 0.591 0.493 0.591 0.494 0.591 0.496 0.591 0.497 0.591 0.498 0.591 0.498 0.593 0.499 0.594 0.499 0.595 0.501 0.596 0.503 0.596 0.504 0.597 0.506 0.597 0.507 0.596 0.509 0.596 0.511 0.595 0.511 0.594 0.512 0.593 0.512 0.591 0.511 0.59 0.511 0.588 0.509 0.587 0.507 0.587 0.506 0.586 0.504 0.586 0.503 0.587 0.502 0.586 0.502 0.585 0.501 0.584 0.501 0.583 0.499 0.581 0.497 0.581 0.496 0.58
3 0.278 0.58 0.277 0.58 0.276 0.58 0.273 0.583 0.273 0.584 0.272 0.584 0.272 0.587 0.273 0.588 0.273 0.588 0.275 0.59 0.277 0.59 0.278 0.591 0.28 0.591 0.281 0.59 0.283 0.59 0.285 0.588 0.285 0.588 0.286 0.587 0.286 0.584 0.285 0.584 0.285 0.582 0.283 0.58 0.281 0.58 0.28 0.58
3 0.523 0.578 0.522 0.579 0.521 0.579 0.518 0.581 0.518 0.582 0.517 0.583 0.517 0.585 0.518 0.586 0.518 0.587 0.52 0.588 0.522 0.588 0.523 0.589 0.525 0.589 0.526 0.588 0.528 0.588 0.53 0.587 0.53 0.586 0.531 0.585 0.531 0.583 0.53 0.582 0.53 0.58 0.528 0.579 0.526 0.579 0.525 0.578
3 0.39 0.574 0.389 0.575 0.388 0.575 0.384 0.577 0.384 0.578 0.383 0.579 0.383 0.581 0.384 0.582 0.384 0.583 0.386 0.584 0.389 0.584 0.39 0.585 0.392 0.585 0.393 0.584 0.395 0.584 0.397 0.583 0.397 0.582 0.398 0.581 0.398 0.579 0.397 0.578 0.397 0.577 0.395 0.575 0.393 0.575 0.392 0.574
3 0.684 0.573 0.683 0.573 0.682 0.573 0.679 0.576 0.679 0.577 0.678 0.577 0.678 0.58 0.679 0.58 0.679 0.581 0.681 0.583 0.683 0.583 0.684 0.584 0.686 0.584 0.688 0.583 0.69 0.583 0.692 0.581 0.692 0.58 0.693 0.58 0.693 0.577 0.692 0.577 0.692 0.575 0.69 0.573 0.688 0.573 0.686 0.573
3 0.432 0.571 0.431 0.572 0.43 0.572 0.427 0.574 0.427 0.575 0.426 0.576 0.426 0.578 0.427 0.579 0.427 0.58 0.429 0.581 0.431 0.581 0.432 0.582 0.434 0.582 0.435 0.581 0.438 0.581 0.44 0.58 0.44 0.579 0.441 0.578 0.441 0.576 0.44 0.575 0.44 0.573 0.438 0.572 0.435 0.572 0.434 0.571
3 0.365 0.567 0.364 0.568 0.362 0.568 0.359 0.57 0.359 0.571 0.358 0.572 0.358 0.574 0.359 0.575 0.359 0.576 0.361 0.577 0.364 0.577 0.365 0.578 0.362 0.58 0.362 0.58 0.361 0.581 0.361 0.584 0.362 0.584 0.362 0.585 0.365 0.587 0.367 0.587 0.368 0.588 0.37 0.588 0.371 0.587 0.373 0.587 0.375 0.585 0.375 0.584 0.376 0.584 0.376 0.581 0.375 0.58 0.375 0.579 0.373 0.577 0.372 0.577 0.371 0.577 0.372 0.576 0.372 0.575 0.373 0.574 0.373 0.572 0.372 0.571 0.372 0.57 0.37 0.568 0.368 0.568 0.367 0.567
3 0.483 0.566 0.482 0.567 0.481 0.567 0.479 0.569 0.479 0.57 0.478 0.57 0.478 0.572 0.479 0.573 0.479 0.573 0.481 0.575 0.482 0.575 0.483 0.576 0.485 0.576 0.486 0.575 0.488 0.575 0.49 0.573 0.49 0.573 0.491 0.572 0.491 0.57 0.49 0.57 0.49 0.569 0.488 0.567 0.486 0.567 0.485 0.566
3 0.779 0.563 0.778 0.564 0.777 0.564 0.774 0.566 0.774 0.567 0.773 0.568 0.773 0.57 0.774 0.571 0.774 0.572 0.776 0.573 0.778 0.573 0.779 0.574 0.781 0.574 0.782 0.573 0.784 0.573 0.786 0.572 0.786 0.571 0.788 0.57 0.788 0.568 0.786 0.567 0.786 0.566 0.784 0.564 0.782 0.564 0.781 0.563
3 0.847 0.56 0.846 0.561 0.845 0.561 0.842 0.563 0.842 0.564 0.841 0.565 0.841 0.567 0.842 0.568 0.842 0.569 0.844 0.57 0.846 0.57 0.847 0.571 0.849 0.571 0.85 0.57 0.852 0.57 0.853 0.571 0.852 0.572 0.852 0.574 0.853 0.575 0.853 0.576 0.855 0.577 0.857 0.577 0.858 0.578 0.86 0.578 0.861 0.577 0.864 0.577 0.866 0.576 0.866 0.575 0.867 0.574 0.867 0.572 0.866 0.571 0.866 0.57 0.864 0.568 0.861 0.568 0.86 0.567 0.858 0.567 0.857 0.568 0.856 0.568 0.855 0.567 0.855 0.565 0.854 0.564 0.854 0.562 0.852 0.561 0.85 0.561 0.849 0.56
3 0.23 0.56 0.229 0.561 0.228 0.561 0.225 0.563 0.225 0.564 0.224 0.565 0.224 0.567 0.225 0.568 0.225 0.569 0.227 0.57 0.229 0.57 0.23 0.571 0.232 0.571 0.233 0.57 0.235 0.57 0.238 0.569 0.238 0.568 0.239 0.567 0.239 0.565 0.238 0.564 0.238 0.562 0.235 0.561 0.233 0.561 0.232 0.56
3 0.656 0.559 0.655 0.56 0.654 0.56 0.651 0.562 0.651 0.563 0.65 0.564 0.65 0.566 0.651 0.567 0.651 0.568 0.653 0.57 0.655 0.57 0.657 0.571 0.656 0.572 0.655 0.572 0.652 0.574 0.652 0.575 0.651 0.576 0.651 0.578 0.652 0.579 0.652 0.58 0.654 0.581 0.656 0.581 0.657 0.582 0.659 0.582 0.66 0.581 0.662 0.581 0.665 0.58 0.665 0.579 0.666 0.578 0.666 0.576 0.665 0.575 0.665 0.573 0.662 0.572 0.66 0.572 0.658 0.57 0.659 0.57 0.661 0.57 0.664 0.568 0.664 0.567 0.665 0.566 0.665 0.564 0.664 0.563 0.664 0.562 0.661 0.56 0.659 0.56 0.658 0.559
3 0.509 0.559 0.508 0.56 0.507 0.56 0.504 0.562 0.504 0.563 0.503 0.564 0.503 0.566 0.504 0.567 0.504 0.568 0.506 0.57 0.508 0.57 0.509 0.57 0.511 0.57 0.512 0.57 0.515 0.57 0.517 0.568 0.517 0.567 0.518 0.566 0.518 0.564 0.517 0.563 0.517 0.562 0.515 0.56 0.512 0.56 0.511 0.559
3 0.45 0.559 0.449 0.56 0.448 0.56 0.445 0.562 0.445 0.563 0.444 0.564 0.444 0.566 0.445 0.567 0.445 0.568 0.447 0.57 0.445 0.571 0.445 0.572 0.444 0.573 0.444 0.575 0.445 0.576 0.445 0.577 0.447 0.578 0.449 0.578 0.45 0.579 0.452 0.579 0.453 0.578 0.455 0.578 0.457 0.577 0.457 0.576 0.458 0.575 0.458 0.573 0.457 0.572 0.457 0.57 0.456 0.57 0.456 0.569 0.457 0.568 0.457 0.567 0.458 0.566 0.458 0.564 0.457 0.563 0.457 0.562 0.455 0.56 0.453 0.56 0.452 0.559
3 0.379 0.556 0.378 0.557 0.377 0.557 0.374 0.559 0.374 0.56 0.373 0.561 0.373 0.563 0.374 0.564 0.374 0.565 0.376 0.566 0.378 0.566 0.379 0.567 0.381 0.567 0.382 0.566 0.384 0.566 0.386 0.565 0.386 0.564 0.388 0.563 0.388 0.561 0.386 0.56 0.386 0.559 0.384 0.557 0.382 0.557 0.381 0.556
3 0.711 0.555 0.71 0.556 0.709 0.556 0.706 0.559 0.706 0.559 0.705 0.56 0.705 0.562 0.706 0.563 0.706 0.564 0.708 0.566 0.71 0.566 0.711 0.566 0.714 0.566 0.715 0.566 0.717 0.566 0.719 0.564 0.719 0.563 0.72 0.562 0.72 0.56 0.719 0.559 0.719 0.558 0.717 0.556 0.715 0.556 0.714 0.555
3 0.292 0.552 0.291 0.553 0.29 0.553 0.286 0.555 0.286 0.556 0.285 0.557 0.285 0.559 0.286 0.56 0.285 0.561 0.284 0.561 0.283 0.562 0.282 0.562 0.279 0.564 0.279 0.565 0.278 0.566 0.278 0.568 0.279 0.569 0.279 0.57 0.281 0.571 0.283 0.571 0.284 0.572 0.286 0.572 0.288 0.571 0.29 0.571 0.292 0.57 0.292 0.569 0.293 0.568 0.293 0.566 0.292 0.565 0.292 0.564 0.293 0.563 0.294 0.563 0.295 0.562 0.297 0.562 0.299 0.561 0.299 0.56 0.3 0.559 0.3 0.557 0.299 0.556 0.299 0.555 0.297 0.553 0.295 0.553 0.294 0.552
3 0.164 0.552 0.162 0.552 0.161 0.552 0.158 0.555 0.158 0.555 0.157 0.556 0.157 0.559 0.158 0.559 0.158 0.56 0.16 0.562 0.162 0.562 0.164 0.562 0.166 0.562 0.167 0.562 0.169 0.562 0.171 0.56 0.171 0.559 0.172 0.559 0.172 0.556 0.171 0.555 0.171 0.554 0.169 0.552 0.167 0.552 0.166 0.552
3 0.471 0.55 0.47 0.551 0.469 0.551 0.466 0.553 0.466 0.554 0.465 0.555 0.465 0.557 0.466 0.558 0.466 0.559 0.468 0.56 0.47 0.56 0.471 0.561 0.473 0.561 0.474 0.56 0.476 0.56 0.478 0.559 0.478 0.558 0.479 0.557 0.479 0.555 0.478 0.554 0.478 0.552 0.476 0.551 0.474 0.551 0.473 0.55
3 0.367 0.548 0.366 0.549 0.365 0.549 0.361 0.552 0.361 0.552 0.36 0.553 0.36 0.555 0.361 0.556 0.361 0.557 0.364 0.559 0.366 0.559 0.367 0.559 0.369 0.559 0.37 0.559 0.372 0.559 0.374 0.557 0.374 0.556 0.375 0.555 0.375 0.553 0.374 0.552 0.374 0.551 0.372 0.549 0.37 0.549 0.369 0.548
3 0.26 0.548 0.259 0.548 0.258 0.548 0.255 0.551 0.255 0.552 0.254 0.552 0.254 0.555 0.255 0.555 0.255 0.556 0.257 0.558 0.259 0.558 0.26 0.559 0.262 0.559 0.264 0.558 0.266 0.558 0.268 0.556 0.268 0.555 0.269 0.555 0.269 0.552 0.268 0.552 0.268 0.55 0.266 0.548 0.264 0.548 0.262 0.548
3 0.805 0.547 0.804 0.548 0.803 0.548 0.8 0.55 0.8 0.551 0.799 0.552 0.799 0.554 0.8 0.555 0.8 0.555 0.802 0.557 0.804 0.557 0.805 0.558 0.807 0.558 0.808 0.557 0.81 0.557 0.812 0.555 0.812 0.555 0.814 0.554 0.814 0.552 0.812 0.551 0.812 0.549 0.81 0.548 0.808 0.548 0.807 0.547
3 0.561 0.546 0.56 0.547 0.559 0.547 0.557 0.548 0.557 0.549 0.556 0.55 0.556 0.552 0.557 0.552 0.557 0.553 0.559 0.555 0.56 0.555 0.561 0.555 0.564 0.555 0.565 0.555 0.566 0.555 0.568 0.553 0.568 0.552 0.569 0.552 0.569 0.55 0.568 0.549 0.568 0.548 0.566 0.547 0.565 0.547 0.564 0.546
3 0.315 0.544 0.314 0.545 0.312 0.545 0.309 0.547 0.309 0.548 0.308 0.548 0.308 0.551 0.309 0.552 0.309 0.552 0.311 0.554 0.314 0.554 0.315 0.555 0.315 0.555 0.316 0.556 0.316 0.557 0.318 0.559 0.32 0.559 0.321 0.559 0.323 0.559 0.324 0.559 0.326 0.559 0.328 0.557 0.328 0.556 0.329 0.555 0.329 0.553 0.328 0.552 0.328 0.551 0.326 0.549 0.324 0.549 0.322 0.548 0.322 0.546 0.32 0.545 0.318 0.545 0.317 0.544
3 0.546 0.542 0.545 0.543 0.544 0.543 0.542 0.545 0.542 0.545 0.541 0.546 0.541 0.548 0.542 0.548 0.542 0.549 0.544 0.551 0.545 0.551 0.546 0.552 0.548 0.552 0.549 0.551 0.55 0.551 0.552 0.549 0.552 0.548 0.553 0.548 0.553 0.546 0.552 0.545 0.552 0.545 0.55 0.543 0.549 0.543 0.548 0.542
3 0.715 0.541 0.714 0.541 0.712 0.541 0.709 0.544 0.709 0.545 0.708 0.545 0.708 0.547 0.707 0.548 0.706 0.547 0.706 0.545 0.704 0.544 0.702 0.544 0.701 0.543 0.699 0.543 0.698 0.544 0.697 0.544 0.694 0.546 0.694 0.547 0.693 0.548 0.69 0.545 0.688 0.545 0.686 0.545 0.684 0.545 0.683 0.545 0.682 0.545 0.679 0.548 0.679 0.548 0.678 0.549 0.678 0.552 0.679 0.552 0.679 0.553 0.681 0.555 0.683 0.555 0.684 0.555 0.686 0.555 0.688 0.555 0.69 0.555 0.692 0.553 0.692 0.552 0.693 0.552 0.694 0.552 0.696 0.553 0.698 0.553 0.699 0.554 0.701 0.554 0.702 0.553 0.704 0.553 0.706 0.552 0.706 0.551 0.707 0.55 0.707 0.548 0.708 0.548 0.709 0.548 0.709 0.549 0.711 0.551 0.714 0.551 0.715 0.552 0.717 0.552 0.718 0.551 0.72 0.551 0.722 0.549 0.722 0.548 0.723 0.548 0.723 0.545 0.722 0.545 0.722 0.543 0.72 0.541 0.718 0.541 0.717 0.541
3 0.514 0.541 0.512 0.541 0.511 0.541 0.509 0.543 0.509 0.544 0.508 0.545 0.508 0.546 0.509 0.547 0.509 0.548 0.511 0.549 0.512 0.549 0.514 0.55 0.514 0.552 0.512 0.552 0.512 0.554 0.514 0.555 0.514 0.555 0.516 0.557 0.517 0.557 0.518 0.558 0.52 0.558 0.521 0.557 0.522 0.557 0.524 0.555 0.524 0.555 0.525 0.554 0.525 0.552 0.524 0.552 0.524 0.551 0.522 0.549 0.521 0.549 0.52 0.548 0.52 0.547 0.521 0.546 0.521 0.545 0.52 0.544 0.52 0.543 0.518 0.541 0.517 0.541 0.516 0.541
3 0.75 0.539 0.749 0.54 0.748 0.54 0.745 0.542 0.745 0.543 0.744 0.544 0.744 0.546 0.745 0.547 0.745 0.548 0.747 0.549 0.749 0.549 0.75 0.55 0.752 0.55 0.753 0.549 0.755 0.549 0.757 0.548 0.757 0.547 0.758 0.546 0.758 0.544 0.757 0.543 0.757 0.541 0.755 0.54 0.753 0.54 0.752 0.539
3 0.481 0.534 0.48 0.535 0.479 0.535 0.477 0.537 0.477 0.538 0.475 0.539 0.474 0.538 0.473 0.538 0.472 0.538 0.47 0.538 0.469 0.538 0.468 0.538 0.466 0.54 0.466 0.541 0.465 0.541 0.465 0.543 0.466 0.544 0.466 0.545 0.468 0.546 0.469 0.546 0.47 0.547 0.472 0.547 0.473 0.546 0.474 0.546 0.476 0.545 0.476 0.544 0.478 0.542 0.479 0.543 0.48 0.543 0.481 0.544 0.483 0.544 0.484 0.543 0.485 0.543 0.488 0.541 0.488 0.541 0.489 0.54 0.489 0.538 0.488 0.538 0.488 0.537 0.485 0.535 0.484 0.535 0.483 0.534
3 0.595 0.529 0.594 0.53 0.593 0.53 0.591 0.531 0.591 0.532 0.59 0.533 0.589 0.532 0.586 0.532 0.585 0.533 0.584 0.533 0.582 0.534 0.582 0.535 0.581 0.536 0.581 0.538 0.582 0.538 0.582 0.539 0.584 0.541 0.585 0.541 0.586 0.541 0.589 0.541 0.59 0.541 0.591 0.541 0.593 0.539 0.593 0.538 0.594 0.538 0.595 0.538 0.597 0.538 0.598 0.538 0.599 0.538 0.601 0.536 0.601 0.535 0.602 0.534 0.602 0.533 0.601 0.532 0.601 0.531 0.599 0.53 0.598 0.53 0.597 0.529
3 0.902 0.528 0.901 0.529 0.9 0.529 0.898 0.53 0.895 0.53 0.894 0.53 0.892 0.53 0.891 0.53 0.89 0.53 0.886 0.533 0.886 0.534 0.885 0.534 0.885 0.537 0.886 0.538 0.886 0.538 0.889 0.54 0.891 0.54 0.892 0.541 0.894 0.541 0.895 0.54 0.897 0.54 0.899 0.538 0.901 0.538 0.902 0.539 0.904 0.539 0.905 0.538 0.907 0.538 0.909 0.537 0.909 0.536 0.91 0.535 0.91 0.533 0.909 0.532 0.909 0.53 0.907 0.529 0.905 0.529 0.904 0.528
3 0.57 0.528 0.569 0.529 0.568 0.529 0.566 0.53 0.566 0.531 0.565 0.532 0.565 0.534 0.566 0.534 0.566 0.535 0.568 0.537 0.569 0.537 0.57 0.538 0.572 0.538 0.573 0.537 0.574 0.537 0.576 0.535 0.576 0.534 0.577 0.534 0.577 0.532 0.576 0.531 0.576 0.53 0.574 0.529 0.573 0.529 0.572 0.528
3 0.436 0.528 0.435 0.529 0.434 0.529 0.432 0.53 0.432 0.531 0.431 0.532 0.431 0.534 0.432 0.534 0.432 0.535 0.434 0.537 0.435 0.537 0.436 0.538 0.439 0.538 0.44 0.537 0.441 0.537 0.443 0.535 0.443 0.534 0.444 0.534 0.445 0.534 0.446 0.534 0.446 0.535 0.448 0.537 0.449 0.537 0.45 0.538 0.452 0.538 0.453 0.537 0.454 0.537 0.456 0.535 0.456 0.534 0.457 0.534 0.457 0.532 0.456 0.531 0.456 0.53 0.454 0.529 0.453 0.529 0.452 0.528 0.45 0.528 0.449 0.529 0.448 0.529 0.446 0.53 0.446 0.531 0.445 0.532 0.444 0.532 0.443 0.531 0.443 0.53 0.441 0.529 0.44 0.529 0.439 0.528
3 0.667 0.527 0.666 0.527 0.665 0.527 0.662 0.529 0.662 0.53 0.661 0.53 0.661 0.532 0.662 0.533 0.662 0.534 0.665 0.535 0.666 0.535 0.667 0.536 0.669 0.536 0.67 0.535 0.671 0.535 0.673 0.534 0.673 0.533 0.674 0.532 0.674 0.53 0.673 0.53 0.673 0.529 0.671 0.527 0.67 0.527 0.669 0.527
3 0.926 0.524 0.925 0.525 0.924 0.525 0.921 0.527 0.921 0.528 0.92 0.529 0.92 0.531 0.921 0.532 0.921 0.533 0.923 0.534 0.925 0.534 0.926 0.535 0.928 0.535 0.929 0.534 0.931 0.534 0.933 0.533 0.933 0.532 0.934 0.531 0.934 0.529 0.933 0.528 0.933 0.527 0.931 0.525 0.929 0.525 0.928 0.524
3 0.468 0.524 0.467 0.525 0.466 0.525 0.464 0.527 0.464 0.527 0.462 0.528 0.462 0.53 0.464 0.53 0.464 0.531 0.466 0.533 0.467 0.533 0.468 0.534 0.47 0.534 0.471 0.533 0.472 0.533 0.474 0.531 0.474 0.53 0.475 0.53 0.475 0.528 0.474 0.527 0.474 0.527 0.472 0.525 0.471 0.525 0.47 0.524
3 0.391 0.521 0.39 0.522 0.389 0.522 0.385 0.524 0.385 0.525 0.384 0.526 0.384 0.528 0.385 0.529 0.385 0.53 0.388 0.531 0.39 0.531 0.391 0.532 0.393 0.532 0.394 0.531 0.396 0.531 0.398 0.53 0.398 0.529 0.399 0.528 0.399 0.526 0.398 0.525 0.398 0.523 0.396 0.522 0.394 0.522 0.393 0.521
3 0.362 0.521 0.361 0.522 0.36 0.522 0.357 0.524 0.357 0.525 0.356 0.526 0.356 0.528 0.357 0.529 0.357 0.53 0.359 0.531 0.361 0.531 0.362 0.532 0.365 0.532 0.366 0.531 0.368 0.531 0.37 0.53 0.37 0.529 0.371 0.528 0.371 0.526 0.37 0.525 0.37 0.523 0.368 0.522 0.366 0.522 0.365 0.521
3 0.553 0.518 0.552 0.519 0.551 0.519 0.549 0.52 0.549 0.521 0.548 0.522 0.548 0.523 0.549 0.524 0.549 0.525 0.551 0.527 0.552 0.527 0.553 0.527 0.555 0.527 0.556 0.527 0.557 0.527 0.559 0.525 0.559 0.524 0.56 0.523 0.56 0.522 0.559 0.521 0.559 0.52 0.557 0.519 0.556 0.519 0.555 0.518
3 0.645 0.517 0.644 0.518 0.643 0.518 0.641 0.52 0.641 0.52 0.64 0.521 0.64 0.523 0.641 0.523 0.641 0.524 0.643 0.526 0.644 0.526 0.645 0.527 0.644 0.527 0.643 0.527 0.642 0.528 0.641 0.528 0.639 0.53 0.639 0.53 0.638 0.531 0.636 0.531 0.635 0.53 0.635 0.53 0.633 0.528 0.632 0.528 0.631 0.527 0.629 0.527 0.628 0.528 0.627 0.528 0.625 0.53 0.625 0.53 0.624 0.531 0.624 0.533 0.625 0.534 0.625 0.534 0.627 0.536 0.628 0.536 0.629 0.537 0.631 0.537 0.632 0.536 0.633 0.536 0.635 0.534 0.635 0.534 0.636 0.533 0.638 0.533 0.639 0.534 0.639 0.534 0.641 0.536 0.642 0.536 0.643 0.537 0.645 0.537 0.646 0.536 0.647 0.536 0.649 0.534 0.649 0.534 0.65 0.533 0.65 0.531 0.649 0.53 0.649 0.53 0.647 0.528 0.646 0.528 0.645 0.527 0.646 0.527 0.647 0.527 0.648 0.526 0.649 0.526 0.651 0.524 0.651 0.523 0.652 0.523 0.652 0.521 0.651 0.52 0.651 0.52 0.649 0.518 0.648 0.518 0.647 0.517
3 0.417 0.515 0.416 0.516 0.415 0.516 0.412 0.517 0.412 0.518 0.411 0.519 0.411 0.52 0.412 0.521 0.412 0.522 0.415 0.523 0.416 0.523 0.417 0.524 0.419 0.524 0.42 0.523 0.421 0.523 0.423 0.522 0.423 0.521 0.424 0.52 0.424 0.519 0.423 0.518 0.423 0.517 0.421 0.516 0.42 0.516 0.419 0.515
3 0.174 0.512 0.173 0.513 0.172 0.513 0.17 0.515 0.17 0.516 0.169 0.516 0.169 0.518 0.17 0.519 0.17 0.52 0.172 0.521 0.173 0.521 0.174 0.522 0.176 0.522 0.177 0.521 0.178 0.521 0.18 0.52 0.18 0.519 0.181 0.518 0.181 0.516 0.18 0.516 0.18 0.515 0.178 0.513 0.177 0.513 0.176 0.512
3 0.539 0.512 0.538 0.512 0.536 0.512 0.533 0.515 0.533 0.516 0.532 0.516 0.532 0.519 0.533 0.52 0.533 0.52 0.535 0.522 0.538 0.522 0.539 0.523 0.541 0.523 0.542 0.522 0.544 0.522 0.546 0.52 0.546 0.52 0.547 0.519 0.547 0.516 0.546 0.516 0.546 0.514 0.544 0.512 0.542 0.512 0.541 0.512
3 0.689 0.511 0.688 0.512 0.686 0.512 0.684 0.513 0.684 0.514 0.683 0.515 0.683 0.516 0.684 0.517 0.684 0.518 0.686 0.52 0.688 0.52 0.689 0.52 0.691 0.52 0.692 0.52 0.693 0.52 0.695 0.518 0.695 0.517 0.696 0.516 0.696 0.515 0.695 0.514 0.695 0.513 0.693 0.512 0.692 0.512 0.691 0.511
3 0.8 0.51 0.799 0.511 0.798 0.511 0.795 0.513 0.795 0.514 0.794 0.515 0.794 0.517 0.795 0.518 0.795 0.519 0.797 0.52 0.799 0.52 0.8 0.521 0.802 0.521 0.803 0.52 0.805 0.52 0.807 0.519 0.807 0.518 0.808 0.517 0.808 0.515 0.807 0.514 0.807 0.512 0.805 0.511 0.803 0.511 0.802 0.51
3 0.366 0.509 0.365 0.51 0.364 0.51 0.361 0.512 0.361 0.512 0.36 0.513 0.36 0.515 0.361 0.516 0.361 0.516 0.364 0.518 0.365 0.518 0.366 0.519 0.368 0.519 0.369 0.518 0.37 0.518 0.372 0.516 0.372 0.516 0.373 0.515 0.373 0.513 0.372 0.512 0.372 0.512 0.37 0.51 0.369 0.51 0.368 0.509
3 0.496 0.509 0.495 0.509 0.494 0.509 0.492 0.511 0.492 0.512 0.491 0.512 0.491 0.514 0.492 0.515 0.492 0.516 0.494 0.517 0.495 0.517 0.496 0.518 0.498 0.518 0.499 0.517 0.5 0.517 0.502 0.516 0.502 0.515 0.503 0.514 0.503 0.512 0.502 0.512 0.502 0.511 0.5 0.509 0.499 0.509 0.498 0.509
3 0.386 0.506 0.385 0.507 0.384 0.507 0.382 0.509 0.382 0.509 0.381 0.51 0.381 0.512 0.382 0.512 0.382 0.513 0.384 0.515 0.385 0.515 0.386 0.516 0.389 0.516 0.39 0.515 0.391 0.515 0.393 0.513 0.393 0.512 0.394 0.512 0.394 0.51 0.393 0.509 0.393 0.509 0.391 0.507 0.39 0.507 0.389 0.506
3 0.512 0.504 0.511 0.505 0.51 0.505 0.508 0.506 0.508 0.507 0.507 0.508 0.507 0.509 0.508 0.51 0.508 0.511 0.51 0.512 0.511 0.512 0.512 0.513 0.515 0.513 0.516 0.512 0.517 0.512 0.519 0.511 0.519 0.51 0.52 0.509 0.52 0.508 0.519 0.507 0.519 0.506 0.517 0.505 0.516 0.505 0.515 0.504
3 0.471 0.504 0.47 0.505 0.469 0.505 0.467 0.506 0.467 0.507 0.466 0.508 0.466 0.509 0.467 0.51 0.467 0.511 0.469 0.512 0.47 0.512 0.471 0.513 0.468 0.516 0.468 0.516 0.467 0.517 0.467 0.519 0.468 0.52 0.468 0.52 0.47 0.522 0.471 0.522 0.472 0.523 0.474 0.523 0.475 0.522 0.476 0.522 0.479 0.52 0.48 0.52 0.481 0.519 0.482 0.519 0.484 0.517 0.484 0.516 0.485 0.516 0.485 0.514 0.484 0.513 0.484 0.512 0.482 0.511 0.481 0.511 0.48 0.51 0.479 0.51 0.478 0.509 0.478 0.508 0.477 0.507 0.477 0.506 0.475 0.505 0.474 0.505 0.473 0.504
3 0.49 0.498 0.489 0.498 0.488 0.498 0.485 0.5 0.485 0.501 0.484 0.502 0.484 0.503 0.485 0.504 0.485 0.505 0.488 0.506 0.489 0.506 0.49 0.507 0.492 0.507 0.493 0.506 0.494 0.506 0.496 0.505 0.496 0.504 0.497 0.503 0.497 0.502 0.496 0.501 0.496 0.5 0.494 0.498 0.493 0.498 0.492 0.498
3 0.426 0.498 0.425 0.498 0.424 0.498 0.421 0.501 0.421 0.502 0.42 0.502 0.42 0.505 0.421 0.505 0.421 0.506 0.423 0.508 0.425 0.508 0.426 0.509 0.428 0.509 0.429 0.508 0.431 0.508 0.433 0.506 0.433 0.505 0.434 0.505 0.434 0.502 0.433 0.502 0.433 0.5 0.431 0.498 0.429 0.498 0.428 0.498
3 0.753 0.497 0.752 0.498 0.751 0.498 0.748 0.5 0.748 0.501 0.747 0.502 0.747 0.504 0.748 0.505 0.748 0.505 0.75 0.507 0.752 0.507 0.753 0.508 0.755 0.508 0.756 0.507 0.758 0.507 0.76 0.505 0.76 0.505 0.761 0.504 0.761 0.502 0.76 0.501 0.76 0.499 0.758 0.498 0.756 0.498 0.755 0.497
3 0.775 0.496 0.774 0.497 0.773 0.497 0.77 0.499 0.77 0.5 0.769 0.501 0.769 0.503 0.77 0.504 0.77 0.505 0.772 0.506 0.774 0.506 0.775 0.507 0.777 0.507 0.778 0.506 0.78 0.506 0.782 0.505 0.782 0.504 0.783 0.503 0.783 0.501 0.782 0.5 0.782 0.498 0.78 0.497 0.778 0.497 0.777 0.496
3 0.158 0.496 0.157 0.497 0.156 0.497 0.154 0.498 0.154 0.499 0.153 0.5 0.153 0.502 0.154 0.502 0.154 0.503 0.156 0.505 0.157 0.505 0.158 0.505 0.16 0.505 0.161 0.505 0.162 0.505 0.165 0.503 0.165 0.502 0.166 0.502 0.166 0.5 0.165 0.499 0.165 0.498 0.162 0.497 0.161 0.497 0.16 0.496
3 0.614 0.495 0.612 0.496 0.611 0.496 0.608 0.498 0.608 0.499 0.607 0.5 0.607 0.502 0.608 0.503 0.608 0.504 0.61 0.505 0.612 0.505 0.614 0.506 0.616 0.506 0.617 0.505 0.619 0.505 0.621 0.504 0.621 0.503 0.622 0.502 0.622 0.5 0.621 0.499 0.621 0.498 0.619 0.496 0.617 0.496 0.616 0.495
3 0.226 0.492 0.225 0.493 0.224 0.493 0.221 0.495 0.221 0.496 0.22 0.497 0.22 0.499 0.221 0.5 0.221 0.501 0.223 0.502 0.225 0.502 0.226 0.503 0.228 0.503 0.229 0.502 0.231 0.502 0.233 0.501 0.233 0.5 0.234 0.499 0.234 0.497 0.233 0.496 0.233 0.495 0.231 0.493 0.229 0.493 0.228 0.492
3 0.173 0.49 0.172 0.491 0.171 0.491 0.169 0.492 0.169 0.493 0.168 0.494 0.168 0.495 0.169 0.496 0.169 0.497 0.171 0.498 0.172 0.498 0.173 0.499 0.175 0.499 0.176 0.498 0.177 0.498 0.179 0.497 0.179 0.496 0.18 0.495 0.18 0.494 0.179 0.493 0.179 0.492 0.177 0.491 0.176 0.491 0.175 0.49
3 0.673 0.485 0.672 0.486 0.671 0.486 0.668 0.488 0.668 0.489 0.667 0.49 0.667 0.492 0.668 0.493 0.668 0.494 0.67 0.495 0.672 0.495 0.673 0.496 0.675 0.496 0.676 0.495 0.678 0.495 0.68 0.494 0.68 0.493 0.681 0.492 0.681 0.49 0.68 0.489 0.68 0.488 0.678 0.486 0.676 0.486 0.675 0.485
3 0.578 0.485 0.577 0.486 0.576 0.486 0.573 0.488 0.573 0.489 0.572 0.49 0.572 0.492 0.573 0.493 0.573 0.494 0.575 0.495 0.577 0.495 0.578 0.496 0.58 0.496 0.581 0.495 0.583 0.495 0.585 0.494 0.585 0.493 0.586 0.492 0.586 0.49 0.585 0.489 0.585 0.488 0.583 0.486 0.581 0.486 0.58 0.485
3 0.266 0.484 0.265 0.485 0.264 0.485 0.26 0.488 0.26 0.488 0.259 0.489 0.259 0.491 0.26 0.492 0.26 0.493 0.262 0.495 0.265 0.495 0.266 0.495 0.268 0.495 0.269 0.495 0.271 0.495 0.273 0.493 0.273 0.492 0.274 0.491 0.274 0.489 0.273 0.488 0.273 0.487 0.271 0.485 0.269 0.485 0.268 0.484
3 0.428 0.484 0.427 0.484 0.426 0.484 0.423 0.487 0.423 0.488 0.422 0.488 0.422 0.491 0.421 0.491 0.419 0.49 0.417 0.49 0.416 0.489 0.414 0.489 0.412 0.49 0.411 0.49 0.408 0.492 0.408 0.493 0.407 0.494 0.407 0.496 0.408 0.497 0.408 0.498 0.41 0.499 0.412 0.499 0.414 0.5 0.416 0.5 0.417 0.499 0.419 0.499 0.421 0.498 0.421 0.497 0.422 0.496 0.422 0.494 0.421 0.493 0.421 0.491 0.422 0.491 0.423 0.491 0.423 0.492 0.425 0.494 0.427 0.494 0.428 0.495 0.43 0.495 0.431 0.494 0.433 0.494 0.435 0.492 0.435 0.491 0.436 0.491 0.436 0.488 0.435 0.488 0.435 0.486 0.433 0.484 0.431 0.484 0.43 0.484
3 0.519 0.48 0.518 0.481 0.517 0.481 0.515 0.483 0.515 0.484 0.514 0.484 0.514 0.486 0.515 0.487 0.515 0.488 0.517 0.489 0.518 0.489 0.519 0.49 0.521 0.49 0.522 0.489 0.523 0.489 0.525 0.488 0.525 0.487 0.526 0.486 0.526 0.484 0.525 0.484 0.525 0.483 0.523 0.481 0.522 0.481 0.521 0.48
3 0.536 0.479 0.535 0.48 0.534 0.48 0.531 0.482 0.531 0.483 0.53 0.484 0.53 0.486 0.531 0.487 0.531 0.488 0.533 0.489 0.535 0.489 0.538 0.491 0.536 0.491 0.535 0.491 0.532 0.494 0.532 0.495 0.531 0.495 0.531 0.498 0.532 0.498 0.532 0.499 0.534 0.501 0.536 0.501 0.538 0.502 0.54 0.502 0.541 0.501 0.543 0.501 0.545 0.499 0.545 0.498 0.546 0.498 0.546 0.495 0.545 0.495 0.545 0.493 0.543 0.491 0.541 0.491 0.539 0.49 0.54 0.489 0.542 0.489 0.544 0.488 0.544 0.487 0.545 0.486 0.545 0.484 0.544 0.483 0.544 0.481 0.542 0.48 0.54 0.48 0.539 0.479
3 0.246 0.478 0.245 0.479 0.244 0.479 0.241 0.481 0.241 0.482 0.24 0.483 0.24 0.485 0.241 0.486 0.241 0.487 0.243 0.488 0.245 0.488 0.246 0.489 0.248 0.489 0.249 0.488 0.251 0.488 0.253 0.487 0.253 0.486 0.254 0.485 0.254 0.483 0.253 0.482 0.253 0.48 0.251 0.479 0.249 0.479 0.248 0.478
3 0.658 0.477 0.657 0.477 0.656 0.477 0.653 0.48 0.653 0.48 0.652 0.481 0.652 0.484 0.653 0.484 0.653 0.485 0.655 0.487 0.657 0.487 0.658 0.488 0.66 0.488 0.661 0.487 0.664 0.487 0.666 0.485 0.666 0.484 0.667 0.484 0.667 0.481 0.666 0.48 0.666 0.479 0.664 0.477 0.661 0.477 0.66 0.477
3 0.447 0.477 0.446 0.477 0.445 0.477 0.443 0.479 0.443 0.48 0.442 0.48 0.442 0.482 0.443 0.483 0.443 0.484 0.445 0.485 0.446 0.485 0.448 0.487 0.447 0.488 0.447 0.489 0.448 0.49 0.448 0.491 0.45 0.492 0.451 0.492 0.452 0.493 0.454 0.493 0.455 0.492 0.456 0.492 0.457 0.493 0.456 0.494 0.456 0.495 0.455 0.495 0.455 0.498 0.456 0.498 0.456 0.499 0.458 0.501 0.46 0.501 0.461 0.502 0.464 0.502 0.465 0.501 0.467 0.501 0.469 0.499 0.469 0.498 0.47 0.498 0.47 0.495 0.469 0.495 0.469 0.493 0.467 0.491 0.465 0.491 0.464 0.491 0.461 0.491 0.46 0.491 0.459 0.491 0.458 0.491 0.458 0.49 0.459 0.489 0.459 0.488 0.458 0.487 0.458 0.486 0.456 0.484 0.455 0.484 0.453 0.483 0.454 0.482 0.454 0.48 0.453 0.48 0.453 0.479 0.451 0.477 0.45 0.477 0.449 0.477
3 0.814 0.474 0.812 0.475 0.811 0.475 0.808 0.477 0.808 0.478 0.807 0.479 0.807 0.481 0.808 0.482 0.808 0.483 0.81 0.484 0.812 0.484 0.814 0.485 0.816 0.485 0.817 0.484 0.819 0.484 0.821 0.483 0.821 0.482 0.822 0.481 0.822 0.479 0.821 0.478 0.821 0.477 0.819 0.475 0.817 0.475 0.816 0.474
3 0.579 0.473 0.578 0.473 0.577 0.473 0.574 0.476 0.574 0.477 0.573 0.477 0.573 0.48 0.574 0.48 0.574 0.481 0.576 0.483 0.578 0.483 0.579 0.484 0.581 0.484 0.582 0.483 0.584 0.483 0.586 0.481 0.586 0.48 0.588 0.48 0.588 0.477 0.586 0.477 0.586 0.475 0.584 0.473 0.582 0.473 0.581 0.473
3 0.464 0.472 0.462 0.473 0.461 0.473 0.459 0.474 0.459 0.475 0.458 0.476 0.458 0.477 0.459 0.478 0.459 0.479 0.461 0.48 0.462 0.48 0.464 0.481 0.466 0.481 0.467 0.48 0.468 0.48 0.47 0.479 0.47 0.478 0.471 0.477 0.471 0.476 0.47 0.475 0.47 0.474 0.468 0.473 0.467 0.473 0.466 0.472
3 0.127 0.47 0.126 0.471 0.125 0.471 0.122 0.473 0.122 0.474 0.121 0.475 0.121 0.477 0.122 0.478 0.122 0.479 0.124 0.48 0.126 0.48 0.127 0.481 0.129 0.481 0.13 0.48 0.132 0.48 0.134 0.479 0.134 0.478 0.135 0.477 0.135 0.475 0.134 0.474 0.134 0.473 0.132 0.471 0.13 0.471 0.129 0.47
3 0.059 0.47 0.058 0.47 0.057 0.47 0.055 0.472 0.055 0.473 0.054 0.473 0.054 0.475 0.055 0.476 0.055 0.477 0.057 0.478 0.058 0.478 0.059 0.479 0.061 0.479 0.062 0.478 0.064 0.478 0.066 0.477 0.066 0.476 0.067 0.475 0.067 0.473 0.066 0.473 0.066 0.472 0.064 0.47 0.062 0.47 0.061 0.47
3 0.617 0.466 0.616 0.467 0.615 0.467 0.611 0.47 0.611 0.47 0.61 0.471 0.61 0.473 0.611 0.474 0.611 0.475 0.614 0.477 0.616 0.477 0.617 0.477 0.619 0.477 0.62 0.477 0.622 0.477 0.624 0.475 0.624 0.474 0.625 0.473 0.625 0.471 0.624 0.47 0.624 0.469 0.622 0.467 0.62 0.467 0.619 0.466
3 0.325 0.466 0.324 0.467 0.323 0.467 0.32 0.47 0.32 0.47 0.319 0.471 0.319 0.473 0.32 0.474 0.32 0.475 0.322 0.477 0.324 0.477 0.325 0.477 0.327 0.477 0.328 0.477 0.33 0.477 0.332 0.475 0.332 0.474 0.333 0.473 0.333 0.471 0.332 0.47 0.332 0.469 0.33 0.467 0.328 0.467 0.327 0.466
3 0.502 0.464 0.501 0.465 0.5 0.465 0.498 0.466 0.498 0.467 0.497 0.468 0.497 0.47 0.498 0.47 0.498 0.471 0.497 0.472 0.496 0.472 0.495 0.471 0.493 0.471 0.492 0.472 0.491 0.472 0.489 0.473 0.489 0.474 0.488 0.475 0.488 0.477 0.489 0.477 0.489 0.478 0.491 0.48 0.492 0.48 0.493 0.48 0.495 0.48 0.496 0.48 0.497 0.48 0.499 0.478 0.499 0.477 0.5 0.477 0.5 0.475 0.499 0.474 0.499 0.473 0.5 0.473 0.501 0.473 0.502 0.473 0.504 0.473 0.505 0.473 0.506 0.473 0.508 0.471 0.508 0.47 0.509 0.47 0.509 0.468 0.508 0.467 0.508 0.466 0.506 0.465 0.505 0.465 0.504 0.464
3 0.414 0.464 0.412 0.465 0.411 0.465 0.408 0.467 0.408 0.468 0.407 0.469 0.407 0.471 0.408 0.472 0.408 0.473 0.41 0.474 0.412 0.474 0.414 0.475 0.416 0.475 0.417 0.474 0.419 0.474 0.421 0.473 0.421 0.472 0.422 0.471 0.422 0.469 0.421 0.468 0.421 0.466 0.419 0.465 0.417 0.465 0.416 0.464
3 0.443 0.459 0.442 0.46 0.441 0.46 0.438 0.462 0.438 0.463 0.436 0.464 0.436 0.466 0.438 0.467 0.438 0.468 0.44 0.47 0.442 0.47 0.443 0.47 0.445 0.47 0.446 0.47 0.448 0.47 0.45 0.468 0.45 0.467 0.451 0.466 0.451 0.464 0.45 0.463 0.45 0.462 0.448 0.46 0.446 0.46 0.445 0.459
3 0.643 0.456 0.642 0.457 0.641 0.457 0.638 0.459 0.638 0.46 0.635 0.462 0.633 0.462 0.632 0.462 0.631 0.462 0.628 0.465 0.628 0.466 0.627 0.466 0.627 0.469 0.628 0.47 0.628 0.47 0.63 0.472 0.632 0.472 0.633 0.473 0.635 0.473 0.636 0.472 0.639 0.472 0.641 0.47 0.641 0.47 0.642 0.469 0.642 0.468 0.643 0.467 0.645 0.467 0.646 0.466 0.648 0.466 0.65 0.465 0.65 0.464 0.651 0.463 0.651 0.461 0.65 0.46 0.65 0.459 0.648 0.457 0.646 0.457 0.645 0.456
3 0.562 0.456 0.561 0.457 0.56 0.457 0.557 0.459 0.557 0.46 0.556 0.461 0.556 0.463 0.557 0.464 0.557 0.465 0.559 0.466 0.56 0.466 0.561 0.467 0.56 0.468 0.559 0.468 0.556 0.47 0.556 0.471 0.555 0.472 0.555 0.474 0.556 0.475 0.556 0.476 0.558 0.477 0.557 0.478 0.556 0.478 0.555 0.477 0.553 0.477 0.552 0.478 0.551 0.478 0.548 0.48 0.548 0.481 0.547 0.482 0.547 0.484 0.548 0.485 0.548 0.486 0.55 0.488 0.552 0.488 0.553 0.488 0.555 0.488 0.556 0.488 0.558 0.488 0.56 0.486 0.56 0.485 0.561 0.484 0.561 0.482 0.56 0.481 0.56 0.48 0.558 0.478 0.559 0.477 0.56 0.477 0.561 0.478 0.564 0.478 0.565 0.477 0.567 0.477 0.569 0.476 0.569 0.475 0.57 0.474 0.57 0.472 0.569 0.471 0.569 0.47 0.567 0.468 0.566 0.468 0.565 0.467 0.566 0.466 0.568 0.466 0.57 0.465 0.57 0.464 0.571 0.463 0.571 0.461 0.57 0.46 0.57 0.459 0.568 0.457 0.566 0.457 0.565 0.456
3 0.917 0.453 0.916 0.454 0.915 0.454 0.911 0.456 0.911 0.457 0.91 0.458 0.91 0.46 0.911 0.461 0.911 0.462 0.914 0.463 0.916 0.463 0.917 0.464 0.919 0.464 0.92 0.463 0.922 0.463 0.924 0.462 0.924 0.461 0.925 0.46 0.925 0.458 0.924 0.457 0.924 0.455 0.922 0.454 0.92 0.454 0.919 0.453
3 0.542 0.45 0.541 0.451 0.54 0.451 0.536 0.453 0.536 0.454 0.535 0.455 0.535 0.457 0.536 0.458 0.536 0.459 0.539 0.46 0.541 0.46 0.542 0.461 0.542 0.462 0.541 0.462 0.541 0.463 0.54 0.464 0.54 0.466 0.541 0.467 0.541 0.468 0.543 0.47 0.545 0.47 0.546 0.47 0.548 0.47 0.549 0.47 0.551 0.47 0.553 0.468 0.553 0.467 0.554 0.466 0.554 0.464 0.553 0.463 0.553 0.462 0.551 0.46 0.549 0.46 0.548 0.459 0.549 0.459 0.549 0.458 0.55 0.457 0.55 0.455 0.549 0.454 0.549 0.452 0.547 0.451 0.545 0.451 0.544 0.45
3 0.273 0.443 0.272 0.444 0.271 0.444 0.268 0.446 0.268 0.447 0.267 0.448 0.267 0.45 0.268 0.451 0.268 0.452 0.27 0.453 0.272 0.453 0.273 0.454 0.275 0.454 0.276 0.453 0.278 0.453 0.28 0.452 0.28 0.451 0.281 0.45 0.281 0.448 0.28 0.447 0.28 0.445 0.278 0.444 0.276 0.444 0.275 0.443
3 0.44 0.441 0.439 0.441 0.438 0.441 0.434 0.444 0.434 0.445 0.433 0.445 0.433 0.448 0.434 0.448 0.434 0.449 0.436 0.451 0.439 0.451 0.44 0.452 0.442 0.452 0.443 0.451 0.445 0.451 0.447 0.449 0.447 0.448 0.448 0.448 0.448 0.445 0.447 0.445 0.447 0.443 0.445 0.441 0.443 0.441 0.442 0.441
3 0.648 0.44 0.647 0.441 0.646 0.441 0.643 0.443 0.643 0.444 0.642 0.445 0.642 0.446 0.641 0.447 0.639 0.445 0.636 0.445 0.635 0.445 0.633 0.445 0.632 0.445 0.631 0.445 0.628 0.448 0.628 0.448 0.627 0.449 0.627 0.452 0.628 0.452 0.628 0.453 0.63 0.455 0.632 0.455 0.633 0.455 0.635 0.455 0.636 0.455 0.639 0.455 0.641 0.453 0.641 0.452 0.642 0.452 0.642 0.449 0.643 0.448 0.645 0.45 0.647 0.45 0.648 0.451 0.65 0.451 0.651 0.45 0.653 0.45 0.655 0.448 0.655 0.448 0.656 0.447 0.656 0.445 0.655 0.444 0.655 0.442 0.653 0.441 0.651 0.441 0.65 0.44
3 0.607 0.44 0.606 0.441 0.605 0.441 0.602 0.443 0.602 0.444 0.601 0.445 0.601 0.447 0.602 0.448 0.602 0.448 0.604 0.45 0.606 0.45 0.607 0.451 0.609 0.451 0.61 0.45 0.612 0.45 0.614 0.451 0.611 0.452 0.611 0.453 0.61 0.454 0.61 0.456 0.611 0.457 0.611 0.458 0.614 0.459 0.616 0.459 0.617 0.46 0.619 0.46 0.62 0.459 0.622 0.459 0.624 0.458 0.624 0.457 0.625 0.456 0.625 0.454 0.624 0.453 0.624 0.452 0.622 0.45 0.62 0.45 0.619 0.449 0.617 0.449 0.616 0.45 0.615 0.45 0.614 0.449 0.615 0.448 0.615 0.448 0.616 0.447 0.616 0.445 0.615 0.444 0.615 0.442 0.612 0.441 0.61 0.441 0.609 0.44
3 0.456 0.44 0.455 0.441 0.454 0.441 0.451 0.443 0.451 0.444 0.45 0.445 0.45 0.447 0.451 0.448 0.451 0.448 0.453 0.45 0.455 0.45 0.456 0.451 0.458 0.451 0.459 0.45 0.461 0.45 0.464 0.448 0.464 0.448 0.465 0.447 0.465 0.445 0.464 0.444 0.464 0.442 0.461 0.441 0.459 0.441 0.458 0.44
3 0.344 0.438 0.343 0.439 0.342 0.439 0.339 0.441 0.339 0.442 0.338 0.443 0.338 0.444 0.336 0.445 0.334 0.443 0.332 0.443 0.331 0.442 0.329 0.442 0.328 0.443 0.327 0.443 0.324 0.445 0.324 0.446 0.323 0.447 0.323 0.449 0.324 0.45 0.324 0.451 0.326 0.452 0.328 0.452 0.329 0.453 0.331 0.453 0.332 0.452 0.334 0.452 0.336 0.451 0.336 0.45 0.338 0.449 0.338 0.448 0.339 0.447 0.341 0.448 0.343 0.448 0.344 0.449 0.346 0.449 0.347 0.448 0.349 0.448 0.351 0.447 0.351 0.446 0.352 0.445 0.352 0.443 0.351 0.442 0.351 0.441 0.349 0.439 0.347 0.439 0.346 0.438
3 0.481 0.438 0.48 0.438 0.479 0.438 0.477 0.44 0.477 0.441 0.476 0.441 0.476 0.443 0.477 0.444 0.477 0.445 0.479 0.446 0.48 0.446 0.481 0.447 0.483 0.447 0.484 0.446 0.485 0.446 0.488 0.445 0.488 0.444 0.489 0.443 0.489 0.441 0.488 0.441 0.488 0.44 0.485 0.438 0.484 0.438 0.483 0.438
3 0.716 0.437 0.715 0.438 0.714 0.438 0.709 0.441 0.708 0.44 0.706 0.44 0.705 0.439 0.703 0.439 0.702 0.44 0.701 0.44 0.698 0.442 0.698 0.443 0.697 0.444 0.697 0.446 0.698 0.447 0.698 0.448 0.7 0.449 0.702 0.449 0.703 0.45 0.705 0.45 0.706 0.449 0.708 0.449 0.71 0.448 0.71 0.447 0.711 0.446 0.712 0.447 0.715 0.447 0.716 0.448 0.718 0.448 0.719 0.447 0.721 0.447 0.723 0.445 0.723 0.445 0.724 0.444 0.724 0.441 0.723 0.441 0.723 0.439 0.721 0.438 0.719 0.438 0.718 0.437
3 0.56 0.434 0.559 0.435 0.558 0.435 0.555 0.438 0.555 0.438 0.554 0.439 0.554 0.441 0.555 0.442 0.555 0.443 0.557 0.445 0.559 0.445 0.56 0.445 0.562 0.445 0.564 0.445 0.566 0.445 0.568 0.443 0.568 0.442 0.569 0.441 0.569 0.439 0.568 0.438 0.568 0.437 0.566 0.435 0.564 0.435 0.562 0.434
3 0.301 0.428 0.3 0.429 0.299 0.429 0.296 0.431 0.296 0.432 0.295 0.433 0.295 0.435 0.296 0.436 0.296 0.437 0.298 0.438 0.3 0.438 0.301 0.439 0.303 0.439 0.304 0.438 0.306 0.438 0.308 0.437 0.308 0.436 0.309 0.435 0.309 0.433 0.308 0.432 0.308 0.43 0.306 0.429 0.304 0.429 0.303 0.428
3 0.691 0.427 0.69 0.428 0.689 0.428 0.685 0.43 0.685 0.431 0.684 0.432 0.684 0.434 0.685 0.435 0.685 0.436 0.688 0.438 0.69 0.438 0.691 0.438 0.693 0.438 0.694 0.438 0.696 0.438 0.698 0.436 0.698 0.435 0.699 0.434 0.699 0.432 0.698 0.431 0.698 0.43 0.696 0.428 0.694 0.428 0.693 0.427
3 0.523 0.427 0.522 0.428 0.521 0.428 0.519 0.43 0.519 0.43 0.518 0.431 0.517 0.431 0.515 0.43 0.514 0.43 0.512 0.429 0.51 0.429 0.509 0.43 0.508 0.43 0.506 0.431 0.506 0.432 0.505 0.433 0.505 0.434 0.506 0.435 0.506 0.436 0.508 0.438 0.509 0.438 0.51 0.438 0.512 0.438 0.514 0.439 0.514 0.44 0.512 0.441 0.51 0.441 0.509 0.441 0.508 0.441 0.506 0.443 0.506 0.444 0.505 0.445 0.504 0.445 0.503 0.444 0.502 0.444 0.501 0.443 0.499 0.443 0.498 0.444 0.497 0.444 0.495 0.445 0.495 0.446 0.494 0.447 0.494 0.448 0.495 0.449 0.495 0.45 0.497 0.452 0.498 0.452 0.499 0.452 0.501 0.452 0.502 0.452 0.503 0.452 0.505 0.45 0.505 0.449 0.506 0.448 0.507 0.448 0.508 0.449 0.509 0.449 0.51 0.45 0.512 0.45 0.514 0.449 0.515 0.449 0.517 0.448 0.517 0.447 0.518 0.446 0.518 0.445 0.517 0.444 0.517 0.443 0.518 0.442 0.52 0.442 0.521 0.441 0.522 0.441 0.524 0.44 0.524 0.439 0.525 0.438 0.525 0.437 0.526 0.436 0.527 0.436 0.529 0.434 0.529 0.434 0.53 0.433 0.53 0.431 0.529 0.43 0.529 0.43 0.527 0.428 0.526 0.428 0.525 0.427
3 0.538 0.423 0.536 0.423 0.535 0.423 0.533 0.425 0.533 0.426 0.532 0.427 0.532 0.428 0.533 0.429 0.533 0.43 0.535 0.431 0.536 0.431 0.538 0.432 0.54 0.432 0.541 0.431 0.542 0.431 0.544 0.43 0.544 0.429 0.545 0.428 0.545 0.427 0.544 0.426 0.544 0.425 0.542 0.423 0.541 0.423 0.54 0.423
3 0.371 0.423 0.37 0.423 0.369 0.423 0.366 0.426 0.366 0.427 0.365 0.427 0.365 0.428 0.364 0.429 0.362 0.428 0.362 0.427 0.36 0.425 0.358 0.425 0.357 0.424 0.355 0.424 0.354 0.425 0.353 0.425 0.35 0.427 0.35 0.428 0.349 0.429 0.349 0.431 0.35 0.432 0.35 0.433 0.352 0.434 0.354 0.434 0.355 0.435 0.357 0.435 0.358 0.434 0.36 0.434 0.362 0.433 0.362 0.432 0.364 0.431 0.364 0.43 0.365 0.43 0.366 0.43 0.366 0.431 0.368 0.433 0.364 0.436 0.364 0.437 0.362 0.438 0.362 0.44 0.364 0.441 0.364 0.441 0.366 0.443 0.368 0.443 0.369 0.444 0.371 0.444 0.372 0.443 0.374 0.443 0.376 0.441 0.376 0.441 0.377 0.44 0.377 0.438 0.376 0.437 0.376 0.435 0.374 0.434 0.375 0.433 0.376 0.433 0.378 0.431 0.378 0.43 0.379 0.43 0.379 0.427 0.378 0.427 0.378 0.425 0.376 0.423 0.374 0.423 0.373 0.423
3 0.398 0.422 0.397 0.423 0.396 0.423 0.393 0.425 0.393 0.426 0.392 0.427 0.392 0.429 0.393 0.43 0.393 0.43 0.395 0.432 0.397 0.432 0.398 0.433 0.4 0.433 0.401 0.432 0.403 0.432 0.405 0.43 0.405 0.43 0.406 0.429 0.406 0.427 0.405 0.426 0.405 0.424 0.403 0.423 0.401 0.423 0.4 0.422
3 0.44 0.421 0.439 0.422 0.438 0.422 0.435 0.423 0.435 0.424 0.434 0.425 0.434 0.427 0.435 0.427 0.435 0.428 0.438 0.43 0.439 0.43 0.44 0.43 0.442 0.43 0.443 0.43 0.444 0.43 0.445 0.429 0.446 0.43 0.446 0.431 0.447 0.432 0.447 0.433 0.449 0.434 0.45 0.434 0.451 0.435 0.453 0.435 0.454 0.434 0.455 0.434 0.457 0.433 0.457 0.432 0.458 0.431 0.458 0.43 0.457 0.429 0.457 0.428 0.455 0.427 0.454 0.427 0.453 0.426 0.451 0.426 0.45 0.427 0.449 0.427 0.448 0.427 0.447 0.427 0.447 0.425 0.446 0.424 0.446 0.423 0.444 0.422 0.443 0.422 0.442 0.421
3 0.338 0.42 0.336 0.42 0.335 0.42 0.332 0.423 0.332 0.423 0.331 0.424 0.331 0.427 0.332 0.427 0.332 0.428 0.334 0.43 0.336 0.43 0.338 0.43 0.34 0.43 0.341 0.43 0.343 0.43 0.345 0.428 0.345 0.427 0.346 0.427 0.346 0.424 0.345 0.423 0.345 0.422 0.343 0.42 0.341 0.42 0.34 0.42
3 0.517 0.418 0.516 0.419 0.515 0.419 0.512 0.42 0.512 0.421 0.511 0.422 0.511 0.423 0.512 0.424 0.512 0.425 0.515 0.427 0.516 0.427 0.517 0.427 0.519 0.427 0.52 0.427 0.521 0.427 0.523 0.425 0.523 0.424 0.524 0.423 0.524 0.422 0.523 0.421 0.523 0.42 0.521 0.419 0.52 0.419 0.519 0.418
3 0.846 0.417 0.845 0.418 0.844 0.418 0.841 0.42 0.841 0.421 0.84 0.422 0.84 0.424 0.841 0.425 0.841 0.426 0.843 0.427 0.845 0.427 0.846 0.428 0.848 0.428 0.849 0.427 0.851 0.427 0.853 0.426 0.853 0.425 0.854 0.424 0.854 0.422 0.853 0.421 0.853 0.42 0.851 0.418 0.849 0.418 0.848 0.417
3 0.502 0.416 0.501 0.417 0.5 0.417 0.498 0.419 0.498 0.42 0.497 0.42 0.497 0.422 0.498 0.423 0.498 0.423 0.5 0.425 0.501 0.425 0.502 0.426 0.504 0.426 0.505 0.425 0.506 0.425 0.508 0.423 0.508 0.423 0.509 0.422 0.509 0.42 0.508 0.42 0.508 0.419 0.506 0.417 0.505 0.417 0.504 0.416
3 0.425 0.416 0.424 0.416 0.423 0.416 0.421 0.418 0.421 0.419 0.42 0.42 0.42 0.421 0.421 0.422 0.421 0.423 0.423 0.424 0.424 0.424 0.425 0.425 0.427 0.425 0.428 0.424 0.429 0.424 0.431 0.423 0.431 0.422 0.432 0.421 0.432 0.42 0.431 0.419 0.431 0.418 0.429 0.416 0.428 0.416 0.427 0.416
3 0.825 0.414 0.824 0.415 0.823 0.415 0.82 0.417 0.82 0.418 0.819 0.419 0.819 0.421 0.82 0.422 0.82 0.423 0.822 0.424 0.824 0.424 0.825 0.425 0.827 0.425 0.828 0.424 0.83 0.424 0.832 0.423 0.832 0.422 0.833 0.421 0.833 0.419 0.832 0.418 0.832 0.416 0.83 0.415 0.828 0.415 0.827 0.414
3 0.085 0.412 0.084 0.413 0.083 0.413 0.081 0.415 0.081 0.416 0.08 0.416 0.08 0.418 0.081 0.419 0.081 0.42 0.083 0.421 0.084 0.421 0.085 0.422 0.088 0.422 0.089 0.421 0.09 0.421 0.092 0.42 0.092 0.419 0.093 0.418 0.093 0.416 0.092 0.416 0.092 0.415 0.09 0.413 0.089 0.413 0.088 0.412
3 0.69 0.411 0.689 0.412 0.688 0.412 0.684 0.414 0.684 0.415 0.683 0.416 0.683 0.418 0.684 0.419 0.684 0.42 0.686 0.421 0.689 0.421 0.69 0.422 0.692 0.422 0.693 0.421 0.695 0.421 0.697 0.42 0.697 0.419 0.698 0.418 0.698 0.416 0.697 0.415 0.697 0.413 0.695 0.412 0.693 0.412 0.692 0.411
3 0.647 0.406 0.646 0.407 0.645 0.407 0.642 0.409 0.642 0.41 0.641 0.411 0.641 0.413 0.642 0.414 0.642 0.415 0.644 0.416 0.646 0.416 0.647 0.417 0.649 0.417 0.65 0.416 0.652 0.416 0.654 0.415 0.654 0.414 0.655 0.413 0.655 0.411 0.654 0.41 0.654 0.409 0.652 0.407 0.65 0.407 0.649 0.406
3 0.784 0.404 0.783 0.405 0.782 0.405 0.779 0.407 0.779 0.408 0.778 0.409 0.778 0.411 0.779 0.412 0.779 0.412 0.781 0.414 0.783 0.414 0.784 0.415 0.786 0.415 0.788 0.414 0.789 0.414 0.79 0.415 0.788 0.416 0.788 0.417 0.786 0.418 0.786 0.42 0.788 0.421 0.788 0.422 0.79 0.423 0.792 0.423 0.793 0.424 0.795 0.424 0.796 0.423 0.798 0.423 0.8 0.422 0.8 0.421 0.801 0.42 0.801 0.418 0.8 0.417 0.8 0.416 0.798 0.414 0.796 0.414 0.795 0.413 0.793 0.413 0.792 0.412 0.792 0.412 0.793 0.411 0.793 0.409 0.792 0.408 0.792 0.406 0.79 0.405 0.788 0.405 0.786 0.404
3 0.25 0.404 0.249 0.405 0.248 0.405 0.245 0.407 0.245 0.408 0.244 0.409 0.244 0.411 0.245 0.412 0.245 0.412 0.247 0.414 0.249 0.414 0.25 0.415 0.252 0.415 0.253 0.414 0.255 0.414 0.257 0.412 0.257 0.412 0.258 0.411 0.258 0.409 0.257 0.408 0.257 0.406 0.255 0.405 0.253 0.405 0.252 0.404
3 0.381 0.4 0.38 0.401 0.379 0.401 0.376 0.403 0.376 0.404 0.375 0.405 0.375 0.407 0.376 0.408 0.376 0.409 0.378 0.41 0.38 0.41 0.381 0.411 0.383 0.411 0.384 0.41 0.386 0.41 0.389 0.409 0.389 0.408 0.39 0.407 0.39 0.405 0.389 0.404 0.389 0.402 0.386 0.401 0.384 0.401 0.383 0.4
3 0.661 0.398 0.66 0.399 0.659 0.399 0.656 0.402 0.656 0.402 0.655 0.403 0.655 0.405 0.656 0.406 0.656 0.407 0.658 0.409 0.66 0.409 0.661 0.409 0.664 0.409 0.665 0.409 0.667 0.409 0.668 0.408 0.669 0.409 0.669 0.411 0.67 0.412 0.67 0.412 0.672 0.414 0.674 0.414 0.675 0.415 0.677 0.415 0.678 0.414 0.68 0.414 0.682 0.412 0.682 0.412 0.683 0.411 0.683 0.409 0.682 0.408 0.682 0.406 0.68 0.405 0.678 0.405 0.677 0.404 0.675 0.404 0.674 0.405 0.673 0.405 0.671 0.406 0.67 0.405 0.67 0.403 0.669 0.402 0.669 0.401 0.667 0.399 0.665 0.399 0.664 0.398
3 0.701 0.396 0.7 0.397 0.699 0.397 0.696 0.399 0.696 0.4 0.695 0.401 0.695 0.403 0.696 0.404 0.696 0.405 0.698 0.406 0.7 0.406 0.701 0.407 0.703 0.407 0.704 0.406 0.706 0.406 0.708 0.405 0.708 0.404 0.709 0.403 0.709 0.401 0.708 0.4 0.708 0.398 0.706 0.397 0.704 0.397 0.703 0.396
3 0.581 0.394 0.58 0.395 0.579 0.395 0.576 0.397 0.576 0.398 0.575 0.398 0.575 0.401 0.576 0.402 0.576 0.402 0.578 0.404 0.58 0.404 0.581 0.405 0.578 0.407 0.578 0.408 0.577 0.409 0.577 0.411 0.578 0.412 0.578 0.412 0.58 0.414 0.582 0.414 0.583 0.415 0.585 0.415 0.586 0.414 0.589 0.414 0.591 0.412 0.591 0.412 0.592 0.411 0.594 0.412 0.596 0.412 0.597 0.413 0.599 0.413 0.6 0.412 0.602 0.412 0.604 0.411 0.604 0.41 0.605 0.409 0.605 0.407 0.604 0.406 0.604 0.405 0.602 0.403 0.6 0.403 0.599 0.402 0.597 0.402 0.596 0.403 0.595 0.403 0.591 0.406 0.589 0.405 0.588 0.405 0.586 0.404 0.589 0.402 0.589 0.402 0.59 0.401 0.59 0.398 0.589 0.398 0.589 0.396 0.586 0.395 0.584 0.395 0.583 0.394
3 0.646 0.391 0.645 0.391 0.644 0.391 0.641 0.394 0.641 0.395 0.64 0.395 0.64 0.398 0.641 0.398 0.641 0.399 0.643 0.401 0.645 0.401 0.646 0.402 0.648 0.402 0.649 0.401 0.651 0.401 0.653 0.399 0.653 0.398 0.654 0.398 0.654 0.395 0.653 0.395 0.653 0.393 0.651 0.391 0.649 0.391 0.648 0.391
3 0.297 0.391 0.296 0.391 0.295 0.391 0.292 0.394 0.292 0.395 0.291 0.395 0.291 0.398 0.292 0.398 0.292 0.399 0.294 0.401 0.296 0.401 0.297 0.402 0.299 0.402 0.3 0.401 0.302 0.401 0.304 0.399 0.304 0.398 0.305 0.398 0.305 0.395 0.304 0.395 0.304 0.393 0.302 0.391 0.3 0.391 0.299 0.391
3 0.814 0.388 0.812 0.389 0.811 0.389 0.808 0.391 0.808 0.392 0.807 0.393 0.807 0.395 0.808 0.396 0.808 0.397 0.81 0.398 0.812 0.398 0.814 0.399 0.816 0.399 0.817 0.398 0.819 0.398 0.821 0.397 0.821 0.396 0.822 0.395 0.822 0.393 0.821 0.392 0.821 0.391 0.819 0.389 0.817 0.389 0.816 0.388
3 0.431 0.387 0.43 0.388 0.429 0.388 0.426 0.39 0.426 0.391 0.425 0.391 0.425 0.394 0.426 0.395 0.426 0.395 0.428 0.397 0.43 0.397 0.431 0.398 0.433 0.398 0.434 0.397 0.436 0.397 0.439 0.395 0.439 0.395 0.44 0.394 0.44 0.391 0.439 0.391 0.439 0.389 0.436 0.388 0.434 0.388 0.433 0.387
3 0.405 0.382 0.404 0.383 0.403 0.383 0.4 0.385 0.4 0.386 0.398 0.388 0.397 0.387 0.397 0.385 0.395 0.384 0.393 0.384 0.392 0.383 0.39 0.383 0.389 0.384 0.388 0.384 0.384 0.386 0.384 0.387 0.383 0.388 0.383 0.39 0.384 0.391 0.384 0.391 0.386 0.393 0.389 0.393 0.39 0.394 0.392 0.394 0.393 0.393 0.395 0.393 0.397 0.391 0.397 0.391 0.399 0.389 0.4 0.39 0.4 0.391 0.402 0.392 0.404 0.392 0.405 0.393 0.405 0.394 0.402 0.396 0.402 0.397 0.401 0.398 0.401 0.4 0.402 0.401 0.402 0.402 0.404 0.403 0.406 0.403 0.407 0.404 0.409 0.404 0.41 0.403 0.412 0.403 0.415 0.402 0.415 0.401 0.416 0.4 0.416 0.398 0.415 0.397 0.415 0.395 0.412 0.394 0.41 0.394 0.409 0.393 0.412 0.391 0.412 0.39 0.414 0.389 0.414 0.387 0.412 0.386 0.412 0.384 0.41 0.383 0.408 0.383 0.407 0.382
3 0.154 0.382 0.153 0.383 0.152 0.383 0.149 0.385 0.149 0.386 0.148 0.387 0.148 0.389 0.149 0.39 0.149 0.391 0.151 0.392 0.153 0.392 0.154 0.393 0.156 0.393 0.157 0.392 0.159 0.392 0.161 0.391 0.161 0.39 0.162 0.389 0.162 0.387 0.161 0.386 0.161 0.384 0.159 0.383 0.157 0.383 0.156 0.382
3 0.776 0.378 0.775 0.379 0.774 0.379 0.771 0.381 0.771 0.382 0.77 0.383 0.77 0.385 0.771 0.386 0.771 0.387 0.773 0.388 0.775 0.388 0.776 0.389 0.778 0.389 0.779 0.388 0.781 0.388 0.783 0.387 0.783 0.386 0.784 0.385 0.784 0.383 0.783 0.382 0.783 0.38 0.781 0.379 0.779 0.379 0.778 0.378
3 0.298 0.375 0.297 0.376 0.296 0.376 0.293 0.378 0.293 0.379 0.292 0.38 0.292 0.382 0.293 0.383 0.293 0.384 0.295 0.385 0.297 0.385 0.298 0.386 0.3 0.386 0.301 0.385 0.303 0.385 0.305 0.384 0.305 0.383 0.306 0.382 0.306 0.38 0.305 0.379 0.305 0.377 0.303 0.376 0.301 0.376 0.3 0.375
3 0.748 0.374 0.747 0.375 0.746 0.375 0.743 0.377 0.743 0.378 0.742 0.379 0.742 0.381 0.743 0.382 0.743 0.383 0.746 0.385 0.743 0.388 0.743 0.388 0.742 0.389 0.742 0.391 0.743 0.392 0.743 0.393 0.745 0.395 0.747 0.395 0.748 0.395 0.75 0.395 0.751 0.395 0.753 0.395 0.755 0.393 0.755 0.392 0.756 0.391 0.756 0.389 0.755 0.388 0.755 0.387 0.753 0.385 0.753 0.384 0.755 0.383 0.755 0.382 0.756 0.381 0.756 0.379 0.755 0.378 0.755 0.377 0.753 0.375 0.751 0.375 0.75 0.374
3 0.456 0.372 0.455 0.373 0.454 0.373 0.452 0.374 0.452 0.375 0.451 0.376 0.451 0.377 0.452 0.378 0.452 0.379 0.454 0.38 0.455 0.38 0.456 0.381 0.458 0.381 0.459 0.38 0.46 0.38 0.462 0.379 0.462 0.378 0.464 0.377 0.464 0.376 0.462 0.375 0.462 0.374 0.46 0.373 0.459 0.373 0.458 0.372
3 0.353 0.368 0.352 0.369 0.351 0.369 0.348 0.371 0.348 0.372 0.347 0.373 0.347 0.375 0.348 0.376 0.348 0.377 0.35 0.378 0.352 0.378 0.353 0.379 0.355 0.379 0.356 0.378 0.358 0.378 0.36 0.377 0.36 0.376 0.361 0.375 0.361 0.373 0.36 0.372 0.36 0.37 0.358 0.369 0.356 0.369 0.355 0.368
3 0.794 0.365 0.793 0.366 0.792 0.366 0.789 0.368 0.789 0.369 0.788 0.37 0.788 0.372 0.789 0.373 0.789 0.373 0.791 0.375 0.793 0.375 0.794 0.376 0.796 0.376 0.797 0.375 0.799 0.375 0.801 0.373 0.801 0.373 0.802 0.372 0.802 0.37 0.801 0.369 0.801 0.367 0.799 0.366 0.797 0.366 0.796 0.365
3 0.639 0.363 0.638 0.364 0.636 0.364 0.633 0.366 0.633 0.367 0.632 0.368 0.632 0.37 0.633 0.371 0.633 0.372 0.635 0.373 0.638 0.373 0.639 0.374 0.641 0.374 0.642 0.373 0.644 0.373 0.646 0.372 0.646 0.371 0.647 0.37 0.647 0.368 0.646 0.367 0.646 0.366 0.644 0.364 0.642 0.364 0.641 0.363
3 0.711 0.36 0.71 0.361 0.709 0.361 0.706 0.363 0.706 0.364 0.705 0.365 0.705 0.367 0.706 0.368 0.706 0.369 0.708 0.37 0.71 0.37 0.711 0.371 0.714 0.371 0.715 0.37 0.717 0.37 0.719 0.369 0.719 0.368 0.72 0.367 0.72 0.365 0.719 0.364 0.719 0.362 0.717 0.361 0.715 0.361 0.714 0.36
3 0.675 0.36 0.674 0.361 0.673 0.361 0.67 0.363 0.67 0.364 0.669 0.365 0.669 0.367 0.67 0.368 0.67 0.369 0.672 0.37 0.674 0.37 0.675 0.371 0.677 0.371 0.678 0.37 0.68 0.37 0.682 0.369 0.682 0.368 0.683 0.367 0.683 0.365 0.682 0.364 0.682 0.362 0.68 0.361 0.678 0.361 0.677 0.36
3 0.693 0.358 0.692 0.359 0.691 0.359 0.688 0.361 0.688 0.362 0.686 0.362 0.686 0.365 0.688 0.366 0.688 0.366 0.69 0.368 0.692 0.368 0.693 0.369 0.695 0.369 0.696 0.368 0.698 0.368 0.7 0.366 0.7 0.366 0.701 0.365 0.701 0.362 0.7 0.362 0.7 0.36 0.698 0.359 0.696 0.359 0.695 0.358
3 0.659 0.356 0.658 0.357 0.657 0.357 0.654 0.359 0.654 0.36 0.653 0.361 0.653 0.363 0.654 0.364 0.654 0.365 0.656 0.366 0.658 0.366 0.659 0.367 0.661 0.367 0.662 0.366 0.665 0.366 0.667 0.365 0.667 0.364 0.668 0.363 0.668 0.361 0.667 0.36 0.667 0.359 0.665 0.357 0.662 0.357 0.661 0.356
3 0.235 0.355 0.234 0.356 0.233 0.356 0.231 0.358 0.231 0.359 0.23 0.359 0.23 0.361 0.231 0.362 0.231 0.362 0.233 0.364 0.234 0.364 0.235 0.365 0.238 0.365 0.239 0.364 0.24 0.364 0.242 0.362 0.242 0.362 0.243 0.361 0.243 0.359 0.242 0.359 0.242 0.358 0.24 0.356 0.239 0.356 0.238 0.355
3 0.784 0.345 0.783 0.345 0.782 0.345 0.779 0.348 0.779 0.348 0.778 0.349 0.778 0.352 0.779 0.352 0.779 0.353 0.781 0.355 0.783 0.355 0.784 0.355 0.786 0.355 0.788 0.355 0.79 0.355 0.792 0.353 0.792 0.352 0.793 0.352 0.793 0.349 0.792 0.348 0.792 0.347 0.79 0.345 0.788 0.345 0.786 0.345
3 0.139 0.344 0.138 0.345 0.136 0.345 0.134 0.346 0.134 0.347 0.133 0.348 0.133 0.349 0.134 0.35 0.134 0.351 0.136 0.352 0.138 0.352 0.139 0.353 0.141 0.353 0.142 0.352 0.143 0.352 0.145 0.351 0.145 0.35 0.146 0.349 0.146 0.348 0.145 0.347 0.145 0.346 0.143 0.345 0.142 0.345 0.141 0.344
3 0.461 0.341 0.46 0.341 0.459 0.341 0.457 0.343 0.457 0.344 0.456 0.345 0.456 0.346 0.457 0.347 0.457 0.348 0.459 0.349 0.46 0.349 0.461 0.35 0.464 0.35 0.465 0.349 0.466 0.349 0.468 0.348 0.468 0.347 0.469 0.346 0.469 0.345 0.468 0.344 0.468 0.343 0.466 0.341 0.465 0.341 0.464 0.341
3 0.292 0.34 0.291 0.341 0.29 0.341 0.288 0.342 0.288 0.343 0.286 0.344 0.286 0.345 0.288 0.346 0.288 0.347 0.29 0.348 0.291 0.348 0.292 0.349 0.294 0.349 0.295 0.348 0.296 0.348 0.298 0.347 0.298 0.346 0.299 0.345 0.299 0.344 0.298 0.343 0.298 0.342 0.296 0.341 0.295 0.341 0.294 0.34
3 0.633 0.334 0.632 0.334 0.631 0.334 0.628 0.337 0.628 0.338 0.627 0.338 0.627 0.341 0.628 0.341 0.628 0.342 0.63 0.344 0.632 0.344 0.633 0.345 0.635 0.345 0.636 0.344 0.639 0.344 0.64 0.343 0.641 0.344 0.641 0.345 0.64 0.345 0.64 0.348 0.639 0.348 0.636 0.348 0.635 0.348 0.633 0.348 0.632 0.348 0.631 0.348 0.628 0.351 0.628 0.352 0.627 0.352 0.627 0.355 0.628 0.355 0.628 0.356 0.63 0.358 0.632 0.358 0.633 0.359 0.635 0.359 0.636 0.358 0.639 0.358 0.641 0.356 0.641 0.355 0.642 0.355 0.642 0.352 0.641 0.352 0.641 0.351 0.642 0.35 0.643 0.351 0.645 0.351 0.646 0.352 0.648 0.352 0.649 0.351 0.651 0.351 0.653 0.349 0.653 0.348 0.654 0.348 0.654 0.345 0.653 0.345 0.653 0.343 0.651 0.341 0.649 0.341 0.648 0.341 0.646 0.341 0.645 0.341 0.644 0.341 0.642 0.343 0.641 0.342 0.641 0.341 0.642 0.341 0.642 0.338 0.641 0.338 0.641 0.336 0.639 0.334 0.636 0.334 0.635 0.334
3 0.553 0.314 0.552 0.315 0.551 0.315 0.548 0.317 0.548 0.318 0.547 0.319 0.547 0.321 0.548 0.322 0.548 0.323 0.55 0.324 0.552 0.324 0.553 0.325 0.555 0.325 0.556 0.324 0.558 0.324 0.56 0.323 0.56 0.322 0.561 0.321 0.561 0.319 0.56 0.318 0.56 0.316 0.558 0.315 0.556 0.315 0.555 0.314
3 0.678 0.309 0.677 0.31 0.676 0.31 0.673 0.312 0.673 0.313 0.672 0.314 0.672 0.316 0.673 0.317 0.672 0.318 0.67 0.318 0.669 0.319 0.668 0.319 0.665 0.321 0.665 0.322 0.664 0.323 0.664 0.325 0.665 0.326 0.665 0.327 0.667 0.328 0.669 0.328 0.67 0.329 0.672 0.329 0.673 0.328 0.675 0.328 0.677 0.327 0.677 0.326 0.678 0.325 0.678 0.323 0.677 0.322 0.677 0.321 0.678 0.32 0.68 0.32 0.681 0.32 0.683 0.32 0.685 0.318 0.685 0.317 0.686 0.316 0.686 0.314 0.685 0.313 0.685 0.312 0.683 0.31 0.681 0.31 0.68 0.309
3 0.62 0.305 0.619 0.305 0.618 0.305 0.615 0.308 0.615 0.309 0.614 0.309 0.614 0.312 0.615 0.312 0.615 0.313 0.617 0.315 0.619 0.315 0.62 0.316 0.622 0.316 0.623 0.315 0.625 0.315 0.627 0.313 0.627 0.312 0.628 0.312 0.628 0.309 0.627 0.309 0.627 0.307 0.625 0.305 0.623 0.305 0.622 0.305
3 0.641 0.302 0.64 0.302 0.639 0.302 0.635 0.305 0.635 0.305 0.634 0.306 0.634 0.309 0.635 0.309 0.635 0.31 0.638 0.312 0.64 0.312 0.641 0.312 0.643 0.312 0.644 0.312 0.646 0.312 0.648 0.31 0.648 0.309 0.649 0.309 0.649 0.306 0.648 0.305 0.648 0.304 0.646 0.302 0.644 0.302 0.643 0.302
3 0.615 0.291 0.614 0.292 0.612 0.292 0.609 0.295 0.609 0.295 0.608 0.296 0.608 0.298 0.609 0.299 0.609 0.3 0.611 0.302 0.614 0.302 0.615 0.302 0.617 0.302 0.618 0.302 0.62 0.302 0.622 0.3 0.622 0.299 0.623 0.298 0.623 0.296 0.622 0.295 0.622 0.294 0.62 0.292 0.618 0.292 0.617 0.291
3 0.503 0.284 0.502 0.285 0.501 0.285 0.498 0.288 0.498 0.288 0.497 0.289 0.497 0.291 0.498 0.292 0.498 0.293 0.5 0.295 0.502 0.295 0.503 0.295 0.505 0.295 0.506 0.295 0.508 0.295 0.51 0.293 0.51 0.292 0.511 0.291 0.511 0.289 0.51 0.288 0.51 0.287 0.508 0.285 0.506 0.285 0.505 0.284
3 0.651 0.281 0.65 0.282 0.649 0.282 0.646 0.284 0.646 0.285 0.645 0.286 0.644 0.286 0.643 0.285 0.641 0.285 0.64 0.284 0.638 0.284 0.636 0.285 0.635 0.285 0.632 0.288 0.632 0.288 0.631 0.289 0.631 0.291 0.632 0.292 0.632 0.293 0.634 0.295 0.636 0.295 0.638 0.295 0.64 0.295 0.641 0.295 0.643 0.295 0.645 0.293 0.645 0.292 0.647 0.291 0.648 0.291 0.65 0.291 0.651 0.292 0.653 0.292 0.654 0.291 0.656 0.291 0.658 0.29 0.658 0.289 0.659 0.288 0.659 0.286 0.658 0.285 0.658 0.284 0.656 0.282 0.654 0.282 0.653 0.281
3 0.676 0.28 0.675 0.281 0.674 0.281 0.671 0.284 0.671 0.284 0.67 0.285 0.67 0.288 0.671 0.288 0.671 0.289 0.673 0.291 0.675 0.291 0.676 0.291 0.678 0.291 0.679 0.291 0.681 0.291 0.683 0.289 0.683 0.288 0.684 0.288 0.684 0.285 0.683 0.284 0.683 0.283 0.681 0.281 0.679 0.281 0.678 0.28
3 0.593 0.28 0.592 0.281 0.591 0.281 0.588 0.284 0.588 0.284 0.586 0.285 0.586 0.288 0.588 0.288 0.588 0.289 0.59 0.291 0.592 0.291 0.593 0.291 0.595 0.291 0.596 0.291 0.598 0.291 0.6 0.289 0.6 0.288 0.601 0.288 0.601 0.285 0.6 0.284 0.6 0.283 0.598 0.281 0.596 0.281 0.595 0.28
3 0.435 0.27 0.434 0.27 0.433 0.27 0.431 0.272 0.431 0.273 0.43 0.273 0.43 0.275 0.431 0.276 0.431 0.277 0.433 0.278 0.434 0.278 0.435 0.279 0.438 0.279 0.439 0.278 0.44 0.278 0.442 0.277 0.442 0.276 0.443 0.275 0.443 0.273 0.442 0.273 0.442 0.272 0.44 0.27 0.439 0.27 0.438 0.27
3 0.536 0.229 0.535 0.23 0.534 0.23 0.532 0.231 0.532 0.232 0.531 0.233 0.531 0.234 0.532 0.235 0.532 0.236 0.534 0.238 0.535 0.238 0.536 0.238 0.539 0.238 0.54 0.238 0.541 0.238 0.543 0.236 0.543 0.235 0.544 0.234 0.544 0.233 0.543 0.232 0.543 0.231 0.541 0.23 0.54 0.23 0.539 0.229
