3 0.443 0.673 0.439 0.677 0.439 0.679 0.441 0.68 0.442 0.68 0.443 0.681 0.445 0.681 0.446 0.68 0.449 0.68 0.45 0.681 0.452 0.681 0.453 0.68 0.454 0.68 0.456 0.679 0.456 0.677 0.455 0.676 0.455 0.675 0.454 0.674 0.453 0.674 0.452 0.673 0.45 0.673 0.448 0.675 0.447 0.674 0.446 0.674 0.445 0.673
3 0.528 0.656 0.524 0.659 0.524 0.662 0.526 0.663 0.526 0.664 0.523 0.666 0.523 0.669 0.525 0.67 0.526 0.67 0.527 0.671 0.529 0.671 0.53 0.67 0.531 0.67 0.533 0.669 0.533 0.666 0.532 0.666 0.532 0.665 0.531 0.664 0.534 0.662 0.534 0.659 0.533 0.659 0.533 0.658 0.532 0.657 0.531 0.657 0.53 0.656
3 0.488 0.618 0.483 0.621 0.483 0.623 0.485 0.625 0.486 0.625 0.488 0.626 0.489 0.626 0.49 0.627 0.484 0.63 0.484 0.633 0.486 0.634 0.488 0.634 0.489 0.635 0.491 0.635 0.492 0.634 0.493 0.634 0.495 0.633 0.495 0.632 0.496 0.631 0.497 0.631 0.499 0.63 0.499 0.627 0.498 0.627 0.498 0.626 0.497 0.625 0.496 0.625 0.494 0.623 0.494 0.621 0.493 0.62 0.493 0.62 0.492 0.619 0.491 0.619 0.49 0.618
3 0.749 0.614 0.745 0.617 0.743 0.617 0.739 0.62 0.739 0.623 0.741 0.624 0.742 0.624 0.743 0.625 0.745 0.625 0.746 0.624 0.747 0.624 0.75 0.622 0.751 0.622 0.752 0.621 0.753 0.621 0.755 0.62 0.755 0.617 0.754 0.616 0.754 0.616 0.753 0.615 0.752 0.615 0.751 0.614
3 0.53 0.6 0.526 0.603 0.526 0.605 0.528 0.607 0.523 0.611 0.523 0.613 0.525 0.615 0.526 0.615 0.527 0.616 0.529 0.616 0.53 0.615 0.531 0.615 0.532 0.616 0.531 0.616 0.531 0.62 0.528 0.622 0.528 0.624 0.53 0.626 0.531 0.626 0.532 0.627 0.534 0.627 0.535 0.626 0.536 0.626 0.539 0.624 0.539 0.622 0.538 0.621 0.539 0.62 0.54 0.62 0.542 0.619 0.542 0.616 0.541 0.616 0.541 0.615 0.54 0.614 0.539 0.614 0.538 0.613 0.535 0.613 0.534 0.614 0.533 0.613 0.533 0.611 0.532 0.61 0.532 0.609 0.531 0.609 0.533 0.607 0.534 0.607 0.536 0.605 0.536 0.603 0.535 0.602 0.535 0.602 0.534 0.601 0.533 0.601 0.532 0.6
3 0.43 0.6 0.426 0.603 0.426 0.605 0.428 0.607 0.429 0.607 0.43 0.608 0.432 0.608 0.433 0.607 0.434 0.607 0.436 0.605 0.438 0.606 0.438 0.608 0.44 0.609 0.441 0.609 0.442 0.61 0.444 0.61 0.445 0.611 0.445 0.612 0.447 0.614 0.448 0.614 0.449 0.615 0.451 0.615 0.452 0.614 0.453 0.614 0.455 0.612 0.455 0.61 0.454 0.609 0.454 0.609 0.453 0.608 0.452 0.608 0.451 0.607 0.449 0.607 0.448 0.606 0.448 0.605 0.447 0.605 0.447 0.604 0.446 0.603 0.445 0.603 0.444 0.602 0.442 0.602 0.438 0.605 0.436 0.605 0.436 0.603 0.435 0.602 0.435 0.602 0.434 0.601 0.433 0.601 0.432 0.6
3 0.43 0.58 0.426 0.584 0.426 0.586 0.428 0.588 0.428 0.588 0.425 0.591 0.425 0.593 0.427 0.595 0.428 0.595 0.429 0.595 0.431 0.595 0.432 0.595 0.433 0.595 0.435 0.593 0.435 0.591 0.434 0.59 0.434 0.589 0.433 0.588 0.436 0.586 0.436 0.584 0.435 0.583 0.435 0.582 0.434 0.581 0.433 0.581 0.432 0.58
3 0.551 0.555 0.546 0.559 0.545 0.559 0.544 0.559 0.542 0.559 0.538 0.562 0.538 0.564 0.54 0.566 0.541 0.566 0.542 0.566 0.544 0.566 0.545 0.566 0.546 0.566 0.548 0.564 0.548 0.563 0.549 0.562 0.55 0.562 0.551 0.563 0.553 0.563 0.554 0.564 0.553 0.565 0.553 0.567 0.555 0.569 0.556 0.569 0.557 0.57 0.559 0.57 0.56 0.569 0.561 0.569 0.564 0.567 0.564 0.565 0.562 0.564 0.562 0.563 0.561 0.562 0.56 0.562 0.559 0.562 0.558 0.562 0.557 0.561 0.557 0.559 0.556 0.558 0.556 0.557 0.555 0.556 0.554 0.556 0.553 0.555
3 0.408 0.543 0.406 0.545 0.405 0.545 0.404 0.544 0.402 0.544 0.398 0.547 0.398 0.549 0.4 0.551 0.401 0.551 0.403 0.552 0.403 0.555 0.405 0.556 0.406 0.556 0.407 0.557 0.409 0.557 0.41 0.556 0.411 0.556 0.414 0.555 0.414 0.552 0.412 0.552 0.412 0.55 0.415 0.548 0.415 0.546 0.414 0.545 0.414 0.545 0.412 0.544 0.411 0.544 0.41 0.543
3 0.449 0.527 0.445 0.53 0.445 0.532 0.447 0.534 0.447 0.536 0.449 0.538 0.45 0.538 0.451 0.538 0.453 0.538 0.454 0.538 0.455 0.538 0.456 0.537 0.458 0.537 0.459 0.538 0.461 0.538 0.462 0.537 0.464 0.537 0.466 0.535 0.466 0.533 0.465 0.532 0.465 0.531 0.464 0.53 0.462 0.53 0.461 0.53 0.459 0.53 0.456 0.532 0.455 0.531 0.455 0.53 0.454 0.529 0.454 0.528 0.453 0.527 0.452 0.527 0.451 0.527
3 0.505 0.526 0.501 0.529 0.501 0.531 0.503 0.533 0.504 0.533 0.506 0.534 0.506 0.535 0.508 0.537 0.509 0.537 0.51 0.538 0.512 0.538 0.514 0.537 0.515 0.537 0.517 0.535 0.517 0.533 0.516 0.532 0.516 0.531 0.515 0.53 0.514 0.53 0.51 0.528 0.51 0.527 0.509 0.527 0.508 0.527 0.507 0.526
3 0.406 0.516 0.402 0.519 0.402 0.521 0.405 0.523 0.403 0.525 0.403 0.527 0.405 0.529 0.406 0.529 0.407 0.53 0.409 0.53 0.41 0.529 0.411 0.529 0.414 0.527 0.414 0.525 0.412 0.524 0.412 0.523 0.411 0.523 0.411 0.522 0.412 0.521 0.412 0.519 0.411 0.518 0.411 0.517 0.41 0.516 0.409 0.516 0.408 0.516
3 0.365 0.496 0.36 0.499 0.36 0.502 0.362 0.503 0.364 0.503 0.365 0.504 0.367 0.504 0.37 0.506 0.371 0.506 0.372 0.507 0.374 0.507 0.375 0.506 0.376 0.506 0.378 0.505 0.378 0.502 0.377 0.502 0.377 0.501 0.376 0.5 0.375 0.5 0.374 0.499 0.371 0.499 0.37 0.498 0.37 0.498 0.369 0.497 0.368 0.497 0.367 0.496
3 0.343 0.496 0.341 0.498 0.338 0.498 0.333 0.501 0.333 0.503 0.335 0.505 0.336 0.505 0.338 0.505 0.34 0.505 0.341 0.505 0.342 0.505 0.343 0.504 0.344 0.504 0.345 0.505 0.344 0.505 0.344 0.508 0.345 0.509 0.344 0.509 0.342 0.509 0.338 0.512 0.338 0.515 0.34 0.516 0.341 0.516 0.342 0.517 0.344 0.517 0.345 0.516 0.346 0.516 0.348 0.515 0.348 0.512 0.347 0.512 0.347 0.511 0.348 0.51 0.35 0.51 0.351 0.509 0.352 0.509 0.354 0.508 0.354 0.505 0.353 0.505 0.353 0.504 0.352 0.503 0.351 0.503 0.349 0.502 0.349 0.499 0.348 0.498 0.348 0.498 0.347 0.497 0.346 0.497 0.345 0.496
3 0.461 0.484 0.457 0.488 0.457 0.49 0.459 0.491 0.46 0.491 0.461 0.492 0.464 0.492 0.465 0.491 0.466 0.491 0.467 0.491 0.468 0.491 0.469 0.491 0.47 0.491 0.471 0.492 0.473 0.492 0.474 0.491 0.475 0.491 0.477 0.49 0.477 0.488 0.476 0.487 0.476 0.486 0.475 0.485 0.474 0.485 0.473 0.484 0.471 0.484 0.468 0.487 0.466 0.485 0.465 0.485 0.464 0.484
3 0.474 0.463 0.47 0.466 0.468 0.466 0.467 0.466 0.465 0.466 0.46 0.469 0.46 0.47 0.459 0.47 0.457 0.47 0.453 0.473 0.453 0.476 0.455 0.477 0.456 0.477 0.457 0.478 0.459 0.478 0.46 0.477 0.461 0.477 0.464 0.476 0.464 0.474 0.465 0.473 0.467 0.473 0.468 0.473 0.469 0.473 0.472 0.47 0.473 0.47 0.474 0.471 0.474 0.472 0.473 0.473 0.473 0.475 0.475 0.477 0.476 0.477 0.477 0.477 0.479 0.477 0.48 0.477 0.481 0.477 0.483 0.475 0.483 0.473 0.482 0.472 0.482 0.471 0.481 0.47 0.48 0.47 0.479 0.47 0.48 0.469 0.48 0.466 0.479 0.466 0.479 0.465 0.478 0.464 0.477 0.464 0.476 0.463
3 0.631 0.45 0.627 0.453 0.627 0.455 0.629 0.457 0.63 0.457 0.631 0.458 0.633 0.458 0.634 0.457 0.635 0.457 0.636 0.458 0.636 0.46 0.639 0.462 0.64 0.462 0.641 0.462 0.643 0.462 0.644 0.462 0.645 0.462 0.647 0.46 0.647 0.458 0.646 0.457 0.646 0.456 0.645 0.455 0.644 0.455 0.643 0.455 0.641 0.455 0.639 0.456 0.638 0.455 0.638 0.453 0.636 0.452 0.636 0.452 0.635 0.451 0.634 0.451 0.633 0.45
3 0.571 0.443 0.567 0.446 0.567 0.448 0.569 0.45 0.57 0.45 0.571 0.451 0.571 0.452 0.57 0.453 0.569 0.453 0.565 0.456 0.565 0.459 0.567 0.46 0.568 0.46 0.569 0.461 0.571 0.461 0.572 0.46 0.573 0.46 0.575 0.459 0.575 0.456 0.576 0.455 0.577 0.455 0.578 0.455 0.579 0.455 0.581 0.453 0.581 0.451 0.58 0.45 0.58 0.449 0.579 0.448 0.578 0.448 0.577 0.448 0.577 0.446 0.576 0.445 0.576 0.445 0.575 0.444 0.574 0.444 0.573 0.443
3 0.416 0.43 0.412 0.433 0.411 0.432 0.41 0.432 0.409 0.431 0.407 0.431 0.403 0.434 0.403 0.437 0.405 0.438 0.406 0.438 0.407 0.439 0.409 0.439 0.41 0.438 0.411 0.438 0.412 0.438 0.415 0.438 0.416 0.438 0.418 0.438 0.419 0.438 0.42 0.438 0.422 0.436 0.422 0.434 0.421 0.433 0.421 0.432 0.42 0.431 0.419 0.431 0.418 0.43
3 0.391 0.415 0.386 0.418 0.386 0.42 0.385 0.42 0.384 0.42 0.384 0.419 0.383 0.418 0.382 0.418 0.381 0.417 0.379 0.417 0.375 0.42 0.375 0.423 0.377 0.424 0.378 0.424 0.379 0.425 0.381 0.425 0.382 0.424 0.383 0.424 0.385 0.423 0.385 0.421 0.386 0.42 0.389 0.422 0.39 0.422 0.391 0.423 0.393 0.423 0.394 0.422 0.395 0.422 0.397 0.42 0.397 0.418 0.396 0.417 0.396 0.416 0.395 0.416 0.394 0.416 0.393 0.415
3 0.411 0.402 0.407 0.405 0.407 0.407 0.409 0.409 0.409 0.409 0.406 0.412 0.406 0.414 0.408 0.416 0.409 0.416 0.41 0.416 0.412 0.416 0.414 0.416 0.415 0.416 0.417 0.414 0.417 0.412 0.416 0.411 0.416 0.41 0.415 0.409 0.418 0.407 0.418 0.405 0.417 0.404 0.417 0.403 0.416 0.402 0.415 0.402 0.414 0.402
3 0.579 0.401 0.575 0.404 0.575 0.406 0.577 0.408 0.578 0.408 0.579 0.409 0.581 0.409 0.582 0.408 0.583 0.409 0.583 0.409 0.585 0.411 0.586 0.411 0.588 0.412 0.59 0.412 0.591 0.411 0.592 0.411 0.594 0.409 0.594 0.407 0.593 0.406 0.593 0.405 0.592 0.405 0.591 0.405 0.59 0.404 0.588 0.404 0.586 0.405 0.584 0.403 0.584 0.402 0.583 0.402 0.582 0.402 0.581 0.401
3 0.731 0.395 0.727 0.398 0.727 0.401 0.729 0.402 0.73 0.402 0.731 0.403 0.731 0.406 0.733 0.408 0.734 0.408 0.735 0.409 0.738 0.409 0.739 0.408 0.74 0.408 0.742 0.406 0.742 0.404 0.741 0.403 0.741 0.402 0.74 0.402 0.739 0.402 0.738 0.401 0.738 0.398 0.736 0.398 0.736 0.397 0.735 0.396 0.734 0.396 0.733 0.395
3 0.619 0.388 0.615 0.391 0.615 0.393 0.609 0.397 0.609 0.399 0.611 0.401 0.612 0.401 0.614 0.402 0.616 0.402 0.617 0.401 0.618 0.401 0.62 0.399 0.62 0.397 0.619 0.396 0.62 0.395 0.621 0.395 0.622 0.395 0.623 0.395 0.624 0.395 0.622 0.397 0.622 0.399 0.624 0.401 0.625 0.401 0.626 0.402 0.628 0.402 0.629 0.401 0.63 0.401 0.632 0.399 0.632 0.397 0.631 0.396 0.631 0.395 0.63 0.395 0.629 0.395 0.628 0.394 0.626 0.394 0.625 0.393 0.625 0.391 0.624 0.39 0.624 0.389 0.623 0.388 0.622 0.388 0.621 0.388
3 0.576 0.382 0.572 0.385 0.572 0.388 0.574 0.389 0.575 0.389 0.576 0.39 0.576 0.391 0.573 0.393 0.573 0.395 0.575 0.397 0.576 0.397 0.577 0.398 0.579 0.398 0.58 0.397 0.581 0.397 0.583 0.395 0.584 0.395 0.586 0.397 0.588 0.397 0.589 0.398 0.591 0.398 0.592 0.397 0.593 0.397 0.595 0.395 0.595 0.393 0.594 0.392 0.594 0.391 0.593 0.391 0.592 0.391 0.591 0.39 0.589 0.39 0.584 0.393 0.583 0.393 0.582 0.392 0.582 0.391 0.581 0.391 0.58 0.391 0.579 0.39 0.582 0.388 0.582 0.385 0.581 0.384 0.581 0.384 0.58 0.383 0.579 0.383 0.578 0.382
3 0.558 0.38 0.554 0.383 0.554 0.384 0.55 0.388 0.55 0.39 0.552 0.391 0.553 0.391 0.554 0.392 0.555 0.392 0.556 0.393 0.554 0.395 0.554 0.397 0.556 0.398 0.551 0.402 0.55 0.402 0.55 0.401 0.549 0.4 0.551 0.398 0.551 0.396 0.55 0.395 0.55 0.395 0.549 0.394 0.548 0.394 0.547 0.393 0.545 0.393 0.541 0.396 0.541 0.398 0.543 0.4 0.543 0.401 0.541 0.402 0.541 0.405 0.536 0.408 0.536 0.41 0.539 0.412 0.54 0.412 0.541 0.412 0.543 0.412 0.544 0.412 0.545 0.412 0.547 0.41 0.547 0.407 0.548 0.406 0.549 0.406 0.551 0.405 0.553 0.406 0.554 0.406 0.555 0.407 0.557 0.407 0.558 0.406 0.559 0.406 0.561 0.405 0.561 0.402 0.56 0.402 0.56 0.401 0.559 0.4 0.561 0.398 0.562 0.398 0.565 0.397 0.565 0.395 0.564 0.394 0.564 0.393 0.562 0.392 0.561 0.392 0.559 0.391 0.56 0.39 0.56 0.388 0.561 0.387 0.562 0.387 0.565 0.385 0.565 0.383 0.564 0.382 0.564 0.381 0.562 0.38 0.561 0.38 0.56 0.38
3 0.705 0.371 0.701 0.374 0.701 0.377 0.702 0.377 0.702 0.378 0.7 0.38 0.7 0.382 0.702 0.384 0.703 0.384 0.704 0.384 0.706 0.384 0.707 0.384 0.708 0.384 0.71 0.382 0.71 0.38 0.709 0.379 0.709 0.378 0.711 0.377 0.711 0.374 0.71 0.373 0.71 0.373 0.709 0.372 0.708 0.372 0.707 0.371
3 0.434 0.37 0.431 0.372 0.43 0.372 0.429 0.371 0.427 0.371 0.423 0.374 0.423 0.377 0.425 0.378 0.426 0.378 0.427 0.379 0.428 0.379 0.429 0.38 0.428 0.38 0.428 0.383 0.43 0.384 0.431 0.384 0.432 0.385 0.434 0.385 0.435 0.384 0.436 0.384 0.439 0.386 0.44 0.386 0.441 0.387 0.443 0.387 0.444 0.386 0.445 0.386 0.447 0.384 0.447 0.382 0.446 0.381 0.446 0.38 0.445 0.38 0.444 0.38 0.442 0.378 0.443 0.377 0.444 0.377 0.446 0.376 0.446 0.373 0.445 0.373 0.445 0.372 0.444 0.371 0.443 0.371 0.442 0.37 0.438 0.37 0.436 0.37
3 0.48 0.362 0.476 0.366 0.476 0.368 0.471 0.372 0.471 0.374 0.473 0.376 0.474 0.376 0.475 0.377 0.477 0.377 0.478 0.376 0.479 0.376 0.481 0.374 0.482 0.375 0.483 0.375 0.484 0.376 0.486 0.376 0.488 0.375 0.489 0.375 0.491 0.373 0.491 0.371 0.49 0.37 0.49 0.37 0.489 0.369 0.488 0.369 0.486 0.368 0.486 0.366 0.485 0.365 0.485 0.364 0.484 0.363 0.483 0.363 0.482 0.362
