7 0.488 0.778 0.486 0.779 0.485 0.779 0.484 0.78 0.483 0.78 0.482 0.78 0.481 0.78 0.48 0.781 0.48 0.782 0.477 0.784 0.477 0.786 0.476 0.787 0.476 0.791 0.477 0.792 0.477 0.794 0.48 0.796 0.48 0.797 0.481 0.798 0.482 0.798 0.483 0.798 0.484 0.798 0.485 0.799 0.486 0.799 0.488 0.8 0.496 0.8 0.497 0.799 0.498 0.799 0.499 0.798 0.501 0.798 0.503 0.797 0.503 0.796 0.506 0.794 0.506 0.792 0.507 0.791 0.507 0.787 0.506 0.786 0.506 0.784 0.503 0.782 0.503 0.781 0.501 0.78 0.499 0.78 0.498 0.779 0.497 0.779 0.496 0.778
7 0.557 0.768 0.556 0.769 0.555 0.769 0.554 0.77 0.553 0.77 0.552 0.77 0.551 0.77 0.55 0.771 0.55 0.772 0.547 0.774 0.547 0.776 0.546 0.777 0.545 0.776 0.545 0.775 0.542 0.773 0.542 0.772 0.54 0.77 0.538 0.77 0.536 0.77 0.535 0.77 0.534 0.769 0.526 0.769 0.525 0.77 0.524 0.77 0.523 0.77 0.522 0.77 0.521 0.771 0.52 0.771 0.519 0.772 0.519 0.773 0.516 0.775 0.516 0.777 0.515 0.777 0.515 0.782 0.516 0.783 0.516 0.784 0.519 0.787 0.519 0.788 0.52 0.788 0.521 0.788 0.522 0.789 0.523 0.789 0.524 0.79 0.525 0.79 0.526 0.791 0.534 0.791 0.535 0.79 0.536 0.79 0.538 0.789 0.54 0.789 0.542 0.788 0.542 0.787 0.545 0.784 0.545 0.783 0.546 0.782 0.547 0.783 0.547 0.784 0.55 0.786 0.55 0.787 0.551 0.788 0.552 0.788 0.553 0.788 0.554 0.788 0.555 0.789 0.556 0.789 0.557 0.79 0.566 0.79 0.567 0.789 0.568 0.789 0.569 0.788 0.57 0.789 0.57 0.792 0.571 0.793 0.571 0.795 0.574 0.797 0.574 0.798 0.575 0.798 0.576 0.798 0.577 0.799 0.578 0.799 0.579 0.8 0.58 0.8 0.581 0.801 0.59 0.801 0.591 0.8 0.592 0.8 0.593 0.799 0.595 0.799 0.597 0.798 0.597 0.797 0.6 0.795 0.6 0.793 0.601 0.792 0.601 0.788 0.6 0.787 0.6 0.785 0.597 0.783 0.597 0.782 0.595 0.78 0.593 0.78 0.592 0.78 0.591 0.78 0.59 0.779 0.581 0.779 0.58 0.78 0.579 0.78 0.578 0.78 0.577 0.78 0.577 0.777 0.576 0.776 0.576 0.774 0.573 0.772 0.573 0.771 0.571 0.77 0.569 0.77 0.568 0.769 0.567 0.769 0.566 0.768
7 0.743 0.76 0.742 0.761 0.741 0.761 0.74 0.762 0.739 0.762 0.738 0.762 0.736 0.762 0.735 0.763 0.735 0.764 0.732 0.766 0.732 0.768 0.731 0.769 0.731 0.773 0.732 0.774 0.732 0.776 0.735 0.778 0.735 0.779 0.736 0.78 0.738 0.78 0.739 0.78 0.74 0.78 0.741 0.781 0.742 0.781 0.743 0.782 0.751 0.782 0.752 0.781 0.753 0.781 0.754 0.78 0.756 0.78 0.758 0.779 0.758 0.778 0.761 0.776 0.761 0.774 0.762 0.773 0.762 0.769 0.761 0.768 0.761 0.766 0.758 0.764 0.758 0.763 0.756 0.762 0.754 0.762 0.753 0.761 0.752 0.761 0.751 0.76
7 0.322 0.745 0.321 0.746 0.32 0.746 0.319 0.747 0.318 0.747 0.317 0.748 0.316 0.748 0.315 0.748 0.315 0.749 0.311 0.752 0.311 0.753 0.31 0.754 0.31 0.759 0.311 0.759 0.311 0.761 0.315 0.763 0.315 0.764 0.316 0.765 0.317 0.765 0.318 0.766 0.319 0.766 0.32 0.766 0.321 0.766 0.322 0.767 0.33 0.767 0.331 0.766 0.332 0.766 0.333 0.766 0.335 0.766 0.338 0.764 0.338 0.763 0.341 0.761 0.341 0.759 0.342 0.759 0.342 0.754 0.341 0.753 0.341 0.752 0.338 0.749 0.338 0.748 0.335 0.747 0.333 0.747 0.332 0.746 0.331 0.746 0.33 0.745
7 0.278 0.741 0.277 0.742 0.276 0.742 0.275 0.743 0.274 0.743 0.273 0.744 0.272 0.744 0.271 0.745 0.271 0.745 0.268 0.748 0.268 0.749 0.267 0.75 0.267 0.755 0.268 0.755 0.268 0.757 0.271 0.759 0.271 0.76 0.272 0.761 0.273 0.761 0.274 0.762 0.275 0.762 0.276 0.762 0.277 0.762 0.278 0.763 0.286 0.763 0.288 0.762 0.289 0.762 0.29 0.762 0.292 0.762 0.294 0.76 0.294 0.759 0.297 0.757 0.297 0.755 0.298 0.755 0.298 0.75 0.297 0.749 0.297 0.748 0.294 0.745 0.294 0.745 0.292 0.743 0.29 0.743 0.289 0.742 0.288 0.742 0.286 0.741
7 0.389 0.73 0.388 0.73 0.386 0.73 0.385 0.731 0.384 0.731 0.383 0.732 0.382 0.732 0.381 0.733 0.381 0.734 0.378 0.736 0.378 0.738 0.377 0.738 0.377 0.743 0.378 0.744 0.378 0.745 0.381 0.748 0.381 0.748 0.382 0.749 0.383 0.749 0.384 0.75 0.385 0.75 0.386 0.751 0.388 0.751 0.389 0.752 0.397 0.752 0.398 0.751 0.399 0.751 0.4 0.75 0.402 0.75 0.404 0.748 0.404 0.748 0.407 0.745 0.407 0.744 0.408 0.743 0.408 0.738 0.407 0.738 0.407 0.736 0.404 0.734 0.404 0.733 0.402 0.731 0.4 0.731 0.399 0.73 0.398 0.73 0.397 0.73
7 0.443 0.729 0.442 0.73 0.441 0.73 0.44 0.73 0.439 0.73 0.435 0.733 0.435 0.734 0.434 0.734 0.434 0.736 0.433 0.737 0.433 0.741 0.434 0.742 0.434 0.744 0.435 0.745 0.435 0.745 0.439 0.748 0.44 0.748 0.441 0.748 0.442 0.748 0.443 0.749 0.448 0.749 0.449 0.748 0.451 0.748 0.452 0.748 0.453 0.748 0.456 0.745 0.456 0.745 0.457 0.744 0.457 0.742 0.458 0.741 0.458 0.737 0.457 0.736 0.457 0.734 0.456 0.734 0.456 0.733 0.453 0.73 0.452 0.73 0.451 0.73 0.449 0.73 0.448 0.729
7 0.307 0.721 0.306 0.722 0.305 0.722 0.304 0.723 0.303 0.723 0.302 0.723 0.301 0.723 0.3 0.724 0.3 0.725 0.297 0.727 0.297 0.729 0.296 0.73 0.296 0.734 0.297 0.735 0.297 0.737 0.3 0.739 0.3 0.74 0.301 0.741 0.302 0.741 0.303 0.741 0.304 0.741 0.305 0.742 0.306 0.742 0.307 0.743 0.316 0.743 0.317 0.742 0.318 0.742 0.319 0.741 0.321 0.741 0.323 0.74 0.323 0.739 0.326 0.737 0.326 0.735 0.327 0.734 0.327 0.73 0.326 0.729 0.326 0.727 0.323 0.725 0.323 0.724 0.321 0.723 0.319 0.723 0.318 0.722 0.317 0.722 0.316 0.721
7 0.49 0.714 0.489 0.715 0.488 0.715 0.486 0.716 0.485 0.716 0.482 0.718 0.482 0.719 0.481 0.72 0.481 0.721 0.48 0.722 0.48 0.727 0.481 0.727 0.481 0.729 0.482 0.73 0.482 0.73 0.485 0.733 0.486 0.733 0.488 0.734 0.489 0.734 0.49 0.734 0.495 0.734 0.496 0.734 0.498 0.734 0.499 0.733 0.5 0.733 0.503 0.73 0.503 0.73 0.504 0.729 0.504 0.727 0.505 0.727 0.505 0.722 0.504 0.721 0.504 0.72 0.503 0.719 0.503 0.718 0.5 0.716 0.499 0.716 0.498 0.715 0.496 0.715 0.495 0.714
7 0.428 0.711 0.427 0.712 0.426 0.712 0.422 0.715 0.422 0.716 0.421 0.716 0.421 0.721 0.422 0.722 0.421 0.723 0.418 0.723 0.417 0.723 0.416 0.723 0.411 0.727 0.411 0.727 0.41 0.728 0.41 0.733 0.411 0.734 0.411 0.734 0.416 0.738 0.417 0.738 0.418 0.738 0.424 0.738 0.426 0.737 0.427 0.737 0.43 0.734 0.43 0.734 0.431 0.733 0.431 0.728 0.43 0.727 0.431 0.727 0.434 0.727 0.436 0.725 0.438 0.725 0.441 0.723 0.441 0.722 0.442 0.721 0.442 0.716 0.441 0.716 0.441 0.715 0.438 0.712 0.436 0.712 0.434 0.711
7 0.682 0.702 0.681 0.702 0.68 0.702 0.679 0.703 0.678 0.703 0.677 0.704 0.676 0.704 0.675 0.705 0.675 0.705 0.672 0.708 0.672 0.709 0.671 0.71 0.671 0.715 0.672 0.716 0.672 0.717 0.675 0.72 0.675 0.72 0.676 0.721 0.677 0.721 0.678 0.722 0.679 0.722 0.68 0.723 0.681 0.723 0.682 0.723 0.691 0.723 0.692 0.723 0.693 0.723 0.694 0.722 0.696 0.722 0.698 0.72 0.698 0.72 0.701 0.717 0.701 0.716 0.702 0.715 0.702 0.71 0.701 0.709 0.701 0.708 0.698 0.705 0.698 0.705 0.696 0.703 0.694 0.703 0.693 0.702 0.692 0.702 0.691 0.702
7 0.586 0.702 0.585 0.702 0.584 0.702 0.58 0.705 0.58 0.706 0.579 0.707 0.579 0.712 0.58 0.712 0.58 0.713 0.584 0.716 0.585 0.716 0.586 0.717 0.593 0.717 0.595 0.716 0.596 0.716 0.597 0.715 0.598 0.716 0.598 0.717 0.601 0.72 0.601 0.72 0.602 0.721 0.603 0.721 0.604 0.722 0.605 0.722 0.606 0.723 0.607 0.723 0.608 0.723 0.617 0.723 0.618 0.723 0.619 0.723 0.62 0.722 0.622 0.722 0.624 0.72 0.624 0.72 0.627 0.717 0.627 0.716 0.628 0.715 0.628 0.71 0.627 0.709 0.627 0.708 0.624 0.705 0.624 0.705 0.622 0.703 0.62 0.703 0.619 0.702 0.618 0.702 0.617 0.702 0.608 0.702 0.607 0.702 0.606 0.702 0.605 0.703 0.604 0.703 0.603 0.704 0.602 0.704 0.601 0.705 0.601 0.705 0.6 0.706 0.596 0.703 0.595 0.703 0.593 0.702
7 0.471 0.697 0.47 0.698 0.469 0.698 0.465 0.701 0.465 0.702 0.464 0.702 0.464 0.707 0.465 0.708 0.465 0.709 0.469 0.712 0.47 0.712 0.471 0.712 0.477 0.712 0.479 0.711 0.48 0.711 0.483 0.709 0.483 0.708 0.484 0.707 0.484 0.702 0.483 0.702 0.483 0.701 0.48 0.698 0.479 0.698 0.477 0.697
7 0.362 0.694 0.361 0.695 0.36 0.695 0.359 0.695 0.358 0.695 0.355 0.698 0.355 0.698 0.354 0.699 0.354 0.701 0.353 0.702 0.353 0.703 0.352 0.704 0.351 0.704 0.35 0.703 0.345 0.703 0.344 0.704 0.343 0.704 0.342 0.705 0.341 0.705 0.338 0.707 0.338 0.708 0.336 0.709 0.336 0.71 0.335 0.711 0.335 0.716 0.336 0.716 0.336 0.718 0.338 0.719 0.338 0.72 0.341 0.722 0.342 0.722 0.343 0.723 0.344 0.723 0.345 0.723 0.35 0.723 0.351 0.723 0.353 0.723 0.354 0.722 0.355 0.722 0.358 0.72 0.358 0.719 0.359 0.718 0.359 0.716 0.36 0.716 0.36 0.714 0.361 0.713 0.362 0.714 0.368 0.714 0.369 0.713 0.371 0.713 0.372 0.712 0.373 0.712 0.376 0.71 0.376 0.709 0.377 0.709 0.377 0.707 0.378 0.706 0.378 0.702 0.377 0.701 0.377 0.699 0.376 0.698 0.376 0.698 0.373 0.695 0.372 0.695 0.371 0.695 0.369 0.695 0.368 0.694
7 0.509 0.691 0.508 0.692 0.507 0.692 0.503 0.695 0.503 0.696 0.502 0.697 0.502 0.702 0.503 0.702 0.503 0.703 0.507 0.706 0.508 0.706 0.509 0.707 0.516 0.707 0.518 0.705 0.519 0.705 0.522 0.703 0.522 0.702 0.523 0.702 0.523 0.697 0.522 0.696 0.522 0.695 0.519 0.693 0.518 0.693 0.516 0.691
7 0.635 0.684 0.634 0.684 0.633 0.684 0.629 0.688 0.629 0.688 0.628 0.689 0.628 0.694 0.629 0.695 0.629 0.695 0.633 0.698 0.634 0.698 0.635 0.699 0.642 0.699 0.644 0.698 0.645 0.698 0.648 0.695 0.648 0.695 0.649 0.694 0.649 0.689 0.648 0.688 0.648 0.688 0.645 0.685 0.644 0.685 0.642 0.684
7 0.57 0.683 0.569 0.684 0.568 0.684 0.564 0.687 0.564 0.688 0.562 0.688 0.562 0.692 0.561 0.693 0.558 0.693 0.557 0.694 0.556 0.694 0.552 0.697 0.552 0.698 0.551 0.698 0.551 0.703 0.552 0.704 0.552 0.705 0.556 0.708 0.557 0.708 0.558 0.709 0.565 0.709 0.567 0.707 0.568 0.707 0.571 0.705 0.571 0.704 0.572 0.703 0.572 0.699 0.573 0.698 0.576 0.698 0.578 0.697 0.579 0.697 0.582 0.695 0.582 0.694 0.583 0.693 0.583 0.688 0.582 0.688 0.582 0.687 0.579 0.684 0.578 0.684 0.576 0.683
7 0.481 0.681 0.48 0.682 0.479 0.682 0.475 0.685 0.475 0.686 0.474 0.687 0.474 0.691 0.475 0.692 0.475 0.693 0.479 0.696 0.48 0.696 0.481 0.697 0.488 0.697 0.49 0.695 0.491 0.695 0.494 0.693 0.494 0.692 0.495 0.691 0.495 0.687 0.494 0.686 0.494 0.685 0.491 0.683 0.49 0.683 0.488 0.681
7 0.348 0.67 0.347 0.671 0.346 0.671 0.345 0.672 0.344 0.672 0.341 0.674 0.341 0.675 0.34 0.676 0.34 0.677 0.339 0.678 0.339 0.683 0.34 0.684 0.34 0.685 0.341 0.686 0.341 0.687 0.344 0.689 0.345 0.689 0.346 0.69 0.347 0.69 0.348 0.691 0.353 0.691 0.354 0.69 0.356 0.69 0.357 0.689 0.358 0.689 0.361 0.687 0.361 0.686 0.362 0.685 0.362 0.684 0.364 0.683 0.364 0.678 0.362 0.677 0.362 0.676 0.361 0.675 0.361 0.674 0.358 0.672 0.357 0.672 0.356 0.671 0.354 0.671 0.353 0.67
7 0.612 0.669 0.611 0.67 0.61 0.67 0.606 0.673 0.606 0.673 0.605 0.674 0.605 0.679 0.606 0.68 0.606 0.68 0.605 0.681 0.601 0.681 0.6 0.682 0.599 0.682 0.595 0.685 0.595 0.686 0.594 0.687 0.594 0.691 0.595 0.692 0.595 0.693 0.599 0.696 0.6 0.696 0.601 0.697 0.607 0.697 0.609 0.695 0.61 0.695 0.614 0.693 0.614 0.692 0.615 0.691 0.615 0.687 0.614 0.686 0.614 0.685 0.615 0.684 0.619 0.684 0.621 0.683 0.622 0.683 0.625 0.68 0.625 0.68 0.626 0.679 0.626 0.674 0.625 0.673 0.625 0.673 0.622 0.67 0.621 0.67 0.619 0.669
7 0.835 0.66 0.834 0.661 0.833 0.661 0.832 0.662 0.831 0.662 0.83 0.662 0.829 0.662 0.828 0.663 0.828 0.664 0.825 0.666 0.825 0.668 0.824 0.669 0.824 0.673 0.825 0.674 0.825 0.676 0.828 0.678 0.828 0.679 0.829 0.68 0.83 0.68 0.831 0.68 0.832 0.68 0.833 0.681 0.834 0.681 0.835 0.682 0.844 0.682 0.845 0.681 0.846 0.681 0.847 0.68 0.849 0.68 0.851 0.679 0.851 0.678 0.854 0.676 0.854 0.674 0.855 0.673 0.855 0.669 0.854 0.668 0.854 0.666 0.851 0.664 0.851 0.663 0.849 0.662 0.847 0.662 0.846 0.661 0.845 0.661 0.844 0.66
7 0.462 0.657 0.461 0.658 0.46 0.658 0.456 0.661 0.456 0.662 0.455 0.662 0.455 0.667 0.456 0.668 0.456 0.669 0.459 0.671 0.459 0.676 0.46 0.677 0.46 0.677 0.465 0.68 0.466 0.68 0.467 0.681 0.473 0.681 0.475 0.68 0.476 0.68 0.479 0.677 0.479 0.677 0.48 0.676 0.48 0.671 0.479 0.67 0.479 0.67 0.476 0.667 0.476 0.662 0.475 0.662 0.475 0.661 0.472 0.659 0.471 0.659 0.469 0.657
7 0.748 0.651 0.747 0.652 0.746 0.652 0.742 0.655 0.742 0.655 0.741 0.656 0.741 0.661 0.742 0.662 0.742 0.662 0.745 0.665 0.744 0.666 0.743 0.666 0.742 0.666 0.741 0.666 0.74 0.666 0.739 0.666 0.736 0.664 0.73 0.664 0.729 0.665 0.728 0.665 0.724 0.668 0.724 0.669 0.723 0.67 0.723 0.674 0.724 0.675 0.724 0.676 0.728 0.679 0.729 0.679 0.731 0.68 0.727 0.684 0.727 0.684 0.726 0.685 0.726 0.69 0.727 0.691 0.727 0.691 0.731 0.695 0.732 0.695 0.733 0.695 0.74 0.695 0.742 0.694 0.743 0.694 0.746 0.691 0.746 0.691 0.747 0.69 0.747 0.685 0.746 0.684 0.746 0.684 0.744 0.682 0.745 0.681 0.748 0.681 0.749 0.682 0.749 0.685 0.75 0.686 0.75 0.687 0.754 0.69 0.755 0.69 0.756 0.691 0.762 0.691 0.765 0.689 0.766 0.689 0.769 0.687 0.769 0.686 0.77 0.685 0.77 0.68 0.769 0.68 0.769 0.679 0.766 0.677 0.765 0.677 0.762 0.675 0.757 0.675 0.756 0.674 0.756 0.671 0.755 0.67 0.755 0.67 0.752 0.667 0.753 0.666 0.754 0.666 0.756 0.665 0.757 0.665 0.76 0.662 0.76 0.662 0.761 0.661 0.761 0.656 0.76 0.655 0.76 0.655 0.757 0.652 0.756 0.652 0.754 0.651
7 0.778 0.65 0.777 0.651 0.776 0.651 0.775 0.652 0.774 0.652 0.773 0.652 0.772 0.652 0.771 0.653 0.771 0.654 0.768 0.656 0.768 0.658 0.767 0.659 0.767 0.663 0.768 0.664 0.768 0.666 0.771 0.668 0.771 0.669 0.772 0.67 0.773 0.67 0.774 0.67 0.775 0.67 0.776 0.671 0.777 0.671 0.778 0.672 0.786 0.672 0.788 0.671 0.789 0.671 0.79 0.67 0.792 0.67 0.794 0.669 0.794 0.668 0.797 0.666 0.797 0.664 0.798 0.663 0.798 0.659 0.797 0.658 0.797 0.656 0.794 0.654 0.794 0.653 0.792 0.652 0.79 0.652 0.789 0.651 0.788 0.651 0.786 0.65
7 0.588 0.638 0.586 0.638 0.585 0.638 0.581 0.641 0.581 0.642 0.58 0.643 0.58 0.648 0.581 0.648 0.581 0.649 0.585 0.652 0.586 0.652 0.588 0.653 0.594 0.653 0.596 0.652 0.597 0.652 0.6 0.649 0.6 0.648 0.601 0.648 0.601 0.643 0.6 0.642 0.6 0.641 0.597 0.639 0.596 0.639 0.594 0.638
7 0.41 0.636 0.409 0.637 0.408 0.637 0.407 0.638 0.406 0.638 0.403 0.64 0.403 0.641 0.402 0.641 0.402 0.643 0.401 0.644 0.401 0.648 0.402 0.649 0.402 0.651 0.403 0.652 0.403 0.652 0.406 0.655 0.407 0.655 0.408 0.655 0.409 0.655 0.41 0.656 0.416 0.656 0.417 0.655 0.419 0.655 0.42 0.655 0.421 0.655 0.424 0.652 0.424 0.652 0.425 0.651 0.425 0.649 0.426 0.648 0.426 0.644 0.425 0.643 0.425 0.641 0.424 0.641 0.424 0.64 0.421 0.638 0.42 0.638 0.419 0.637 0.417 0.637 0.416 0.636
7 0.349 0.636 0.348 0.637 0.347 0.637 0.346 0.638 0.345 0.638 0.342 0.64 0.342 0.641 0.341 0.641 0.341 0.643 0.34 0.644 0.34 0.648 0.341 0.649 0.341 0.651 0.342 0.652 0.342 0.652 0.345 0.655 0.346 0.655 0.348 0.656 0.348 0.657 0.349 0.658 0.349 0.659 0.35 0.66 0.35 0.661 0.353 0.663 0.354 0.663 0.355 0.664 0.356 0.664 0.357 0.665 0.362 0.665 0.364 0.664 0.366 0.664 0.367 0.663 0.368 0.663 0.371 0.661 0.371 0.66 0.372 0.659 0.372 0.658 0.373 0.657 0.373 0.652 0.372 0.652 0.372 0.65 0.371 0.649 0.371 0.648 0.368 0.646 0.367 0.646 0.365 0.645 0.365 0.644 0.364 0.643 0.364 0.641 0.362 0.641 0.362 0.64 0.359 0.638 0.358 0.638 0.357 0.637 0.355 0.637 0.354 0.636
7 0.242 0.634 0.241 0.635 0.24 0.635 0.239 0.636 0.238 0.636 0.236 0.637 0.235 0.637 0.234 0.638 0.234 0.638 0.231 0.641 0.231 0.642 0.23 0.643 0.23 0.648 0.231 0.648 0.231 0.65 0.234 0.652 0.234 0.653 0.235 0.654 0.236 0.654 0.238 0.655 0.239 0.655 0.24 0.655 0.241 0.655 0.242 0.656 0.25 0.656 0.251 0.655 0.252 0.655 0.253 0.655 0.255 0.655 0.257 0.653 0.257 0.652 0.26 0.65 0.26 0.648 0.261 0.648 0.261 0.643 0.26 0.642 0.26 0.641 0.257 0.638 0.257 0.638 0.255 0.636 0.253 0.636 0.252 0.635 0.251 0.635 0.25 0.634
7 0.676 0.628 0.675 0.629 0.674 0.629 0.67 0.632 0.67 0.633 0.669 0.634 0.669 0.638 0.67 0.639 0.67 0.64 0.674 0.643 0.675 0.643 0.676 0.644 0.682 0.644 0.684 0.642 0.685 0.642 0.689 0.64 0.689 0.639 0.69 0.638 0.69 0.634 0.689 0.633 0.689 0.632 0.685 0.63 0.684 0.63 0.682 0.628
7 0.548 0.627 0.547 0.628 0.546 0.628 0.542 0.631 0.542 0.632 0.541 0.633 0.534 0.633 0.533 0.634 0.532 0.634 0.528 0.637 0.528 0.638 0.527 0.638 0.527 0.643 0.528 0.644 0.528 0.645 0.532 0.648 0.533 0.648 0.534 0.648 0.541 0.648 0.543 0.647 0.544 0.647 0.547 0.645 0.547 0.644 0.548 0.643 0.554 0.643 0.556 0.641 0.557 0.641 0.56 0.639 0.56 0.638 0.561 0.638 0.561 0.633 0.56 0.632 0.56 0.631 0.557 0.629 0.556 0.629 0.554 0.627
7 0.721 0.624 0.72 0.625 0.719 0.625 0.715 0.628 0.715 0.629 0.714 0.63 0.714 0.633 0.711 0.634 0.71 0.634 0.706 0.638 0.706 0.638 0.705 0.639 0.705 0.644 0.706 0.645 0.706 0.645 0.71 0.648 0.711 0.648 0.712 0.649 0.719 0.649 0.721 0.648 0.722 0.648 0.725 0.645 0.725 0.645 0.726 0.644 0.726 0.641 0.729 0.638 0.73 0.638 0.733 0.636 0.733 0.635 0.734 0.634 0.734 0.63 0.733 0.629 0.733 0.628 0.73 0.626 0.729 0.626 0.727 0.624
7 0.592 0.62 0.591 0.621 0.59 0.621 0.585 0.624 0.585 0.625 0.584 0.626 0.584 0.63 0.585 0.631 0.585 0.632 0.59 0.635 0.591 0.635 0.592 0.636 0.598 0.636 0.6 0.634 0.601 0.634 0.604 0.632 0.604 0.631 0.605 0.63 0.605 0.626 0.604 0.625 0.604 0.624 0.601 0.622 0.6 0.622 0.598 0.62
7 0.438 0.618 0.436 0.619 0.435 0.619 0.431 0.622 0.431 0.623 0.43 0.623 0.43 0.628 0.431 0.629 0.431 0.63 0.435 0.633 0.436 0.633 0.438 0.634 0.444 0.634 0.446 0.632 0.447 0.632 0.45 0.63 0.45 0.629 0.451 0.628 0.451 0.623 0.45 0.623 0.45 0.622 0.447 0.62 0.446 0.62 0.444 0.618
7 0.523 0.615 0.522 0.616 0.521 0.616 0.517 0.619 0.517 0.62 0.516 0.62 0.516 0.623 0.515 0.624 0.514 0.624 0.511 0.623 0.505 0.623 0.504 0.623 0.503 0.623 0.499 0.627 0.499 0.627 0.498 0.628 0.498 0.633 0.499 0.634 0.499 0.634 0.503 0.638 0.504 0.638 0.505 0.638 0.504 0.639 0.502 0.639 0.501 0.64 0.5 0.64 0.497 0.642 0.493 0.639 0.492 0.639 0.489 0.637 0.489 0.635 0.488 0.634 0.488 0.634 0.484 0.631 0.483 0.631 0.481 0.63 0.475 0.63 0.474 0.63 0.473 0.63 0.469 0.634 0.469 0.634 0.468 0.635 0.468 0.64 0.469 0.641 0.469 0.641 0.473 0.645 0.474 0.645 0.476 0.646 0.476 0.648 0.477 0.648 0.477 0.649 0.481 0.652 0.482 0.652 0.483 0.653 0.49 0.653 0.492 0.652 0.493 0.652 0.495 0.65 0.5 0.654 0.501 0.654 0.502 0.655 0.508 0.655 0.51 0.653 0.511 0.653 0.515 0.651 0.515 0.65 0.516 0.649 0.516 0.645 0.515 0.644 0.515 0.643 0.511 0.641 0.51 0.641 0.508 0.639 0.509 0.638 0.511 0.638 0.514 0.637 0.515 0.637 0.518 0.634 0.518 0.634 0.519 0.633 0.519 0.63 0.52 0.629 0.521 0.63 0.522 0.63 0.523 0.63 0.529 0.63 0.531 0.629 0.532 0.629 0.535 0.627 0.535 0.626 0.536 0.625 0.536 0.62 0.535 0.62 0.535 0.619 0.532 0.616 0.531 0.616 0.529 0.615
7 0.844 0.613 0.843 0.614 0.842 0.614 0.841 0.615 0.84 0.615 0.839 0.616 0.838 0.616 0.836 0.616 0.836 0.617 0.833 0.62 0.833 0.621 0.832 0.622 0.832 0.627 0.833 0.627 0.833 0.629 0.836 0.631 0.836 0.632 0.838 0.633 0.839 0.633 0.84 0.634 0.841 0.634 0.842 0.634 0.843 0.634 0.844 0.635 0.852 0.635 0.853 0.634 0.854 0.634 0.855 0.634 0.857 0.634 0.859 0.632 0.859 0.631 0.862 0.629 0.862 0.627 0.864 0.627 0.864 0.622 0.862 0.621 0.862 0.62 0.859 0.617 0.859 0.616 0.857 0.615 0.855 0.615 0.854 0.614 0.853 0.614 0.852 0.613
7 0.65 0.607 0.649 0.608 0.648 0.608 0.644 0.611 0.644 0.612 0.643 0.612 0.643 0.617 0.644 0.618 0.644 0.619 0.648 0.622 0.649 0.622 0.65 0.623 0.656 0.623 0.658 0.621 0.659 0.621 0.662 0.619 0.662 0.618 0.664 0.617 0.664 0.612 0.662 0.612 0.662 0.611 0.659 0.609 0.658 0.609 0.656 0.607
7 0.781 0.605 0.78 0.605 0.779 0.605 0.775 0.609 0.775 0.609 0.774 0.61 0.774 0.615 0.775 0.616 0.775 0.616 0.779 0.62 0.78 0.62 0.781 0.62 0.788 0.62 0.79 0.619 0.791 0.619 0.794 0.616 0.794 0.616 0.795 0.615 0.795 0.61 0.794 0.609 0.794 0.609 0.791 0.606 0.79 0.606 0.788 0.605
7 0.727 0.604 0.726 0.605 0.725 0.605 0.721 0.608 0.721 0.609 0.72 0.609 0.72 0.614 0.721 0.615 0.721 0.616 0.725 0.619 0.726 0.619 0.727 0.62 0.733 0.62 0.735 0.618 0.736 0.618 0.74 0.616 0.74 0.615 0.741 0.614 0.741 0.609 0.74 0.609 0.74 0.608 0.736 0.605 0.735 0.605 0.733 0.604
7 0.586 0.603 0.585 0.604 0.584 0.604 0.58 0.607 0.58 0.608 0.579 0.609 0.579 0.613 0.58 0.614 0.58 0.615 0.584 0.618 0.585 0.618 0.586 0.619 0.593 0.619 0.595 0.617 0.596 0.617 0.599 0.615 0.599 0.614 0.6 0.613 0.6 0.609 0.599 0.608 0.599 0.607 0.596 0.605 0.595 0.605 0.593 0.603
7 0.42 0.602 0.419 0.602 0.418 0.602 0.414 0.605 0.414 0.606 0.412 0.607 0.412 0.612 0.414 0.612 0.414 0.613 0.418 0.616 0.419 0.616 0.42 0.617 0.426 0.617 0.428 0.616 0.429 0.616 0.432 0.613 0.432 0.612 0.433 0.612 0.433 0.607 0.432 0.606 0.432 0.605 0.429 0.603 0.428 0.603 0.426 0.602
7 0.677 0.601 0.676 0.602 0.675 0.602 0.671 0.605 0.671 0.605 0.67 0.606 0.67 0.611 0.671 0.612 0.671 0.612 0.675 0.616 0.676 0.616 0.677 0.616 0.683 0.616 0.685 0.615 0.686 0.615 0.69 0.612 0.69 0.612 0.691 0.611 0.691 0.606 0.69 0.605 0.69 0.605 0.686 0.602 0.685 0.602 0.683 0.601
7 0.507 0.601 0.506 0.602 0.505 0.602 0.501 0.605 0.501 0.605 0.5 0.606 0.5 0.608 0.499 0.609 0.498 0.608 0.497 0.608 0.495 0.606 0.489 0.606 0.488 0.607 0.486 0.607 0.482 0.61 0.482 0.611 0.481 0.612 0.481 0.616 0.482 0.617 0.482 0.618 0.486 0.621 0.488 0.621 0.489 0.622 0.495 0.622 0.497 0.62 0.498 0.62 0.501 0.618 0.501 0.617 0.502 0.616 0.502 0.615 0.503 0.614 0.505 0.616 0.506 0.616 0.507 0.616 0.514 0.616 0.516 0.615 0.517 0.615 0.52 0.612 0.52 0.612 0.521 0.611 0.521 0.606 0.52 0.605 0.52 0.605 0.517 0.602 0.516 0.602 0.514 0.601
7 0.626 0.598 0.625 0.599 0.624 0.599 0.62 0.602 0.62 0.603 0.619 0.604 0.619 0.609 0.62 0.609 0.62 0.61 0.623 0.612 0.622 0.613 0.618 0.613 0.617 0.614 0.616 0.614 0.611 0.617 0.611 0.618 0.61 0.619 0.61 0.623 0.611 0.624 0.611 0.625 0.616 0.628 0.617 0.628 0.618 0.629 0.624 0.629 0.626 0.627 0.627 0.627 0.63 0.625 0.63 0.624 0.631 0.623 0.631 0.619 0.63 0.618 0.63 0.617 0.627 0.615 0.628 0.614 0.632 0.614 0.634 0.612 0.635 0.612 0.639 0.61 0.639 0.609 0.64 0.609 0.64 0.604 0.639 0.603 0.639 0.602 0.635 0.6 0.634 0.6 0.632 0.598
7 0.367 0.597 0.366 0.598 0.365 0.598 0.364 0.598 0.362 0.598 0.359 0.601 0.359 0.602 0.358 0.602 0.358 0.604 0.357 0.605 0.357 0.609 0.358 0.61 0.358 0.612 0.359 0.612 0.359 0.613 0.362 0.616 0.364 0.616 0.365 0.616 0.366 0.616 0.367 0.617 0.372 0.617 0.373 0.616 0.375 0.616 0.376 0.616 0.377 0.616 0.38 0.613 0.38 0.612 0.381 0.612 0.381 0.61 0.382 0.609 0.382 0.605 0.381 0.604 0.381 0.602 0.38 0.602 0.38 0.601 0.377 0.598 0.376 0.598 0.375 0.598 0.373 0.598 0.372 0.597
7 0.284 0.597 0.283 0.598 0.282 0.598 0.281 0.598 0.28 0.598 0.277 0.601 0.277 0.602 0.276 0.602 0.276 0.604 0.275 0.605 0.275 0.609 0.276 0.61 0.276 0.612 0.277 0.612 0.277 0.613 0.28 0.616 0.281 0.616 0.282 0.616 0.283 0.616 0.284 0.617 0.29 0.617 0.291 0.616 0.293 0.616 0.294 0.617 0.294 0.62 0.295 0.621 0.295 0.623 0.296 0.623 0.296 0.624 0.299 0.627 0.3 0.627 0.301 0.627 0.302 0.627 0.303 0.628 0.308 0.628 0.309 0.627 0.311 0.627 0.312 0.627 0.314 0.627 0.318 0.623 0.319 0.624 0.32 0.624 0.321 0.625 0.326 0.625 0.327 0.624 0.329 0.624 0.33 0.623 0.331 0.623 0.334 0.621 0.334 0.62 0.335 0.62 0.335 0.618 0.336 0.617 0.336 0.616 0.338 0.615 0.339 0.616 0.344 0.616 0.346 0.614 0.347 0.614 0.35 0.612 0.35 0.611 0.352 0.609 0.352 0.605 0.351 0.605 0.351 0.604 0.35 0.603 0.35 0.602 0.347 0.6 0.346 0.6 0.344 0.598 0.339 0.598 0.338 0.599 0.336 0.599 0.335 0.6 0.334 0.6 0.331 0.602 0.331 0.603 0.33 0.604 0.33 0.605 0.329 0.605 0.327 0.605 0.326 0.605 0.321 0.605 0.32 0.605 0.319 0.605 0.318 0.606 0.317 0.606 0.312 0.609 0.311 0.609 0.309 0.609 0.308 0.608 0.303 0.608 0.302 0.609 0.301 0.609 0.3 0.608 0.3 0.605 0.299 0.604 0.299 0.602 0.298 0.602 0.298 0.601 0.295 0.598 0.294 0.598 0.293 0.598 0.291 0.598 0.29 0.597
7 0.548 0.591 0.547 0.591 0.546 0.591 0.542 0.595 0.542 0.595 0.541 0.596 0.541 0.601 0.542 0.602 0.542 0.602 0.545 0.605 0.544 0.605 0.543 0.605 0.539 0.609 0.539 0.609 0.538 0.61 0.538 0.615 0.539 0.616 0.539 0.616 0.543 0.62 0.544 0.62 0.545 0.62 0.551 0.62 0.553 0.619 0.554 0.619 0.555 0.62 0.555 0.622 0.556 0.623 0.556 0.623 0.56 0.627 0.561 0.627 0.562 0.627 0.569 0.627 0.571 0.626 0.572 0.626 0.575 0.623 0.575 0.623 0.576 0.622 0.576 0.617 0.575 0.616 0.575 0.616 0.572 0.613 0.571 0.613 0.569 0.612 0.562 0.612 0.561 0.612 0.56 0.612 0.559 0.613 0.558 0.612 0.558 0.61 0.557 0.609 0.557 0.609 0.554 0.606 0.556 0.605 0.557 0.605 0.56 0.602 0.56 0.602 0.561 0.601 0.561 0.596 0.56 0.595 0.56 0.595 0.557 0.592 0.556 0.592 0.554 0.591
7 0.193 0.587 0.192 0.588 0.191 0.588 0.19 0.588 0.189 0.588 0.188 0.589 0.186 0.589 0.185 0.59 0.185 0.591 0.182 0.593 0.182 0.595 0.181 0.595 0.181 0.6 0.182 0.601 0.182 0.602 0.185 0.605 0.185 0.605 0.186 0.606 0.188 0.606 0.189 0.607 0.19 0.607 0.191 0.608 0.192 0.608 0.193 0.609 0.201 0.609 0.202 0.608 0.203 0.608 0.204 0.607 0.206 0.607 0.208 0.605 0.208 0.605 0.211 0.602 0.211 0.601 0.212 0.6 0.212 0.595 0.211 0.595 0.211 0.593 0.208 0.591 0.208 0.59 0.206 0.588 0.204 0.588 0.203 0.588 0.202 0.588 0.201 0.587
7 0.665 0.586 0.664 0.587 0.662 0.587 0.658 0.59 0.658 0.591 0.657 0.591 0.657 0.596 0.658 0.597 0.658 0.598 0.662 0.601 0.664 0.601 0.665 0.602 0.671 0.602 0.673 0.6 0.674 0.6 0.677 0.598 0.677 0.597 0.678 0.596 0.678 0.591 0.677 0.591 0.677 0.59 0.674 0.588 0.673 0.588 0.671 0.586
7 0.577 0.586 0.576 0.587 0.575 0.587 0.571 0.59 0.571 0.591 0.57 0.591 0.57 0.596 0.571 0.597 0.571 0.598 0.575 0.601 0.576 0.601 0.577 0.602 0.583 0.602 0.585 0.6 0.586 0.6 0.59 0.598 0.59 0.597 0.591 0.596 0.591 0.591 0.59 0.591 0.59 0.59 0.586 0.588 0.585 0.588 0.583 0.586
7 0.778 0.584 0.777 0.585 0.776 0.585 0.772 0.588 0.772 0.589 0.771 0.59 0.771 0.595 0.772 0.595 0.772 0.596 0.776 0.599 0.777 0.599 0.778 0.6 0.784 0.6 0.786 0.598 0.788 0.598 0.791 0.596 0.791 0.595 0.792 0.595 0.792 0.59 0.791 0.589 0.791 0.588 0.788 0.586 0.786 0.586 0.784 0.584
7 0.704 0.581 0.703 0.582 0.702 0.582 0.698 0.585 0.698 0.586 0.697 0.587 0.697 0.591 0.698 0.592 0.698 0.593 0.702 0.596 0.703 0.596 0.704 0.597 0.71 0.597 0.712 0.595 0.714 0.595 0.717 0.593 0.717 0.592 0.718 0.591 0.718 0.587 0.717 0.586 0.717 0.585 0.714 0.583 0.712 0.583 0.71 0.581
7 0.472 0.577 0.471 0.578 0.47 0.578 0.466 0.581 0.466 0.582 0.465 0.583 0.465 0.588 0.466 0.588 0.466 0.589 0.47 0.592 0.471 0.592 0.472 0.593 0.478 0.593 0.48 0.591 0.481 0.591 0.484 0.589 0.484 0.588 0.485 0.588 0.485 0.583 0.484 0.582 0.484 0.581 0.481 0.579 0.48 0.579 0.478 0.577
7 0.441 0.576 0.44 0.577 0.439 0.577 0.434 0.58 0.434 0.58 0.433 0.581 0.433 0.586 0.434 0.587 0.434 0.588 0.439 0.591 0.44 0.591 0.441 0.591 0.447 0.591 0.449 0.59 0.45 0.59 0.453 0.588 0.453 0.587 0.454 0.586 0.454 0.581 0.453 0.58 0.453 0.58 0.45 0.577 0.449 0.577 0.447 0.576
7 0.647 0.573 0.646 0.573 0.645 0.573 0.641 0.577 0.641 0.577 0.64 0.578 0.64 0.583 0.641 0.584 0.641 0.584 0.645 0.588 0.646 0.588 0.647 0.588 0.653 0.588 0.655 0.587 0.656 0.587 0.659 0.584 0.659 0.584 0.66 0.583 0.66 0.578 0.659 0.577 0.659 0.577 0.656 0.574 0.655 0.574 0.653 0.573
7 0.726 0.572 0.725 0.573 0.724 0.573 0.72 0.576 0.72 0.577 0.719 0.577 0.719 0.582 0.72 0.583 0.72 0.584 0.724 0.587 0.725 0.587 0.726 0.588 0.732 0.588 0.734 0.586 0.735 0.586 0.739 0.584 0.739 0.583 0.74 0.582 0.74 0.577 0.739 0.577 0.739 0.576 0.735 0.573 0.734 0.573 0.732 0.572
7 0.83 0.561 0.829 0.562 0.828 0.562 0.827 0.562 0.826 0.562 0.825 0.563 0.824 0.563 0.823 0.564 0.823 0.565 0.82 0.567 0.82 0.569 0.819 0.57 0.819 0.574 0.82 0.575 0.82 0.577 0.823 0.579 0.823 0.58 0.824 0.58 0.825 0.58 0.826 0.581 0.827 0.581 0.828 0.582 0.829 0.582 0.83 0.583 0.839 0.583 0.84 0.582 0.841 0.582 0.842 0.581 0.844 0.581 0.846 0.58 0.846 0.579 0.849 0.577 0.849 0.575 0.85 0.574 0.85 0.57 0.849 0.569 0.849 0.567 0.846 0.565 0.846 0.564 0.844 0.562 0.842 0.562 0.841 0.562 0.84 0.562 0.839 0.561
7 0.547 0.56 0.546 0.561 0.545 0.561 0.541 0.564 0.541 0.565 0.54 0.566 0.54 0.57 0.541 0.571 0.541 0.572 0.545 0.575 0.546 0.575 0.547 0.576 0.553 0.576 0.555 0.574 0.556 0.574 0.559 0.572 0.559 0.571 0.56 0.57 0.56 0.566 0.559 0.565 0.559 0.564 0.556 0.562 0.555 0.562 0.553 0.56
7 0.793 0.558 0.792 0.559 0.791 0.559 0.79 0.559 0.789 0.559 0.785 0.562 0.785 0.562 0.784 0.563 0.784 0.564 0.782 0.566 0.781 0.565 0.781 0.564 0.778 0.562 0.777 0.562 0.775 0.56 0.769 0.56 0.768 0.561 0.767 0.561 0.762 0.564 0.762 0.565 0.761 0.566 0.761 0.57 0.762 0.571 0.762 0.572 0.767 0.575 0.768 0.575 0.769 0.576 0.775 0.576 0.777 0.574 0.778 0.574 0.781 0.572 0.781 0.571 0.782 0.57 0.782 0.57 0.783 0.569 0.785 0.57 0.785 0.571 0.789 0.573 0.79 0.573 0.791 0.574 0.792 0.574 0.793 0.575 0.798 0.575 0.8 0.573 0.801 0.573 0.804 0.571 0.804 0.57 0.806 0.569 0.806 0.565 0.805 0.564 0.805 0.563 0.804 0.562 0.804 0.562 0.801 0.559 0.8 0.559 0.798 0.558
7 0.873 0.547 0.872 0.548 0.871 0.548 0.87 0.548 0.869 0.548 0.868 0.549 0.867 0.549 0.866 0.55 0.866 0.551 0.862 0.553 0.862 0.555 0.861 0.555 0.861 0.56 0.862 0.561 0.862 0.562 0.866 0.565 0.866 0.566 0.867 0.566 0.868 0.566 0.869 0.567 0.87 0.567 0.871 0.568 0.872 0.568 0.873 0.569 0.881 0.569 0.882 0.568 0.883 0.568 0.884 0.567 0.886 0.567 0.889 0.566 0.889 0.565 0.892 0.562 0.892 0.561 0.893 0.56 0.893 0.555 0.892 0.555 0.892 0.553 0.889 0.551 0.889 0.55 0.886 0.548 0.884 0.548 0.883 0.548 0.882 0.548 0.881 0.547
7 0.295 0.547 0.294 0.548 0.293 0.548 0.292 0.548 0.291 0.548 0.288 0.551 0.288 0.552 0.285 0.553 0.284 0.552 0.283 0.552 0.281 0.551 0.276 0.551 0.275 0.552 0.274 0.552 0.273 0.552 0.272 0.552 0.269 0.555 0.269 0.555 0.268 0.556 0.268 0.557 0.267 0.558 0.267 0.562 0.269 0.563 0.269 0.564 0.272 0.566 0.273 0.566 0.274 0.567 0.274 0.568 0.273 0.569 0.272 0.569 0.271 0.57 0.27 0.57 0.267 0.572 0.267 0.573 0.266 0.573 0.266 0.574 0.265 0.575 0.264 0.575 0.262 0.574 0.26 0.574 0.259 0.573 0.254 0.573 0.253 0.574 0.252 0.574 0.251 0.575 0.25 0.575 0.247 0.577 0.247 0.578 0.246 0.579 0.246 0.58 0.245 0.581 0.245 0.586 0.246 0.587 0.246 0.588 0.247 0.589 0.247 0.59 0.25 0.592 0.251 0.592 0.252 0.593 0.253 0.593 0.254 0.594 0.259 0.594 0.26 0.593 0.262 0.593 0.264 0.592 0.265 0.592 0.268 0.59 0.268 0.589 0.269 0.588 0.269 0.588 0.27 0.587 0.271 0.587 0.272 0.588 0.273 0.588 0.274 0.588 0.279 0.588 0.28 0.588 0.282 0.588 0.283 0.587 0.284 0.587 0.288 0.584 0.288 0.584 0.289 0.583 0.289 0.581 0.29 0.58 0.29 0.576 0.289 0.575 0.289 0.573 0.288 0.573 0.288 0.572 0.284 0.57 0.283 0.57 0.281 0.568 0.283 0.566 0.284 0.566 0.288 0.564 0.288 0.563 0.29 0.562 0.291 0.562 0.292 0.562 0.293 0.563 0.294 0.563 0.295 0.564 0.3 0.564 0.302 0.562 0.303 0.562 0.306 0.56 0.306 0.559 0.308 0.558 0.308 0.554 0.307 0.553 0.307 0.552 0.306 0.552 0.306 0.551 0.303 0.548 0.302 0.548 0.3 0.547
7 0.167 0.547 0.166 0.548 0.165 0.548 0.164 0.548 0.162 0.548 0.161 0.549 0.16 0.549 0.159 0.55 0.159 0.551 0.156 0.553 0.156 0.555 0.155 0.555 0.155 0.56 0.156 0.561 0.156 0.562 0.159 0.565 0.159 0.566 0.16 0.566 0.161 0.566 0.162 0.567 0.164 0.567 0.165 0.568 0.166 0.568 0.167 0.569 0.175 0.569 0.176 0.568 0.177 0.568 0.178 0.567 0.18 0.567 0.182 0.566 0.182 0.565 0.185 0.562 0.185 0.561 0.186 0.56 0.186 0.555 0.185 0.555 0.185 0.553 0.182 0.551 0.182 0.55 0.18 0.548 0.178 0.548 0.177 0.548 0.176 0.548 0.175 0.547
7 0.703 0.541 0.702 0.542 0.701 0.542 0.697 0.545 0.697 0.546 0.696 0.547 0.696 0.552 0.697 0.552 0.697 0.553 0.701 0.556 0.702 0.556 0.703 0.557 0.709 0.557 0.711 0.555 0.712 0.555 0.716 0.553 0.716 0.552 0.717 0.552 0.717 0.547 0.716 0.546 0.716 0.545 0.712 0.543 0.711 0.543 0.709 0.541
7 0.106 0.541 0.105 0.541 0.104 0.541 0.103 0.542 0.102 0.542 0.101 0.543 0.1 0.543 0.099 0.544 0.099 0.545 0.096 0.547 0.096 0.548 0.095 0.549 0.095 0.554 0.096 0.555 0.096 0.556 0.099 0.559 0.099 0.559 0.1 0.56 0.101 0.56 0.102 0.561 0.103 0.561 0.104 0.562 0.105 0.562 0.106 0.562 0.115 0.562 0.116 0.562 0.117 0.562 0.118 0.561 0.12 0.561 0.122 0.559 0.122 0.559 0.125 0.556 0.125 0.555 0.126 0.554 0.126 0.549 0.125 0.548 0.125 0.547 0.122 0.545 0.122 0.544 0.12 0.542 0.118 0.542 0.117 0.541 0.116 0.541 0.115 0.541
7 0.605 0.539 0.604 0.54 0.603 0.54 0.599 0.543 0.599 0.544 0.598 0.545 0.598 0.549 0.599 0.55 0.599 0.551 0.602 0.553 0.602 0.554 0.599 0.556 0.599 0.557 0.598 0.558 0.598 0.562 0.599 0.563 0.599 0.564 0.603 0.567 0.604 0.567 0.605 0.568 0.611 0.568 0.614 0.566 0.615 0.566 0.618 0.564 0.618 0.563 0.619 0.562 0.619 0.558 0.618 0.557 0.618 0.556 0.615 0.554 0.615 0.553 0.618 0.551 0.618 0.55 0.619 0.549 0.619 0.545 0.618 0.544 0.618 0.543 0.615 0.541 0.614 0.541 0.611 0.539
7 0.578 0.538 0.577 0.539 0.576 0.539 0.572 0.542 0.572 0.543 0.571 0.544 0.571 0.548 0.572 0.549 0.572 0.55 0.576 0.553 0.577 0.553 0.578 0.554 0.584 0.554 0.586 0.552 0.588 0.552 0.591 0.55 0.591 0.549 0.592 0.548 0.592 0.544 0.591 0.543 0.591 0.542 0.588 0.54 0.586 0.54 0.584 0.538
7 0.201 0.533 0.2 0.534 0.199 0.534 0.198 0.534 0.197 0.534 0.196 0.535 0.195 0.535 0.194 0.536 0.194 0.537 0.191 0.539 0.191 0.541 0.19 0.541 0.19 0.546 0.191 0.547 0.191 0.548 0.194 0.551 0.194 0.552 0.195 0.552 0.196 0.552 0.197 0.553 0.198 0.553 0.199 0.554 0.2 0.554 0.201 0.555 0.209 0.555 0.21 0.554 0.211 0.554 0.212 0.553 0.215 0.553 0.217 0.552 0.217 0.551 0.22 0.548 0.22 0.547 0.221 0.546 0.221 0.541 0.22 0.541 0.22 0.539 0.217 0.537 0.217 0.536 0.215 0.534 0.212 0.534 0.211 0.534 0.21 0.534 0.209 0.533
7 0.65 0.53 0.649 0.531 0.648 0.531 0.644 0.534 0.644 0.535 0.643 0.536 0.643 0.541 0.644 0.541 0.644 0.542 0.649 0.546 0.649 0.551 0.65 0.552 0.65 0.552 0.654 0.555 0.655 0.555 0.656 0.556 0.662 0.556 0.665 0.555 0.666 0.555 0.669 0.552 0.669 0.552 0.67 0.551 0.67 0.546 0.669 0.545 0.669 0.545 0.666 0.542 0.665 0.542 0.664 0.541 0.664 0.536 0.662 0.535 0.662 0.534 0.659 0.532 0.658 0.532 0.656 0.53
7 0.835 0.525 0.834 0.526 0.833 0.526 0.832 0.527 0.831 0.527 0.83 0.527 0.829 0.527 0.828 0.528 0.828 0.529 0.825 0.531 0.825 0.533 0.824 0.534 0.824 0.538 0.825 0.539 0.825 0.541 0.828 0.543 0.828 0.544 0.829 0.545 0.83 0.545 0.831 0.545 0.832 0.545 0.833 0.546 0.834 0.546 0.835 0.547 0.844 0.547 0.845 0.546 0.846 0.546 0.847 0.545 0.849 0.545 0.851 0.544 0.851 0.543 0.854 0.541 0.854 0.539 0.855 0.538 0.855 0.534 0.854 0.533 0.854 0.531 0.851 0.529 0.851 0.528 0.849 0.527 0.847 0.527 0.846 0.526 0.845 0.526 0.844 0.525
7 0.701 0.52 0.7 0.52 0.699 0.52 0.695 0.523 0.695 0.524 0.694 0.525 0.694 0.53 0.695 0.53 0.695 0.531 0.699 0.534 0.7 0.534 0.701 0.535 0.707 0.535 0.709 0.534 0.71 0.534 0.714 0.531 0.714 0.53 0.715 0.53 0.715 0.525 0.714 0.524 0.714 0.523 0.71 0.521 0.709 0.521 0.707 0.52
7 0.172 0.512 0.171 0.512 0.17 0.512 0.169 0.513 0.168 0.513 0.167 0.514 0.166 0.514 0.165 0.515 0.165 0.516 0.161 0.518 0.161 0.52 0.16 0.52 0.16 0.525 0.161 0.526 0.161 0.527 0.165 0.53 0.165 0.53 0.166 0.531 0.167 0.531 0.168 0.532 0.169 0.532 0.17 0.533 0.171 0.533 0.172 0.534 0.18 0.534 0.181 0.533 0.182 0.533 0.183 0.532 0.185 0.532 0.188 0.53 0.188 0.53 0.191 0.527 0.191 0.526 0.192 0.525 0.192 0.52 0.191 0.52 0.191 0.518 0.188 0.516 0.188 0.515 0.185 0.513 0.183 0.513 0.182 0.512 0.181 0.512 0.18 0.512
7 0.251 0.505 0.25 0.505 0.249 0.505 0.248 0.506 0.247 0.506 0.244 0.509 0.244 0.509 0.243 0.51 0.243 0.512 0.242 0.512 0.242 0.517 0.243 0.518 0.243 0.52 0.244 0.52 0.244 0.521 0.247 0.523 0.248 0.523 0.249 0.524 0.25 0.524 0.251 0.525 0.256 0.525 0.257 0.524 0.259 0.524 0.26 0.523 0.261 0.523 0.265 0.521 0.265 0.52 0.266 0.52 0.266 0.518 0.267 0.517 0.267 0.512 0.266 0.512 0.266 0.51 0.265 0.509 0.265 0.509 0.261 0.506 0.26 0.506 0.259 0.505 0.257 0.505 0.256 0.505
7 0.693 0.486 0.692 0.487 0.691 0.487 0.69 0.488 0.689 0.488 0.688 0.488 0.686 0.488 0.685 0.489 0.685 0.49 0.682 0.492 0.682 0.494 0.681 0.495 0.681 0.499 0.682 0.5 0.682 0.502 0.685 0.504 0.685 0.505 0.686 0.505 0.688 0.505 0.689 0.506 0.69 0.506 0.691 0.507 0.692 0.507 0.693 0.508 0.701 0.508 0.702 0.507 0.703 0.507 0.704 0.506 0.706 0.506 0.708 0.505 0.708 0.504 0.711 0.502 0.711 0.5 0.712 0.499 0.712 0.495 0.711 0.494 0.711 0.492 0.708 0.49 0.708 0.489 0.706 0.488 0.704 0.488 0.703 0.487 0.702 0.487 0.701 0.486
7 0.475 0.484 0.474 0.485 0.473 0.485 0.469 0.488 0.469 0.489 0.468 0.49 0.468 0.495 0.469 0.495 0.469 0.496 0.473 0.499 0.474 0.499 0.475 0.5 0.481 0.5 0.483 0.498 0.484 0.498 0.488 0.496 0.488 0.495 0.489 0.495 0.489 0.49 0.488 0.489 0.488 0.488 0.484 0.486 0.483 0.486 0.481 0.484
7 0.283 0.477 0.282 0.477 0.281 0.477 0.28 0.478 0.279 0.478 0.276 0.48 0.276 0.481 0.275 0.482 0.275 0.484 0.274 0.484 0.274 0.489 0.275 0.49 0.275 0.491 0.276 0.492 0.276 0.493 0.279 0.495 0.28 0.495 0.281 0.496 0.282 0.496 0.283 0.497 0.289 0.497 0.29 0.496 0.292 0.496 0.293 0.495 0.294 0.495 0.297 0.493 0.297 0.492 0.298 0.491 0.298 0.49 0.299 0.489 0.299 0.484 0.298 0.484 0.298 0.482 0.297 0.481 0.297 0.48 0.294 0.478 0.293 0.478 0.292 0.477 0.29 0.477 0.289 0.477
7 0.75 0.474 0.749 0.475 0.748 0.475 0.747 0.476 0.746 0.476 0.745 0.477 0.744 0.477 0.743 0.477 0.743 0.478 0.74 0.48 0.74 0.482 0.739 0.483 0.739 0.488 0.74 0.488 0.74 0.49 0.743 0.492 0.743 0.493 0.744 0.494 0.745 0.494 0.746 0.495 0.747 0.495 0.748 0.495 0.749 0.495 0.75 0.496 0.758 0.496 0.759 0.495 0.76 0.495 0.761 0.495 0.764 0.495 0.766 0.493 0.766 0.492 0.768 0.491 0.77 0.492 0.77 0.494 0.773 0.496 0.773 0.497 0.774 0.498 0.775 0.498 0.776 0.498 0.777 0.498 0.778 0.499 0.779 0.499 0.78 0.5 0.789 0.5 0.79 0.499 0.791 0.499 0.792 0.498 0.794 0.498 0.796 0.497 0.796 0.496 0.799 0.494 0.799 0.492 0.8 0.491 0.8 0.487 0.799 0.486 0.799 0.484 0.796 0.482 0.796 0.481 0.794 0.48 0.792 0.48 0.791 0.479 0.79 0.479 0.789 0.478 0.78 0.478 0.779 0.479 0.778 0.479 0.777 0.48 0.776 0.48 0.775 0.48 0.774 0.48 0.773 0.481 0.773 0.482 0.771 0.484 0.769 0.482 0.769 0.48 0.766 0.478 0.766 0.477 0.764 0.476 0.761 0.476 0.76 0.475 0.759 0.475 0.758 0.474
7 0.245 0.474 0.244 0.475 0.243 0.475 0.242 0.476 0.241 0.476 0.238 0.478 0.238 0.479 0.236 0.48 0.236 0.481 0.235 0.482 0.235 0.487 0.236 0.488 0.236 0.488 0.235 0.489 0.23 0.489 0.229 0.49 0.228 0.49 0.227 0.491 0.226 0.491 0.223 0.493 0.223 0.494 0.222 0.495 0.222 0.496 0.221 0.497 0.221 0.502 0.222 0.502 0.222 0.504 0.223 0.505 0.223 0.505 0.226 0.508 0.227 0.508 0.228 0.509 0.229 0.509 0.23 0.509 0.235 0.509 0.236 0.509 0.239 0.509 0.24 0.508 0.241 0.508 0.244 0.505 0.244 0.505 0.245 0.504 0.245 0.502 0.246 0.502 0.246 0.497 0.245 0.496 0.245 0.495 0.246 0.495 0.25 0.495 0.251 0.494 0.253 0.494 0.254 0.493 0.255 0.493 0.258 0.491 0.258 0.49 0.259 0.489 0.259 0.488 0.26 0.487 0.26 0.482 0.259 0.481 0.259 0.48 0.258 0.479 0.258 0.478 0.255 0.476 0.254 0.476 0.253 0.475 0.251 0.475 0.25 0.474
7 0.601 0.468 0.6 0.469 0.599 0.469 0.595 0.472 0.595 0.473 0.594 0.473 0.594 0.478 0.595 0.479 0.595 0.48 0.599 0.483 0.6 0.483 0.601 0.484 0.607 0.484 0.608 0.484 0.605 0.487 0.605 0.488 0.604 0.488 0.604 0.493 0.605 0.494 0.605 0.495 0.609 0.498 0.609 0.502 0.61 0.502 0.61 0.503 0.615 0.506 0.616 0.506 0.617 0.507 0.623 0.507 0.625 0.505 0.626 0.505 0.629 0.503 0.629 0.502 0.63 0.502 0.63 0.497 0.629 0.496 0.629 0.495 0.625 0.492 0.625 0.488 0.624 0.488 0.624 0.487 0.621 0.484 0.62 0.484 0.618 0.483 0.611 0.483 0.61 0.482 0.614 0.48 0.614 0.479 0.615 0.478 0.615 0.473 0.614 0.473 0.614 0.472 0.61 0.47 0.609 0.47 0.607 0.468
7 0.512 0.462 0.511 0.462 0.51 0.462 0.506 0.466 0.506 0.466 0.505 0.467 0.505 0.472 0.506 0.473 0.506 0.473 0.51 0.477 0.511 0.477 0.512 0.477 0.519 0.477 0.521 0.476 0.522 0.476 0.525 0.473 0.525 0.473 0.526 0.472 0.526 0.467 0.525 0.466 0.525 0.466 0.522 0.463 0.521 0.463 0.519 0.462
7 0.485 0.459 0.484 0.459 0.483 0.459 0.479 0.462 0.479 0.463 0.478 0.464 0.478 0.469 0.479 0.47 0.479 0.47 0.483 0.473 0.484 0.473 0.485 0.474 0.492 0.474 0.494 0.473 0.495 0.473 0.498 0.47 0.498 0.47 0.499 0.469 0.499 0.464 0.498 0.463 0.498 0.462 0.495 0.46 0.494 0.46 0.492 0.459
7 0.309 0.456 0.308 0.457 0.307 0.457 0.306 0.458 0.305 0.458 0.302 0.46 0.302 0.461 0.301 0.462 0.301 0.463 0.3 0.464 0.3 0.469 0.301 0.47 0.301 0.471 0.302 0.472 0.302 0.473 0.305 0.475 0.306 0.475 0.307 0.476 0.308 0.476 0.309 0.477 0.315 0.477 0.316 0.476 0.318 0.476 0.319 0.475 0.32 0.475 0.323 0.473 0.323 0.472 0.324 0.471 0.324 0.47 0.325 0.469 0.325 0.464 0.324 0.463 0.324 0.462 0.323 0.461 0.323 0.46 0.32 0.458 0.319 0.458 0.318 0.457 0.316 0.457 0.315 0.456
7 0.225 0.452 0.224 0.452 0.223 0.452 0.222 0.453 0.221 0.453 0.22 0.454 0.219 0.454 0.218 0.455 0.218 0.455 0.215 0.458 0.215 0.459 0.214 0.46 0.214 0.465 0.215 0.466 0.215 0.467 0.218 0.47 0.218 0.47 0.219 0.471 0.22 0.471 0.221 0.472 0.222 0.472 0.223 0.473 0.224 0.473 0.225 0.473 0.233 0.473 0.234 0.473 0.235 0.473 0.236 0.472 0.239 0.472 0.241 0.47 0.241 0.47 0.244 0.467 0.244 0.466 0.245 0.465 0.245 0.46 0.244 0.459 0.244 0.458 0.241 0.455 0.241 0.455 0.239 0.453 0.236 0.453 0.235 0.452 0.234 0.452 0.233 0.452
7 0.701 0.434 0.7 0.435 0.699 0.435 0.698 0.436 0.697 0.436 0.696 0.437 0.695 0.437 0.694 0.438 0.694 0.438 0.691 0.441 0.691 0.442 0.69 0.443 0.69 0.448 0.691 0.448 0.691 0.45 0.694 0.452 0.694 0.453 0.695 0.454 0.696 0.454 0.697 0.455 0.698 0.455 0.699 0.455 0.7 0.455 0.701 0.456 0.709 0.456 0.71 0.455 0.711 0.455 0.712 0.455 0.715 0.455 0.717 0.453 0.717 0.452 0.72 0.45 0.72 0.448 0.721 0.448 0.721 0.443 0.72 0.442 0.72 0.441 0.717 0.438 0.717 0.438 0.715 0.436 0.712 0.436 0.711 0.435 0.71 0.435 0.709 0.434
7 0.178 0.428 0.177 0.429 0.176 0.429 0.175 0.43 0.174 0.43 0.173 0.43 0.172 0.43 0.171 0.431 0.171 0.432 0.168 0.434 0.168 0.436 0.167 0.437 0.167 0.441 0.168 0.442 0.168 0.444 0.171 0.446 0.171 0.447 0.172 0.448 0.173 0.448 0.174 0.448 0.175 0.448 0.176 0.449 0.177 0.449 0.178 0.45 0.186 0.45 0.188 0.449 0.189 0.449 0.19 0.448 0.192 0.448 0.194 0.447 0.194 0.446 0.197 0.444 0.197 0.442 0.198 0.441 0.198 0.437 0.197 0.436 0.197 0.434 0.194 0.432 0.194 0.431 0.192 0.43 0.19 0.43 0.189 0.429 0.188 0.429 0.186 0.428
7 0.507 0.427 0.506 0.428 0.505 0.428 0.501 0.431 0.501 0.432 0.5 0.433 0.5 0.438 0.501 0.438 0.501 0.439 0.505 0.442 0.506 0.442 0.507 0.443 0.514 0.443 0.516 0.441 0.517 0.441 0.52 0.439 0.52 0.438 0.521 0.438 0.521 0.433 0.52 0.432 0.52 0.431 0.517 0.429 0.516 0.429 0.514 0.427
7 0.58 0.423 0.579 0.424 0.578 0.424 0.577 0.425 0.576 0.425 0.573 0.427 0.573 0.428 0.572 0.429 0.572 0.43 0.571 0.431 0.571 0.436 0.572 0.437 0.572 0.438 0.573 0.439 0.573 0.44 0.576 0.442 0.577 0.442 0.578 0.443 0.579 0.443 0.58 0.444 0.585 0.444 0.586 0.443 0.589 0.443 0.59 0.442 0.591 0.442 0.594 0.44 0.594 0.439 0.595 0.438 0.595 0.437 0.596 0.436 0.596 0.431 0.595 0.43 0.595 0.429 0.594 0.428 0.594 0.427 0.591 0.425 0.59 0.425 0.589 0.424 0.586 0.424 0.585 0.423
7 0.534 0.421 0.533 0.422 0.532 0.422 0.528 0.425 0.528 0.426 0.527 0.427 0.527 0.431 0.528 0.432 0.528 0.433 0.529 0.434 0.529 0.434 0.525 0.438 0.525 0.438 0.524 0.439 0.524 0.444 0.525 0.445 0.525 0.445 0.529 0.448 0.53 0.448 0.531 0.449 0.538 0.449 0.54 0.448 0.541 0.448 0.544 0.445 0.544 0.445 0.545 0.444 0.545 0.439 0.544 0.438 0.544 0.438 0.542 0.436 0.543 0.435 0.544 0.435 0.547 0.433 0.547 0.432 0.548 0.431 0.548 0.427 0.547 0.426 0.547 0.425 0.544 0.423 0.543 0.423 0.541 0.421
7 0.734 0.407 0.733 0.408 0.732 0.408 0.731 0.409 0.73 0.409 0.729 0.409 0.728 0.409 0.727 0.41 0.727 0.411 0.724 0.413 0.724 0.415 0.723 0.416 0.723 0.42 0.724 0.421 0.724 0.423 0.727 0.425 0.727 0.426 0.728 0.427 0.729 0.427 0.73 0.427 0.731 0.427 0.732 0.428 0.733 0.428 0.734 0.429 0.743 0.429 0.744 0.428 0.745 0.428 0.746 0.427 0.748 0.427 0.75 0.426 0.75 0.425 0.753 0.423 0.753 0.421 0.754 0.42 0.754 0.416 0.753 0.415 0.753 0.413 0.75 0.411 0.75 0.41 0.748 0.409 0.746 0.409 0.745 0.408 0.744 0.408 0.743 0.407
7 0.553 0.388 0.552 0.389 0.551 0.389 0.55 0.39 0.549 0.39 0.546 0.392 0.546 0.393 0.545 0.394 0.545 0.395 0.544 0.395 0.543 0.395 0.538 0.395 0.536 0.395 0.535 0.395 0.534 0.396 0.533 0.396 0.53 0.398 0.53 0.399 0.529 0.4 0.529 0.402 0.528 0.402 0.527 0.402 0.526 0.402 0.525 0.401 0.523 0.401 0.522 0.4 0.517 0.4 0.516 0.401 0.515 0.401 0.514 0.402 0.512 0.402 0.509 0.404 0.509 0.405 0.508 0.405 0.508 0.407 0.507 0.408 0.507 0.412 0.508 0.413 0.508 0.415 0.509 0.416 0.509 0.416 0.512 0.419 0.514 0.419 0.515 0.42 0.516 0.42 0.517 0.42 0.522 0.42 0.523 0.42 0.525 0.42 0.526 0.419 0.527 0.419 0.53 0.416 0.53 0.416 0.531 0.415 0.531 0.413 0.532 0.412 0.533 0.413 0.534 0.413 0.535 0.414 0.536 0.414 0.538 0.415 0.543 0.415 0.544 0.414 0.546 0.414 0.547 0.413 0.548 0.413 0.551 0.411 0.551 0.41 0.553 0.409 0.558 0.409 0.559 0.408 0.561 0.408 0.562 0.407 0.564 0.407 0.567 0.405 0.567 0.404 0.568 0.403 0.568 0.402 0.569 0.401 0.569 0.396 0.568 0.395 0.568 0.394 0.567 0.393 0.567 0.392 0.564 0.39 0.562 0.39 0.561 0.389 0.559 0.389 0.558 0.388
7 0.459 0.385 0.458 0.386 0.457 0.386 0.456 0.387 0.455 0.387 0.452 0.389 0.452 0.39 0.451 0.391 0.451 0.392 0.45 0.393 0.45 0.398 0.451 0.398 0.451 0.4 0.452 0.401 0.452 0.402 0.455 0.404 0.456 0.404 0.457 0.405 0.458 0.405 0.459 0.405 0.465 0.405 0.466 0.405 0.468 0.405 0.469 0.404 0.47 0.404 0.473 0.402 0.473 0.401 0.474 0.4 0.474 0.398 0.475 0.398 0.475 0.393 0.474 0.392 0.474 0.391 0.473 0.39 0.473 0.389 0.47 0.387 0.469 0.387 0.468 0.386 0.466 0.386 0.465 0.385
7 0.441 0.356 0.44 0.357 0.439 0.357 0.438 0.358 0.436 0.358 0.433 0.36 0.433 0.361 0.432 0.362 0.432 0.363 0.431 0.364 0.431 0.369 0.432 0.37 0.432 0.371 0.433 0.372 0.433 0.373 0.436 0.375 0.438 0.375 0.439 0.376 0.44 0.376 0.441 0.377 0.446 0.377 0.447 0.376 0.449 0.376 0.45 0.375 0.451 0.375 0.454 0.373 0.454 0.372 0.455 0.371 0.455 0.37 0.456 0.369 0.456 0.364 0.455 0.363 0.455 0.362 0.454 0.361 0.454 0.36 0.451 0.358 0.45 0.358 0.449 0.357 0.447 0.357 0.446 0.356
7 0.258 0.333 0.257 0.334 0.256 0.334 0.255 0.334 0.254 0.334 0.251 0.337 0.251 0.338 0.25 0.338 0.25 0.34 0.249 0.341 0.249 0.345 0.25 0.346 0.25 0.348 0.251 0.348 0.251 0.349 0.254 0.352 0.255 0.352 0.256 0.352 0.257 0.352 0.258 0.353 0.264 0.353 0.265 0.352 0.267 0.352 0.268 0.352 0.269 0.352 0.272 0.349 0.272 0.348 0.273 0.348 0.273 0.346 0.274 0.345 0.274 0.341 0.273 0.34 0.273 0.338 0.272 0.338 0.272 0.337 0.269 0.334 0.268 0.334 0.267 0.334 0.265 0.334 0.264 0.333
7 0.395 0.332 0.394 0.333 0.393 0.333 0.392 0.334 0.391 0.334 0.388 0.336 0.388 0.337 0.386 0.338 0.386 0.339 0.385 0.34 0.385 0.345 0.386 0.345 0.386 0.347 0.388 0.348 0.388 0.348 0.391 0.351 0.392 0.351 0.393 0.352 0.394 0.352 0.395 0.352 0.4 0.352 0.401 0.352 0.403 0.352 0.404 0.351 0.405 0.351 0.408 0.348 0.408 0.348 0.409 0.347 0.409 0.345 0.41 0.345 0.41 0.34 0.409 0.339 0.409 0.338 0.408 0.337 0.408 0.336 0.405 0.334 0.404 0.334 0.403 0.333 0.401 0.333 0.4 0.332
7 0.499 0.33 0.498 0.33 0.497 0.33 0.496 0.331 0.495 0.331 0.492 0.334 0.492 0.334 0.491 0.335 0.491 0.337 0.49 0.338 0.49 0.342 0.491 0.343 0.491 0.345 0.492 0.345 0.492 0.346 0.495 0.348 0.496 0.348 0.497 0.349 0.498 0.349 0.499 0.35 0.504 0.35 0.505 0.349 0.507 0.349 0.508 0.348 0.509 0.348 0.512 0.346 0.512 0.345 0.514 0.345 0.514 0.343 0.515 0.342 0.515 0.338 0.514 0.337 0.514 0.335 0.512 0.334 0.512 0.334 0.509 0.331 0.508 0.331 0.507 0.33 0.505 0.33 0.504 0.33
7 0.544 0.288 0.543 0.289 0.542 0.289 0.541 0.29 0.54 0.29 0.536 0.292 0.536 0.293 0.535 0.294 0.535 0.295 0.534 0.296 0.534 0.301 0.535 0.302 0.535 0.303 0.536 0.304 0.536 0.305 0.54 0.307 0.541 0.307 0.542 0.308 0.543 0.308 0.544 0.309 0.549 0.309 0.55 0.308 0.552 0.308 0.553 0.307 0.554 0.307 0.557 0.305 0.557 0.304 0.558 0.303 0.558 0.302 0.559 0.301 0.559 0.296 0.558 0.295 0.558 0.294 0.557 0.293 0.557 0.292 0.554 0.29 0.553 0.29 0.552 0.289 0.55 0.289 0.549 0.288
