3 0.546 0.843 0.545 0.844 0.543 0.844 0.539 0.847 0.539 0.848 0.538 0.849 0.538 0.852 0.539 0.852 0.539 0.854 0.542 0.856 0.545 0.856 0.546 0.857 0.548 0.857 0.549 0.856 0.552 0.856 0.555 0.854 0.555 0.852 0.556 0.852 0.556 0.849 0.555 0.848 0.555 0.846 0.552 0.844 0.549 0.844 0.548 0.843
3 0.419 0.821 0.418 0.822 0.416 0.822 0.411 0.825 0.411 0.827 0.41 0.827 0.41 0.83 0.411 0.83 0.411 0.832 0.415 0.834 0.418 0.834 0.419 0.835 0.421 0.835 0.422 0.834 0.425 0.834 0.428 0.832 0.428 0.83 0.429 0.83 0.429 0.827 0.428 0.827 0.428 0.824 0.425 0.822 0.422 0.822 0.421 0.821
3 0.589 0.819 0.588 0.82 0.585 0.82 0.581 0.823 0.581 0.824 0.58 0.825 0.58 0.827 0.581 0.828 0.581 0.83 0.584 0.832 0.588 0.832 0.589 0.833 0.591 0.833 0.592 0.832 0.595 0.832 0.598 0.83 0.598 0.828 0.599 0.827 0.599 0.825 0.598 0.824 0.598 0.822 0.595 0.82 0.592 0.82 0.591 0.819
3 0.693 0.812 0.692 0.813 0.69 0.813 0.685 0.816 0.685 0.818 0.684 0.819 0.684 0.821 0.685 0.822 0.685 0.823 0.689 0.826 0.692 0.826 0.693 0.827 0.695 0.827 0.696 0.826 0.699 0.826 0.702 0.823 0.702 0.822 0.703 0.821 0.703 0.819 0.702 0.818 0.702 0.816 0.699 0.813 0.696 0.813 0.695 0.812
3 0.448 0.798 0.447 0.798 0.445 0.798 0.441 0.802 0.441 0.803 0.44 0.804 0.44 0.806 0.441 0.807 0.441 0.809 0.444 0.811 0.447 0.811 0.448 0.812 0.45 0.812 0.451 0.811 0.454 0.811 0.457 0.809 0.457 0.807 0.458 0.806 0.458 0.804 0.457 0.803 0.457 0.801 0.454 0.798 0.451 0.798 0.45 0.798
3 0.503 0.793 0.502 0.794 0.5 0.794 0.496 0.797 0.496 0.798 0.495 0.799 0.495 0.802 0.496 0.802 0.496 0.804 0.499 0.806 0.502 0.806 0.503 0.807 0.503 0.808 0.502 0.809 0.502 0.81 0.503 0.811 0.503 0.812 0.506 0.815 0.508 0.815 0.509 0.816 0.511 0.816 0.512 0.815 0.515 0.815 0.518 0.812 0.518 0.811 0.519 0.81 0.519 0.809 0.518 0.808 0.518 0.806 0.515 0.804 0.514 0.804 0.512 0.803 0.512 0.802 0.514 0.802 0.514 0.799 0.512 0.798 0.512 0.796 0.509 0.794 0.506 0.794 0.505 0.793
3 0.339 0.78 0.338 0.78 0.335 0.78 0.331 0.784 0.331 0.785 0.33 0.786 0.33 0.788 0.331 0.789 0.331 0.791 0.334 0.793 0.338 0.793 0.339 0.794 0.341 0.794 0.342 0.793 0.345 0.793 0.348 0.791 0.348 0.789 0.349 0.788 0.349 0.786 0.348 0.785 0.348 0.783 0.345 0.78 0.342 0.78 0.341 0.78
3 0.599 0.777 0.598 0.778 0.596 0.778 0.592 0.781 0.592 0.783 0.591 0.784 0.591 0.786 0.592 0.787 0.592 0.788 0.595 0.791 0.598 0.791 0.599 0.791 0.601 0.791 0.602 0.791 0.605 0.791 0.608 0.788 0.608 0.787 0.609 0.786 0.609 0.784 0.608 0.783 0.608 0.78 0.605 0.778 0.602 0.778 0.601 0.777
3 0.63 0.77 0.629 0.771 0.627 0.771 0.623 0.774 0.623 0.776 0.622 0.777 0.622 0.779 0.623 0.78 0.623 0.781 0.626 0.784 0.629 0.784 0.63 0.784 0.632 0.784 0.633 0.784 0.636 0.784 0.64 0.781 0.64 0.78 0.641 0.779 0.641 0.777 0.64 0.776 0.64 0.773 0.636 0.771 0.633 0.771 0.632 0.77
3 0.372 0.765 0.371 0.766 0.369 0.766 0.365 0.769 0.365 0.77 0.364 0.771 0.364 0.773 0.365 0.774 0.365 0.776 0.368 0.778 0.371 0.778 0.372 0.779 0.374 0.779 0.375 0.778 0.378 0.778 0.381 0.776 0.381 0.774 0.382 0.773 0.382 0.771 0.381 0.77 0.381 0.768 0.378 0.766 0.375 0.766 0.374 0.765
3 0.503 0.759 0.502 0.76 0.5 0.76 0.496 0.763 0.496 0.765 0.495 0.766 0.495 0.768 0.496 0.769 0.496 0.77 0.499 0.773 0.502 0.773 0.503 0.773 0.505 0.773 0.506 0.773 0.507 0.773 0.507 0.775 0.506 0.776 0.506 0.777 0.507 0.778 0.507 0.78 0.51 0.782 0.512 0.782 0.514 0.783 0.516 0.783 0.517 0.782 0.519 0.782 0.522 0.78 0.522 0.778 0.523 0.777 0.523 0.776 0.522 0.775 0.522 0.773 0.519 0.771 0.517 0.771 0.516 0.77 0.514 0.77 0.512 0.77 0.512 0.769 0.514 0.768 0.514 0.766 0.512 0.765 0.512 0.762 0.509 0.76 0.506 0.76 0.505 0.759
3 0.417 0.759 0.416 0.76 0.414 0.76 0.41 0.762 0.41 0.764 0.409 0.765 0.409 0.766 0.41 0.767 0.41 0.769 0.414 0.771 0.416 0.771 0.417 0.772 0.419 0.772 0.42 0.771 0.422 0.771 0.425 0.769 0.425 0.767 0.426 0.766 0.426 0.765 0.425 0.764 0.425 0.762 0.422 0.76 0.42 0.76 0.419 0.759
3 0.296 0.757 0.295 0.758 0.293 0.758 0.289 0.761 0.289 0.762 0.288 0.763 0.288 0.766 0.289 0.766 0.289 0.768 0.292 0.77 0.295 0.77 0.296 0.771 0.298 0.771 0.299 0.77 0.302 0.77 0.305 0.768 0.305 0.766 0.306 0.766 0.306 0.763 0.305 0.762 0.305 0.76 0.302 0.758 0.299 0.758 0.298 0.757
3 0.459 0.749 0.458 0.75 0.456 0.75 0.452 0.753 0.452 0.755 0.451 0.755 0.451 0.758 0.452 0.759 0.452 0.76 0.455 0.762 0.458 0.762 0.459 0.763 0.461 0.763 0.462 0.762 0.466 0.762 0.469 0.76 0.469 0.759 0.47 0.758 0.47 0.755 0.469 0.755 0.469 0.752 0.466 0.75 0.462 0.75 0.461 0.749
3 0.665 0.748 0.664 0.749 0.661 0.749 0.657 0.752 0.657 0.754 0.656 0.755 0.656 0.757 0.657 0.758 0.657 0.759 0.66 0.762 0.664 0.762 0.665 0.762 0.667 0.762 0.668 0.762 0.671 0.762 0.674 0.759 0.674 0.758 0.675 0.757 0.675 0.755 0.674 0.754 0.674 0.752 0.671 0.749 0.668 0.749 0.667 0.748
3 0.785 0.748 0.784 0.748 0.782 0.748 0.778 0.752 0.778 0.753 0.777 0.754 0.777 0.756 0.778 0.757 0.778 0.759 0.781 0.761 0.784 0.761 0.785 0.762 0.788 0.762 0.789 0.761 0.792 0.761 0.795 0.759 0.795 0.757 0.796 0.756 0.796 0.754 0.795 0.753 0.795 0.751 0.792 0.748 0.789 0.748 0.788 0.748
3 0.312 0.741 0.311 0.742 0.309 0.742 0.306 0.745 0.306 0.746 0.305 0.747 0.305 0.748 0.306 0.749 0.306 0.751 0.309 0.753 0.311 0.753 0.312 0.754 0.315 0.754 0.316 0.753 0.318 0.753 0.319 0.752 0.32 0.753 0.322 0.753 0.323 0.754 0.325 0.754 0.326 0.753 0.328 0.753 0.331 0.751 0.331 0.749 0.332 0.748 0.332 0.747 0.331 0.746 0.331 0.745 0.328 0.742 0.326 0.742 0.325 0.741 0.323 0.741 0.322 0.742 0.32 0.742 0.319 0.743 0.318 0.742 0.316 0.742 0.315 0.741
3 0.273 0.739 0.272 0.74 0.27 0.74 0.266 0.743 0.266 0.745 0.265 0.745 0.265 0.748 0.266 0.748 0.266 0.75 0.269 0.752 0.272 0.752 0.273 0.753 0.275 0.753 0.276 0.752 0.279 0.752 0.282 0.75 0.282 0.748 0.283 0.748 0.283 0.745 0.282 0.745 0.282 0.742 0.279 0.74 0.276 0.74 0.275 0.739
3 0.545 0.738 0.544 0.738 0.542 0.738 0.538 0.741 0.538 0.743 0.536 0.744 0.536 0.746 0.538 0.747 0.538 0.748 0.541 0.751 0.544 0.751 0.545 0.752 0.547 0.752 0.548 0.751 0.551 0.751 0.554 0.748 0.554 0.747 0.555 0.746 0.555 0.744 0.554 0.743 0.554 0.741 0.551 0.738 0.548 0.738 0.547 0.738
3 0.596 0.735 0.595 0.736 0.593 0.736 0.589 0.739 0.589 0.741 0.588 0.741 0.588 0.744 0.589 0.745 0.589 0.746 0.592 0.748 0.595 0.748 0.596 0.749 0.598 0.749 0.599 0.748 0.602 0.748 0.605 0.746 0.605 0.745 0.606 0.744 0.606 0.741 0.605 0.741 0.605 0.738 0.602 0.736 0.599 0.736 0.598 0.735
3 0.71 0.733 0.709 0.734 0.707 0.734 0.704 0.736 0.704 0.738 0.703 0.738 0.703 0.74 0.704 0.741 0.704 0.742 0.707 0.745 0.709 0.745 0.71 0.745 0.712 0.745 0.714 0.745 0.716 0.745 0.719 0.742 0.719 0.741 0.72 0.74 0.72 0.738 0.719 0.738 0.719 0.736 0.716 0.734 0.714 0.734 0.712 0.733
3 0.312 0.726 0.311 0.727 0.309 0.727 0.305 0.73 0.305 0.731 0.304 0.732 0.304 0.734 0.305 0.735 0.305 0.737 0.308 0.739 0.311 0.739 0.312 0.74 0.315 0.74 0.316 0.739 0.319 0.739 0.322 0.737 0.322 0.735 0.323 0.734 0.323 0.732 0.322 0.731 0.322 0.729 0.319 0.727 0.316 0.727 0.315 0.726
3 0.389 0.722 0.388 0.723 0.385 0.723 0.381 0.726 0.381 0.727 0.38 0.728 0.38 0.73 0.381 0.731 0.381 0.733 0.384 0.735 0.388 0.735 0.389 0.736 0.391 0.736 0.392 0.735 0.395 0.735 0.398 0.733 0.398 0.731 0.399 0.73 0.399 0.728 0.398 0.727 0.398 0.725 0.395 0.723 0.392 0.723 0.391 0.722
3 0.435 0.721 0.434 0.722 0.432 0.722 0.428 0.725 0.428 0.727 0.427 0.727 0.427 0.73 0.428 0.73 0.428 0.732 0.431 0.734 0.434 0.734 0.435 0.735 0.438 0.735 0.439 0.734 0.442 0.734 0.445 0.732 0.445 0.73 0.446 0.73 0.446 0.727 0.445 0.727 0.445 0.724 0.442 0.722 0.439 0.722 0.438 0.721
3 0.552 0.716 0.551 0.717 0.549 0.717 0.545 0.72 0.545 0.722 0.544 0.723 0.544 0.725 0.545 0.726 0.545 0.727 0.548 0.73 0.551 0.73 0.552 0.73 0.554 0.73 0.555 0.73 0.558 0.73 0.561 0.727 0.561 0.726 0.562 0.725 0.562 0.723 0.561 0.722 0.561 0.72 0.558 0.717 0.555 0.717 0.554 0.716
3 0.416 0.695 0.415 0.695 0.412 0.695 0.409 0.698 0.409 0.699 0.408 0.7 0.408 0.702 0.409 0.702 0.409 0.704 0.412 0.706 0.415 0.706 0.416 0.707 0.418 0.707 0.419 0.706 0.421 0.706 0.424 0.704 0.424 0.702 0.425 0.702 0.425 0.7 0.424 0.699 0.424 0.698 0.421 0.695 0.419 0.695 0.418 0.695
3 0.646 0.693 0.645 0.694 0.643 0.694 0.639 0.697 0.639 0.698 0.638 0.699 0.638 0.702 0.639 0.702 0.639 0.704 0.642 0.706 0.645 0.706 0.646 0.707 0.648 0.707 0.649 0.706 0.652 0.706 0.653 0.705 0.657 0.709 0.659 0.709 0.66 0.709 0.662 0.709 0.664 0.709 0.666 0.709 0.669 0.706 0.669 0.705 0.67 0.704 0.67 0.702 0.669 0.702 0.669 0.7 0.666 0.698 0.664 0.698 0.662 0.697 0.66 0.697 0.659 0.698 0.657 0.698 0.656 0.698 0.655 0.698 0.655 0.696 0.652 0.694 0.649 0.694 0.648 0.693
3 0.308 0.693 0.307 0.694 0.305 0.694 0.302 0.696 0.302 0.698 0.301 0.698 0.301 0.7 0.302 0.701 0.302 0.702 0.305 0.705 0.307 0.705 0.308 0.705 0.31 0.705 0.311 0.705 0.314 0.705 0.317 0.702 0.317 0.701 0.318 0.7 0.318 0.698 0.317 0.698 0.317 0.696 0.314 0.694 0.311 0.694 0.31 0.693
3 0.141 0.689 0.14 0.69 0.138 0.69 0.133 0.693 0.133 0.695 0.132 0.695 0.132 0.698 0.133 0.698 0.133 0.7 0.136 0.702 0.14 0.702 0.141 0.703 0.143 0.703 0.144 0.702 0.147 0.702 0.15 0.7 0.15 0.698 0.151 0.698 0.151 0.695 0.15 0.695 0.15 0.692 0.147 0.69 0.144 0.69 0.143 0.689
3 0.762 0.688 0.761 0.688 0.759 0.688 0.755 0.691 0.755 0.693 0.754 0.694 0.754 0.696 0.755 0.697 0.755 0.698 0.758 0.701 0.761 0.701 0.762 0.702 0.765 0.702 0.766 0.701 0.769 0.701 0.772 0.698 0.772 0.697 0.773 0.696 0.773 0.694 0.772 0.693 0.772 0.691 0.769 0.688 0.766 0.688 0.765 0.688
3 0.693 0.68 0.692 0.681 0.69 0.681 0.686 0.684 0.686 0.685 0.685 0.686 0.685 0.688 0.686 0.688 0.686 0.69 0.69 0.692 0.692 0.692 0.693 0.693 0.695 0.693 0.696 0.692 0.698 0.692 0.701 0.69 0.701 0.688 0.702 0.688 0.702 0.686 0.701 0.685 0.701 0.684 0.698 0.681 0.696 0.681 0.695 0.68
3 0.596 0.679 0.595 0.68 0.593 0.68 0.589 0.683 0.589 0.684 0.588 0.685 0.588 0.688 0.589 0.688 0.589 0.69 0.592 0.692 0.595 0.692 0.596 0.693 0.598 0.693 0.599 0.692 0.602 0.692 0.605 0.69 0.605 0.688 0.606 0.688 0.606 0.685 0.605 0.684 0.605 0.682 0.602 0.68 0.599 0.68 0.598 0.679
3 0.464 0.679 0.462 0.68 0.46 0.68 0.456 0.683 0.456 0.684 0.455 0.685 0.455 0.688 0.456 0.688 0.456 0.69 0.459 0.692 0.462 0.692 0.464 0.693 0.466 0.693 0.467 0.692 0.468 0.692 0.47 0.694 0.47 0.695 0.473 0.698 0.475 0.698 0.476 0.698 0.478 0.698 0.479 0.698 0.481 0.698 0.484 0.695 0.484 0.694 0.485 0.693 0.485 0.691 0.484 0.691 0.484 0.689 0.481 0.687 0.479 0.687 0.478 0.686 0.476 0.686 0.475 0.687 0.474 0.686 0.474 0.685 0.473 0.684 0.473 0.682 0.47 0.68 0.467 0.68 0.466 0.679
3 0.289 0.677 0.288 0.678 0.285 0.678 0.282 0.68 0.282 0.682 0.281 0.683 0.28 0.683 0.279 0.682 0.277 0.682 0.276 0.681 0.274 0.681 0.273 0.682 0.271 0.682 0.268 0.684 0.268 0.685 0.267 0.686 0.266 0.686 0.265 0.685 0.262 0.685 0.261 0.686 0.259 0.686 0.256 0.688 0.256 0.69 0.255 0.691 0.255 0.692 0.256 0.693 0.256 0.695 0.259 0.697 0.261 0.697 0.262 0.698 0.265 0.698 0.266 0.697 0.268 0.697 0.271 0.695 0.271 0.694 0.272 0.693 0.273 0.693 0.274 0.694 0.276 0.694 0.277 0.693 0.279 0.693 0.282 0.691 0.282 0.689 0.283 0.688 0.284 0.688 0.285 0.689 0.288 0.689 0.289 0.69 0.291 0.69 0.292 0.689 0.294 0.689 0.297 0.687 0.297 0.685 0.298 0.684 0.298 0.683 0.297 0.682 0.297 0.68 0.294 0.678 0.292 0.678 0.291 0.677
3 0.351 0.673 0.35 0.674 0.348 0.674 0.345 0.677 0.345 0.678 0.344 0.679 0.344 0.68 0.345 0.681 0.345 0.683 0.348 0.685 0.35 0.685 0.351 0.686 0.353 0.686 0.354 0.685 0.356 0.685 0.359 0.683 0.359 0.681 0.36 0.68 0.36 0.679 0.359 0.678 0.359 0.677 0.356 0.674 0.354 0.674 0.353 0.673
3 0.23 0.673 0.229 0.674 0.227 0.674 0.224 0.677 0.224 0.678 0.223 0.679 0.223 0.68 0.224 0.681 0.224 0.683 0.227 0.685 0.229 0.685 0.23 0.686 0.232 0.686 0.233 0.685 0.235 0.685 0.239 0.683 0.239 0.681 0.24 0.68 0.24 0.679 0.239 0.678 0.239 0.677 0.235 0.674 0.233 0.674 0.232 0.673
3 0.709 0.671 0.708 0.672 0.706 0.672 0.702 0.675 0.702 0.677 0.701 0.677 0.701 0.68 0.702 0.68 0.702 0.682 0.705 0.684 0.708 0.684 0.709 0.685 0.711 0.685 0.712 0.684 0.716 0.684 0.719 0.682 0.719 0.68 0.72 0.68 0.72 0.677 0.719 0.677 0.719 0.674 0.716 0.672 0.712 0.672 0.711 0.671
3 0.4 0.668 0.399 0.669 0.397 0.669 0.394 0.671 0.394 0.673 0.393 0.673 0.393 0.675 0.394 0.676 0.394 0.677 0.397 0.68 0.399 0.68 0.4 0.68 0.402 0.68 0.403 0.68 0.405 0.68 0.408 0.677 0.408 0.676 0.409 0.675 0.409 0.673 0.408 0.673 0.408 0.671 0.405 0.669 0.403 0.669 0.402 0.668
3 0.657 0.661 0.656 0.662 0.654 0.662 0.651 0.664 0.651 0.666 0.65 0.666 0.65 0.668 0.651 0.669 0.651 0.67 0.654 0.673 0.656 0.673 0.657 0.673 0.659 0.673 0.66 0.673 0.662 0.673 0.666 0.67 0.666 0.669 0.667 0.668 0.667 0.666 0.666 0.666 0.666 0.664 0.662 0.662 0.66 0.662 0.659 0.661
3 0.838 0.66 0.836 0.661 0.834 0.661 0.83 0.664 0.83 0.666 0.829 0.666 0.829 0.669 0.83 0.67 0.83 0.671 0.833 0.673 0.836 0.673 0.838 0.674 0.84 0.674 0.841 0.673 0.844 0.673 0.847 0.671 0.847 0.67 0.848 0.669 0.848 0.666 0.847 0.666 0.847 0.663 0.844 0.661 0.841 0.661 0.84 0.66
3 0.511 0.66 0.51 0.661 0.508 0.661 0.505 0.663 0.505 0.665 0.504 0.666 0.504 0.667 0.505 0.668 0.505 0.67 0.508 0.672 0.51 0.672 0.511 0.673 0.514 0.673 0.515 0.672 0.517 0.672 0.52 0.67 0.52 0.668 0.521 0.667 0.521 0.666 0.52 0.665 0.52 0.663 0.517 0.661 0.515 0.661 0.514 0.66
3 0.785 0.658 0.784 0.659 0.782 0.659 0.779 0.661 0.779 0.662 0.778 0.663 0.778 0.665 0.779 0.666 0.779 0.667 0.782 0.67 0.784 0.67 0.785 0.67 0.788 0.67 0.789 0.67 0.791 0.67 0.794 0.667 0.794 0.666 0.795 0.665 0.795 0.663 0.794 0.662 0.794 0.661 0.791 0.659 0.789 0.659 0.788 0.658
3 0.582 0.655 0.581 0.656 0.579 0.656 0.575 0.659 0.575 0.661 0.574 0.662 0.574 0.664 0.575 0.665 0.575 0.666 0.578 0.669 0.581 0.669 0.582 0.67 0.584 0.67 0.585 0.669 0.589 0.669 0.592 0.666 0.592 0.665 0.593 0.664 0.593 0.662 0.592 0.661 0.592 0.659 0.589 0.656 0.585 0.656 0.584 0.655
3 0.219 0.652 0.218 0.652 0.216 0.652 0.211 0.655 0.211 0.657 0.21 0.658 0.21 0.66 0.211 0.661 0.211 0.662 0.215 0.665 0.218 0.665 0.219 0.666 0.221 0.666 0.222 0.665 0.225 0.665 0.228 0.662 0.228 0.661 0.229 0.66 0.229 0.658 0.228 0.657 0.228 0.655 0.225 0.652 0.222 0.652 0.221 0.652
3 0.672 0.638 0.671 0.638 0.669 0.638 0.666 0.641 0.666 0.642 0.665 0.643 0.665 0.645 0.666 0.645 0.666 0.647 0.669 0.649 0.671 0.649 0.672 0.65 0.674 0.65 0.675 0.649 0.677 0.649 0.68 0.647 0.68 0.645 0.681 0.645 0.681 0.643 0.68 0.642 0.68 0.641 0.677 0.638 0.675 0.638 0.674 0.638
3 0.417 0.637 0.416 0.638 0.414 0.638 0.41 0.64 0.41 0.641 0.409 0.642 0.409 0.644 0.41 0.645 0.41 0.646 0.414 0.648 0.416 0.648 0.418 0.65 0.418 0.652 0.419 0.652 0.419 0.654 0.422 0.656 0.424 0.656 0.425 0.657 0.427 0.657 0.428 0.656 0.43 0.656 0.433 0.654 0.433 0.652 0.434 0.652 0.434 0.65 0.433 0.649 0.433 0.648 0.43 0.645 0.428 0.645 0.426 0.644 0.426 0.642 0.425 0.641 0.425 0.64 0.422 0.638 0.42 0.638 0.419 0.637
3 0.353 0.637 0.352 0.638 0.35 0.638 0.347 0.64 0.347 0.641 0.345 0.643 0.344 0.643 0.343 0.644 0.341 0.644 0.338 0.646 0.338 0.648 0.336 0.648 0.336 0.65 0.338 0.651 0.338 0.652 0.341 0.655 0.343 0.655 0.344 0.655 0.346 0.655 0.347 0.655 0.349 0.655 0.352 0.652 0.352 0.651 0.354 0.649 0.355 0.649 0.356 0.648 0.358 0.648 0.361 0.646 0.361 0.645 0.362 0.644 0.362 0.642 0.361 0.641 0.361 0.64 0.358 0.638 0.356 0.638 0.355 0.637
3 0.493 0.635 0.492 0.636 0.49 0.636 0.486 0.638 0.486 0.64 0.485 0.641 0.485 0.642 0.486 0.643 0.486 0.645 0.49 0.647 0.492 0.647 0.493 0.648 0.495 0.648 0.496 0.647 0.498 0.647 0.501 0.645 0.501 0.643 0.502 0.642 0.502 0.641 0.501 0.64 0.501 0.638 0.498 0.636 0.496 0.636 0.495 0.635
3 0.883 0.632 0.882 0.633 0.88 0.633 0.876 0.636 0.876 0.638 0.875 0.638 0.875 0.641 0.876 0.641 0.876 0.643 0.879 0.645 0.882 0.645 0.883 0.646 0.885 0.646 0.886 0.645 0.89 0.645 0.893 0.643 0.893 0.641 0.894 0.641 0.894 0.638 0.893 0.638 0.893 0.635 0.89 0.633 0.886 0.633 0.885 0.632
3 0.277 0.627 0.276 0.627 0.274 0.627 0.271 0.63 0.271 0.631 0.27 0.632 0.27 0.634 0.271 0.634 0.271 0.636 0.274 0.638 0.276 0.638 0.277 0.639 0.279 0.639 0.28 0.64 0.278 0.641 0.278 0.643 0.277 0.644 0.277 0.645 0.278 0.646 0.278 0.648 0.281 0.65 0.283 0.65 0.284 0.651 0.286 0.651 0.288 0.65 0.29 0.65 0.293 0.648 0.293 0.646 0.294 0.645 0.294 0.644 0.293 0.643 0.293 0.641 0.29 0.639 0.288 0.639 0.286 0.638 0.284 0.638 0.283 0.638 0.285 0.636 0.285 0.634 0.286 0.634 0.286 0.632 0.285 0.631 0.285 0.63 0.282 0.627 0.28 0.627 0.279 0.627
3 0.716 0.624 0.715 0.625 0.712 0.625 0.708 0.628 0.708 0.63 0.707 0.63 0.707 0.633 0.708 0.634 0.708 0.635 0.711 0.638 0.715 0.638 0.716 0.638 0.718 0.638 0.719 0.638 0.722 0.638 0.725 0.635 0.725 0.634 0.726 0.633 0.726 0.63 0.725 0.63 0.725 0.627 0.722 0.625 0.719 0.625 0.718 0.624
3 0.46 0.622 0.459 0.623 0.457 0.623 0.454 0.625 0.454 0.627 0.453 0.627 0.453 0.628 0.452 0.629 0.45 0.629 0.449 0.63 0.447 0.63 0.444 0.632 0.444 0.634 0.443 0.634 0.443 0.636 0.444 0.637 0.444 0.638 0.447 0.641 0.449 0.641 0.45 0.641 0.452 0.641 0.453 0.641 0.455 0.641 0.458 0.638 0.458 0.637 0.459 0.636 0.459 0.635 0.46 0.634 0.462 0.634 0.464 0.634 0.466 0.634 0.469 0.631 0.469 0.63 0.47 0.629 0.47 0.627 0.469 0.627 0.469 0.625 0.466 0.623 0.464 0.623 0.462 0.622
3 0.391 0.622 0.39 0.623 0.388 0.623 0.384 0.625 0.384 0.627 0.383 0.627 0.383 0.629 0.384 0.63 0.384 0.631 0.388 0.634 0.39 0.634 0.391 0.634 0.393 0.634 0.394 0.634 0.396 0.634 0.399 0.631 0.399 0.63 0.4 0.629 0.4 0.627 0.399 0.627 0.399 0.625 0.396 0.623 0.394 0.623 0.393 0.622
3 0.803 0.62 0.802 0.62 0.8 0.62 0.797 0.623 0.797 0.624 0.796 0.625 0.796 0.627 0.797 0.627 0.797 0.629 0.8 0.631 0.802 0.631 0.803 0.632 0.805 0.632 0.806 0.631 0.808 0.631 0.811 0.629 0.811 0.627 0.812 0.627 0.812 0.625 0.811 0.624 0.811 0.623 0.808 0.62 0.806 0.62 0.805 0.62
3 0.136 0.619 0.135 0.62 0.133 0.62 0.129 0.623 0.129 0.624 0.128 0.625 0.128 0.627 0.129 0.628 0.129 0.63 0.132 0.632 0.135 0.632 0.136 0.633 0.139 0.633 0.14 0.632 0.143 0.632 0.146 0.63 0.146 0.628 0.147 0.627 0.147 0.625 0.146 0.624 0.146 0.622 0.143 0.62 0.14 0.62 0.139 0.619
3 0.619 0.617 0.618 0.618 0.616 0.618 0.612 0.62 0.612 0.622 0.611 0.623 0.611 0.624 0.612 0.625 0.612 0.627 0.616 0.629 0.618 0.629 0.619 0.63 0.621 0.63 0.622 0.629 0.624 0.629 0.627 0.627 0.627 0.625 0.628 0.624 0.628 0.623 0.627 0.622 0.627 0.62 0.624 0.618 0.622 0.618 0.621 0.617
3 0.316 0.616 0.315 0.617 0.312 0.617 0.309 0.62 0.309 0.621 0.308 0.622 0.308 0.623 0.309 0.624 0.309 0.626 0.312 0.628 0.315 0.628 0.316 0.629 0.318 0.629 0.319 0.628 0.321 0.628 0.324 0.626 0.324 0.624 0.325 0.623 0.325 0.622 0.324 0.621 0.324 0.62 0.321 0.617 0.319 0.617 0.318 0.616
3 0.654 0.615 0.653 0.616 0.651 0.616 0.648 0.618 0.648 0.62 0.647 0.62 0.647 0.622 0.648 0.623 0.648 0.624 0.651 0.627 0.653 0.627 0.654 0.627 0.656 0.627 0.657 0.627 0.659 0.627 0.662 0.624 0.662 0.623 0.664 0.622 0.664 0.62 0.662 0.62 0.662 0.618 0.659 0.616 0.657 0.616 0.656 0.615
3 0.231 0.613 0.23 0.614 0.228 0.614 0.225 0.616 0.225 0.618 0.224 0.619 0.224 0.62 0.225 0.621 0.225 0.623 0.228 0.625 0.23 0.625 0.231 0.626 0.233 0.626 0.234 0.625 0.236 0.625 0.24 0.623 0.24 0.621 0.241 0.62 0.241 0.619 0.24 0.618 0.24 0.616 0.236 0.614 0.234 0.614 0.233 0.613
3 0.794 0.606 0.793 0.607 0.791 0.607 0.788 0.609 0.788 0.611 0.786 0.612 0.784 0.61 0.782 0.61 0.781 0.609 0.779 0.609 0.778 0.61 0.776 0.61 0.773 0.612 0.773 0.614 0.772 0.615 0.772 0.616 0.773 0.617 0.773 0.619 0.776 0.621 0.778 0.621 0.779 0.622 0.781 0.622 0.782 0.621 0.784 0.621 0.788 0.619 0.788 0.617 0.789 0.616 0.791 0.618 0.793 0.618 0.794 0.619 0.796 0.619 0.797 0.618 0.799 0.618 0.802 0.616 0.802 0.614 0.803 0.613 0.803 0.612 0.802 0.611 0.802 0.609 0.799 0.607 0.797 0.607 0.796 0.606
3 0.535 0.606 0.534 0.607 0.532 0.607 0.529 0.609 0.529 0.611 0.528 0.612 0.528 0.613 0.529 0.614 0.529 0.616 0.532 0.618 0.534 0.618 0.535 0.619 0.538 0.619 0.539 0.618 0.541 0.618 0.544 0.616 0.544 0.614 0.545 0.613 0.545 0.612 0.544 0.611 0.544 0.609 0.541 0.607 0.539 0.607 0.538 0.606
3 0.336 0.598 0.335 0.599 0.333 0.599 0.33 0.602 0.33 0.603 0.329 0.604 0.329 0.605 0.33 0.606 0.33 0.608 0.333 0.61 0.335 0.61 0.336 0.611 0.339 0.611 0.34 0.61 0.342 0.61 0.345 0.608 0.345 0.606 0.346 0.605 0.346 0.604 0.345 0.603 0.345 0.602 0.342 0.599 0.34 0.599 0.339 0.598
3 0.067 0.598 0.066 0.599 0.064 0.599 0.06 0.602 0.06 0.603 0.059 0.604 0.059 0.605 0.06 0.606 0.06 0.608 0.064 0.61 0.066 0.61 0.067 0.611 0.069 0.611 0.07 0.61 0.072 0.61 0.075 0.608 0.075 0.606 0.076 0.605 0.076 0.604 0.075 0.603 0.075 0.602 0.072 0.599 0.07 0.599 0.069 0.598
3 0.467 0.597 0.466 0.598 0.464 0.598 0.46 0.6 0.46 0.602 0.459 0.602 0.459 0.604 0.46 0.605 0.46 0.606 0.464 0.609 0.466 0.609 0.467 0.609 0.469 0.609 0.47 0.609 0.472 0.609 0.475 0.606 0.475 0.605 0.476 0.604 0.476 0.602 0.475 0.602 0.475 0.6 0.472 0.598 0.47 0.598 0.469 0.597
3 0.261 0.591 0.26 0.591 0.258 0.591 0.255 0.594 0.255 0.595 0.254 0.596 0.254 0.598 0.255 0.598 0.255 0.6 0.258 0.602 0.26 0.602 0.261 0.603 0.264 0.603 0.265 0.602 0.267 0.602 0.27 0.6 0.27 0.598 0.271 0.598 0.271 0.596 0.27 0.595 0.27 0.594 0.267 0.591 0.265 0.591 0.264 0.591
3 0.547 0.59 0.546 0.591 0.544 0.591 0.541 0.593 0.541 0.595 0.54 0.595 0.54 0.597 0.541 0.598 0.541 0.599 0.544 0.602 0.546 0.602 0.547 0.602 0.549 0.602 0.55 0.602 0.552 0.602 0.555 0.599 0.555 0.598 0.556 0.597 0.556 0.595 0.555 0.595 0.555 0.593 0.552 0.591 0.55 0.591 0.549 0.59
3 0.492 0.589 0.491 0.59 0.489 0.59 0.485 0.592 0.485 0.594 0.484 0.595 0.484 0.596 0.485 0.597 0.485 0.598 0.489 0.601 0.491 0.601 0.492 0.602 0.494 0.602 0.495 0.601 0.497 0.601 0.5 0.598 0.5 0.597 0.501 0.596 0.501 0.595 0.5 0.594 0.5 0.592 0.497 0.59 0.495 0.59 0.494 0.589
3 0.726 0.585 0.725 0.586 0.723 0.586 0.72 0.588 0.72 0.59 0.719 0.591 0.719 0.592 0.72 0.593 0.72 0.595 0.723 0.597 0.725 0.597 0.726 0.598 0.728 0.598 0.729 0.597 0.731 0.597 0.734 0.595 0.734 0.593 0.735 0.592 0.735 0.591 0.734 0.59 0.734 0.588 0.731 0.586 0.729 0.586 0.728 0.585
3 0.167 0.584 0.166 0.585 0.164 0.585 0.159 0.588 0.159 0.59 0.158 0.591 0.158 0.593 0.159 0.594 0.159 0.595 0.162 0.598 0.166 0.598 0.167 0.598 0.169 0.598 0.17 0.598 0.173 0.598 0.176 0.595 0.176 0.594 0.177 0.593 0.177 0.591 0.176 0.59 0.176 0.588 0.173 0.585 0.17 0.585 0.169 0.584
3 0.652 0.583 0.651 0.584 0.649 0.584 0.646 0.586 0.646 0.588 0.645 0.588 0.645 0.59 0.646 0.591 0.646 0.592 0.649 0.595 0.651 0.595 0.652 0.595 0.654 0.595 0.655 0.595 0.657 0.595 0.66 0.592 0.66 0.591 0.661 0.59 0.661 0.588 0.66 0.588 0.66 0.586 0.657 0.584 0.655 0.584 0.654 0.583
3 0.369 0.581 0.368 0.582 0.366 0.582 0.362 0.584 0.362 0.586 0.361 0.587 0.361 0.588 0.362 0.589 0.362 0.591 0.366 0.593 0.368 0.593 0.369 0.594 0.371 0.594 0.372 0.593 0.374 0.593 0.377 0.591 0.377 0.589 0.378 0.588 0.378 0.587 0.377 0.586 0.377 0.584 0.374 0.582 0.372 0.582 0.371 0.581
3 0.48 0.573 0.479 0.574 0.477 0.574 0.474 0.577 0.474 0.578 0.473 0.579 0.473 0.58 0.474 0.581 0.474 0.583 0.477 0.585 0.479 0.585 0.48 0.586 0.482 0.586 0.483 0.585 0.485 0.585 0.489 0.583 0.489 0.581 0.49 0.58 0.49 0.579 0.489 0.578 0.489 0.577 0.485 0.574 0.483 0.574 0.482 0.573
3 0.4 0.573 0.399 0.574 0.397 0.574 0.394 0.577 0.394 0.578 0.393 0.579 0.393 0.58 0.394 0.581 0.394 0.583 0.397 0.585 0.399 0.585 0.4 0.586 0.402 0.586 0.403 0.585 0.405 0.585 0.408 0.583 0.408 0.581 0.409 0.58 0.409 0.579 0.408 0.578 0.408 0.577 0.405 0.574 0.403 0.574 0.402 0.573
3 0.059 0.572 0.058 0.573 0.056 0.573 0.053 0.575 0.053 0.577 0.052 0.577 0.052 0.579 0.053 0.58 0.053 0.581 0.056 0.584 0.058 0.584 0.059 0.584 0.061 0.584 0.062 0.584 0.065 0.584 0.068 0.581 0.068 0.58 0.069 0.579 0.069 0.577 0.068 0.577 0.068 0.575 0.065 0.573 0.062 0.573 0.061 0.572
3 0.452 0.564 0.451 0.565 0.449 0.565 0.446 0.567 0.446 0.569 0.445 0.57 0.445 0.571 0.446 0.572 0.446 0.573 0.449 0.576 0.451 0.576 0.452 0.577 0.454 0.577 0.455 0.576 0.457 0.576 0.46 0.573 0.46 0.572 0.461 0.571 0.461 0.57 0.46 0.569 0.46 0.567 0.457 0.565 0.455 0.565 0.454 0.564
3 0.099 0.558 0.098 0.559 0.096 0.559 0.092 0.562 0.092 0.563 0.091 0.564 0.091 0.566 0.092 0.567 0.092 0.569 0.095 0.571 0.098 0.571 0.099 0.572 0.101 0.572 0.102 0.571 0.105 0.571 0.108 0.569 0.108 0.567 0.109 0.566 0.109 0.564 0.108 0.563 0.108 0.561 0.105 0.559 0.102 0.559 0.101 0.558
3 0.615 0.555 0.614 0.555 0.611 0.555 0.608 0.558 0.608 0.559 0.607 0.56 0.607 0.562 0.608 0.562 0.608 0.564 0.611 0.566 0.614 0.566 0.615 0.567 0.617 0.567 0.618 0.566 0.62 0.566 0.623 0.564 0.623 0.562 0.624 0.562 0.624 0.56 0.623 0.559 0.623 0.558 0.62 0.555 0.618 0.555 0.617 0.555
3 0.31 0.554 0.309 0.555 0.307 0.555 0.304 0.557 0.304 0.559 0.303 0.559 0.303 0.561 0.304 0.562 0.304 0.563 0.307 0.566 0.309 0.566 0.31 0.566 0.312 0.566 0.314 0.566 0.316 0.566 0.319 0.563 0.319 0.562 0.32 0.561 0.32 0.559 0.319 0.559 0.319 0.557 0.316 0.555 0.314 0.555 0.312 0.554
3 0.139 0.552 0.138 0.553 0.135 0.553 0.132 0.555 0.132 0.557 0.131 0.558 0.131 0.559 0.132 0.56 0.132 0.562 0.135 0.564 0.138 0.564 0.139 0.565 0.141 0.565 0.142 0.564 0.144 0.564 0.147 0.562 0.147 0.56 0.148 0.559 0.148 0.558 0.147 0.557 0.147 0.555 0.144 0.553 0.142 0.553 0.141 0.552
3 0.339 0.548 0.338 0.548 0.335 0.548 0.332 0.551 0.332 0.552 0.331 0.553 0.331 0.555 0.332 0.555 0.332 0.557 0.335 0.559 0.338 0.559 0.339 0.56 0.341 0.56 0.342 0.559 0.344 0.559 0.347 0.557 0.347 0.555 0.348 0.555 0.348 0.553 0.347 0.552 0.347 0.551 0.344 0.548 0.342 0.548 0.341 0.548
3 0.775 0.546 0.774 0.547 0.772 0.547 0.769 0.549 0.769 0.551 0.768 0.552 0.768 0.553 0.769 0.554 0.769 0.555 0.772 0.558 0.774 0.558 0.775 0.559 0.777 0.559 0.778 0.558 0.78 0.558 0.783 0.555 0.783 0.554 0.784 0.553 0.784 0.552 0.783 0.551 0.783 0.549 0.78 0.547 0.778 0.547 0.777 0.546
3 0.242 0.544 0.241 0.545 0.239 0.545 0.235 0.547 0.235 0.548 0.234 0.549 0.234 0.551 0.235 0.552 0.235 0.553 0.239 0.555 0.241 0.555 0.242 0.556 0.244 0.556 0.245 0.555 0.247 0.555 0.25 0.553 0.25 0.552 0.251 0.551 0.251 0.549 0.25 0.548 0.25 0.547 0.247 0.545 0.245 0.545 0.244 0.544
3 0.564 0.543 0.562 0.544 0.56 0.544 0.557 0.546 0.557 0.548 0.556 0.548 0.556 0.55 0.557 0.551 0.557 0.552 0.56 0.555 0.562 0.555 0.564 0.555 0.566 0.555 0.567 0.555 0.569 0.555 0.572 0.552 0.572 0.551 0.573 0.55 0.573 0.548 0.572 0.548 0.572 0.546 0.569 0.544 0.567 0.544 0.566 0.543
3 0.793 0.542 0.792 0.543 0.79 0.543 0.786 0.545 0.786 0.547 0.785 0.548 0.785 0.549 0.786 0.55 0.786 0.552 0.79 0.554 0.792 0.554 0.793 0.555 0.795 0.555 0.796 0.554 0.798 0.554 0.801 0.552 0.801 0.55 0.802 0.549 0.802 0.548 0.801 0.547 0.801 0.545 0.798 0.543 0.796 0.543 0.795 0.542
3 0.194 0.541 0.193 0.542 0.191 0.542 0.186 0.545 0.186 0.547 0.185 0.548 0.184 0.548 0.182 0.546 0.18 0.546 0.179 0.545 0.177 0.545 0.176 0.546 0.174 0.546 0.17 0.549 0.168 0.548 0.165 0.548 0.164 0.547 0.161 0.547 0.16 0.548 0.158 0.548 0.154 0.551 0.154 0.552 0.153 0.553 0.153 0.555 0.154 0.556 0.154 0.558 0.157 0.56 0.16 0.56 0.161 0.561 0.164 0.561 0.165 0.56 0.168 0.56 0.171 0.558 0.171 0.556 0.172 0.555 0.174 0.557 0.176 0.557 0.177 0.558 0.179 0.558 0.18 0.557 0.182 0.557 0.185 0.555 0.185 0.553 0.186 0.552 0.19 0.555 0.193 0.555 0.194 0.555 0.196 0.555 0.197 0.555 0.2 0.555 0.203 0.552 0.203 0.551 0.204 0.55 0.204 0.548 0.203 0.547 0.203 0.545 0.2 0.542 0.197 0.542 0.196 0.541
3 0.31 0.538 0.309 0.539 0.307 0.539 0.304 0.541 0.304 0.543 0.303 0.544 0.303 0.545 0.304 0.546 0.304 0.548 0.307 0.55 0.309 0.55 0.31 0.551 0.312 0.551 0.314 0.55 0.316 0.55 0.319 0.548 0.319 0.546 0.32 0.545 0.32 0.544 0.319 0.543 0.319 0.541 0.316 0.539 0.314 0.539 0.312 0.538
3 0.524 0.536 0.523 0.537 0.521 0.537 0.518 0.539 0.518 0.541 0.517 0.541 0.517 0.543 0.518 0.544 0.518 0.545 0.521 0.548 0.523 0.548 0.524 0.548 0.526 0.548 0.527 0.548 0.529 0.548 0.532 0.545 0.532 0.544 0.533 0.543 0.533 0.541 0.532 0.541 0.532 0.539 0.529 0.537 0.527 0.537 0.526 0.536
3 0.398 0.536 0.397 0.537 0.395 0.537 0.392 0.539 0.392 0.541 0.391 0.541 0.391 0.543 0.392 0.544 0.392 0.545 0.395 0.548 0.397 0.548 0.398 0.548 0.4 0.548 0.401 0.548 0.403 0.548 0.406 0.545 0.406 0.544 0.407 0.543 0.407 0.541 0.406 0.541 0.406 0.539 0.403 0.537 0.401 0.537 0.4 0.536
3 0.692 0.534 0.691 0.535 0.689 0.535 0.685 0.538 0.685 0.539 0.684 0.54 0.684 0.541 0.685 0.542 0.685 0.544 0.689 0.546 0.691 0.546 0.692 0.547 0.694 0.547 0.695 0.546 0.697 0.546 0.7 0.544 0.7 0.542 0.701 0.541 0.701 0.54 0.7 0.539 0.7 0.538 0.697 0.535 0.695 0.535 0.694 0.534
3 0.823 0.531 0.822 0.532 0.82 0.532 0.817 0.534 0.817 0.536 0.816 0.537 0.816 0.538 0.817 0.539 0.817 0.541 0.82 0.543 0.822 0.543 0.823 0.544 0.825 0.544 0.826 0.545 0.825 0.545 0.825 0.548 0.826 0.548 0.826 0.55 0.829 0.552 0.832 0.552 0.833 0.553 0.835 0.553 0.836 0.552 0.84 0.552 0.843 0.55 0.843 0.548 0.844 0.548 0.844 0.545 0.843 0.545 0.843 0.542 0.84 0.54 0.836 0.54 0.835 0.539 0.833 0.539 0.832 0.538 0.832 0.537 0.831 0.536 0.831 0.534 0.828 0.532 0.826 0.532 0.825 0.531
3 0.658 0.527 0.657 0.528 0.655 0.528 0.652 0.53 0.652 0.532 0.651 0.533 0.651 0.534 0.652 0.535 0.652 0.537 0.655 0.539 0.657 0.539 0.658 0.54 0.66 0.54 0.661 0.539 0.664 0.539 0.667 0.537 0.667 0.535 0.668 0.534 0.668 0.533 0.667 0.532 0.667 0.53 0.664 0.528 0.661 0.528 0.66 0.527
3 0.057 0.527 0.056 0.528 0.054 0.528 0.051 0.53 0.051 0.532 0.05 0.533 0.05 0.534 0.051 0.535 0.051 0.537 0.054 0.539 0.056 0.539 0.057 0.54 0.059 0.54 0.06 0.539 0.062 0.539 0.066 0.537 0.066 0.535 0.067 0.534 0.067 0.533 0.066 0.532 0.066 0.53 0.062 0.528 0.06 0.528 0.059 0.527
3 0.368 0.52 0.367 0.521 0.365 0.521 0.36 0.524 0.36 0.526 0.359 0.527 0.359 0.529 0.36 0.53 0.36 0.531 0.364 0.534 0.367 0.534 0.368 0.534 0.37 0.534 0.371 0.534 0.374 0.534 0.377 0.531 0.377 0.53 0.378 0.529 0.378 0.527 0.377 0.526 0.377 0.523 0.374 0.521 0.371 0.521 0.37 0.52
3 0.153 0.512 0.152 0.513 0.15 0.513 0.146 0.516 0.146 0.518 0.145 0.519 0.145 0.521 0.146 0.522 0.146 0.523 0.149 0.526 0.152 0.526 0.153 0.527 0.155 0.527 0.156 0.526 0.159 0.526 0.162 0.523 0.162 0.522 0.164 0.521 0.164 0.519 0.162 0.518 0.162 0.516 0.159 0.513 0.156 0.513 0.155 0.512
3 0.398 0.512 0.397 0.512 0.395 0.512 0.392 0.515 0.392 0.516 0.391 0.517 0.391 0.519 0.392 0.52 0.392 0.521 0.395 0.523 0.397 0.523 0.398 0.524 0.4 0.524 0.401 0.523 0.403 0.523 0.406 0.521 0.406 0.52 0.407 0.519 0.407 0.517 0.406 0.516 0.406 0.515 0.403 0.512 0.401 0.512 0.4 0.512
3 0.675 0.51 0.674 0.511 0.672 0.511 0.669 0.513 0.669 0.515 0.668 0.516 0.668 0.517 0.669 0.518 0.669 0.52 0.672 0.522 0.674 0.522 0.675 0.523 0.677 0.523 0.678 0.522 0.68 0.522 0.683 0.52 0.683 0.518 0.684 0.517 0.684 0.516 0.683 0.515 0.683 0.513 0.68 0.511 0.678 0.511 0.677 0.51
3 0.736 0.509 0.735 0.509 0.733 0.509 0.729 0.512 0.729 0.514 0.728 0.515 0.728 0.517 0.729 0.518 0.729 0.52 0.732 0.522 0.735 0.522 0.736 0.523 0.739 0.523 0.74 0.522 0.743 0.522 0.746 0.52 0.746 0.518 0.747 0.517 0.747 0.515 0.746 0.514 0.746 0.512 0.743 0.509 0.74 0.509 0.739 0.509
3 0.552 0.508 0.551 0.509 0.549 0.509 0.546 0.511 0.546 0.512 0.545 0.513 0.545 0.515 0.546 0.516 0.546 0.517 0.549 0.52 0.551 0.52 0.552 0.52 0.554 0.52 0.555 0.52 0.557 0.52 0.56 0.517 0.56 0.516 0.561 0.515 0.561 0.513 0.56 0.512 0.56 0.511 0.557 0.509 0.555 0.509 0.554 0.508
3 0.274 0.506 0.273 0.507 0.271 0.507 0.268 0.509 0.268 0.511 0.267 0.512 0.267 0.513 0.268 0.514 0.268 0.516 0.271 0.518 0.273 0.518 0.274 0.519 0.276 0.519 0.277 0.518 0.279 0.518 0.282 0.516 0.282 0.514 0.283 0.513 0.283 0.512 0.282 0.511 0.282 0.509 0.279 0.507 0.277 0.507 0.276 0.506
3 0.496 0.494 0.495 0.495 0.493 0.495 0.49 0.497 0.49 0.498 0.489 0.499 0.489 0.5 0.488 0.501 0.486 0.5 0.486 0.498 0.483 0.496 0.481 0.496 0.48 0.495 0.478 0.495 0.477 0.496 0.475 0.496 0.472 0.498 0.472 0.5 0.471 0.501 0.471 0.502 0.472 0.503 0.472 0.505 0.471 0.505 0.469 0.504 0.467 0.504 0.466 0.503 0.464 0.503 0.462 0.504 0.46 0.504 0.457 0.506 0.457 0.508 0.456 0.509 0.456 0.51 0.457 0.511 0.457 0.512 0.46 0.515 0.462 0.515 0.464 0.516 0.466 0.516 0.467 0.515 0.469 0.515 0.472 0.512 0.472 0.511 0.473 0.51 0.473 0.509 0.472 0.508 0.472 0.506 0.473 0.505 0.475 0.507 0.477 0.507 0.478 0.508 0.48 0.508 0.481 0.507 0.483 0.507 0.486 0.505 0.486 0.503 0.488 0.502 0.488 0.502 0.489 0.501 0.49 0.502 0.49 0.503 0.493 0.505 0.495 0.505 0.496 0.506 0.498 0.506 0.499 0.505 0.501 0.505 0.504 0.503 0.504 0.502 0.505 0.501 0.505 0.499 0.504 0.498 0.504 0.497 0.501 0.495 0.499 0.495 0.498 0.494
3 0.43 0.494 0.429 0.495 0.427 0.495 0.424 0.497 0.424 0.498 0.423 0.499 0.423 0.501 0.424 0.502 0.424 0.503 0.427 0.505 0.429 0.505 0.43 0.506 0.432 0.506 0.433 0.505 0.435 0.505 0.439 0.503 0.44 0.504 0.44 0.505 0.443 0.507 0.445 0.507 0.446 0.508 0.448 0.508 0.449 0.507 0.451 0.507 0.454 0.505 0.454 0.503 0.455 0.502 0.455 0.501 0.454 0.5 0.454 0.498 0.451 0.496 0.449 0.496 0.448 0.495 0.446 0.495 0.445 0.496 0.443 0.496 0.44 0.498 0.439 0.498 0.439 0.497 0.435 0.495 0.433 0.495 0.432 0.494
3 0.407 0.494 0.406 0.495 0.404 0.495 0.401 0.497 0.401 0.498 0.4 0.499 0.4 0.501 0.401 0.502 0.401 0.503 0.404 0.505 0.406 0.505 0.407 0.506 0.409 0.506 0.41 0.505 0.412 0.505 0.416 0.503 0.416 0.502 0.417 0.501 0.417 0.499 0.416 0.498 0.416 0.497 0.412 0.495 0.41 0.495 0.409 0.494
3 0.669 0.493 0.668 0.494 0.666 0.494 0.662 0.496 0.662 0.498 0.661 0.498 0.661 0.5 0.662 0.501 0.662 0.502 0.666 0.505 0.668 0.505 0.669 0.505 0.671 0.505 0.672 0.505 0.674 0.505 0.677 0.502 0.677 0.501 0.678 0.5 0.678 0.498 0.677 0.498 0.677 0.496 0.674 0.494 0.672 0.494 0.671 0.493
3 0.692 0.492 0.691 0.493 0.689 0.493 0.685 0.495 0.685 0.497 0.684 0.498 0.684 0.499 0.685 0.5 0.685 0.502 0.689 0.504 0.691 0.504 0.692 0.505 0.694 0.505 0.695 0.504 0.697 0.504 0.7 0.502 0.7 0.5 0.701 0.499 0.701 0.498 0.7 0.497 0.7 0.495 0.697 0.493 0.695 0.493 0.694 0.492
3 0.772 0.491 0.771 0.492 0.769 0.492 0.765 0.495 0.765 0.497 0.764 0.498 0.764 0.5 0.765 0.501 0.765 0.502 0.768 0.505 0.771 0.505 0.772 0.505 0.774 0.505 0.775 0.505 0.778 0.505 0.781 0.502 0.781 0.501 0.782 0.5 0.782 0.498 0.781 0.497 0.781 0.495 0.778 0.492 0.775 0.492 0.774 0.491
3 0.638 0.485 0.636 0.486 0.634 0.486 0.633 0.487 0.631 0.487 0.63 0.486 0.628 0.486 0.627 0.487 0.625 0.487 0.622 0.489 0.622 0.491 0.621 0.491 0.621 0.493 0.622 0.494 0.622 0.495 0.625 0.498 0.627 0.498 0.628 0.498 0.63 0.498 0.631 0.498 0.632 0.498 0.633 0.498 0.632 0.499 0.632 0.501 0.631 0.502 0.631 0.503 0.632 0.504 0.632 0.505 0.635 0.508 0.638 0.508 0.639 0.509 0.641 0.509 0.642 0.508 0.644 0.508 0.647 0.505 0.647 0.504 0.648 0.503 0.648 0.502 0.647 0.501 0.647 0.499 0.644 0.497 0.644 0.496 0.646 0.495 0.646 0.493 0.647 0.492 0.647 0.491 0.646 0.49 0.646 0.488 0.643 0.486 0.641 0.486 0.64 0.485
3 0.381 0.482 0.38 0.483 0.378 0.483 0.375 0.485 0.375 0.487 0.374 0.488 0.374 0.489 0.375 0.49 0.375 0.491 0.378 0.494 0.38 0.494 0.381 0.495 0.383 0.495 0.384 0.494 0.386 0.494 0.39 0.491 0.39 0.49 0.391 0.489 0.391 0.488 0.39 0.487 0.39 0.485 0.386 0.483 0.384 0.483 0.383 0.482
3 0.593 0.48 0.592 0.481 0.59 0.481 0.586 0.484 0.586 0.485 0.585 0.486 0.585 0.488 0.586 0.488 0.586 0.49 0.59 0.492 0.592 0.492 0.593 0.493 0.595 0.493 0.596 0.492 0.598 0.492 0.601 0.49 0.601 0.488 0.602 0.488 0.602 0.486 0.601 0.485 0.601 0.484 0.598 0.481 0.596 0.481 0.595 0.48
3 0.339 0.477 0.338 0.477 0.335 0.477 0.331 0.48 0.331 0.482 0.33 0.483 0.33 0.485 0.331 0.486 0.331 0.488 0.334 0.49 0.338 0.49 0.339 0.491 0.341 0.491 0.342 0.49 0.345 0.49 0.348 0.488 0.348 0.486 0.349 0.485 0.349 0.483 0.348 0.482 0.348 0.48 0.345 0.477 0.342 0.477 0.341 0.477
3 0.717 0.474 0.716 0.475 0.714 0.475 0.709 0.478 0.709 0.48 0.708 0.48 0.708 0.483 0.709 0.484 0.709 0.485 0.712 0.488 0.716 0.488 0.717 0.488 0.719 0.488 0.72 0.488 0.723 0.488 0.726 0.485 0.726 0.484 0.727 0.483 0.727 0.48 0.726 0.48 0.726 0.477 0.723 0.475 0.72 0.475 0.719 0.474
3 0.448 0.473 0.447 0.474 0.445 0.474 0.442 0.477 0.442 0.478 0.441 0.479 0.441 0.48 0.442 0.481 0.442 0.483 0.445 0.485 0.447 0.485 0.448 0.486 0.45 0.486 0.451 0.485 0.453 0.485 0.456 0.483 0.456 0.481 0.457 0.48 0.457 0.479 0.456 0.478 0.456 0.477 0.453 0.474 0.451 0.474 0.45 0.473
3 0.811 0.473 0.81 0.473 0.808 0.473 0.804 0.477 0.804 0.478 0.803 0.479 0.803 0.481 0.804 0.482 0.804 0.484 0.807 0.486 0.81 0.486 0.811 0.487 0.814 0.487 0.815 0.486 0.818 0.486 0.821 0.484 0.821 0.482 0.822 0.481 0.822 0.479 0.821 0.478 0.821 0.476 0.818 0.473 0.815 0.473 0.814 0.473
3 0.179 0.472 0.178 0.473 0.176 0.473 0.172 0.476 0.172 0.477 0.171 0.478 0.171 0.48 0.172 0.481 0.172 0.483 0.175 0.485 0.178 0.485 0.179 0.486 0.181 0.486 0.182 0.485 0.185 0.485 0.189 0.483 0.189 0.481 0.19 0.48 0.19 0.478 0.189 0.477 0.189 0.475 0.185 0.473 0.182 0.473 0.181 0.472
3 0.316 0.47 0.315 0.47 0.312 0.47 0.309 0.473 0.309 0.474 0.308 0.475 0.308 0.477 0.309 0.477 0.309 0.479 0.31 0.48 0.309 0.48 0.307 0.48 0.306 0.48 0.304 0.48 0.303 0.48 0.301 0.48 0.298 0.483 0.298 0.484 0.297 0.485 0.297 0.487 0.298 0.488 0.298 0.488 0.296 0.49 0.296 0.491 0.295 0.492 0.295 0.495 0.296 0.495 0.296 0.497 0.299 0.499 0.302 0.499 0.303 0.5 0.305 0.5 0.306 0.499 0.309 0.499 0.312 0.497 0.312 0.495 0.314 0.495 0.314 0.492 0.312 0.491 0.312 0.488 0.314 0.487 0.314 0.485 0.312 0.484 0.312 0.483 0.311 0.482 0.312 0.481 0.315 0.481 0.316 0.482 0.318 0.482 0.319 0.481 0.321 0.481 0.324 0.479 0.324 0.477 0.325 0.477 0.325 0.475 0.324 0.474 0.324 0.473 0.321 0.47 0.319 0.47 0.318 0.47
3 0.895 0.463 0.894 0.464 0.892 0.464 0.889 0.466 0.889 0.468 0.888 0.469 0.888 0.47 0.889 0.471 0.889 0.473 0.892 0.475 0.894 0.475 0.895 0.476 0.897 0.476 0.898 0.475 0.9 0.475 0.903 0.473 0.903 0.471 0.904 0.47 0.904 0.469 0.903 0.468 0.903 0.466 0.9 0.464 0.898 0.464 0.897 0.463
3 0.294 0.463 0.293 0.464 0.291 0.464 0.288 0.466 0.288 0.468 0.286 0.469 0.286 0.47 0.288 0.471 0.288 0.473 0.291 0.475 0.293 0.475 0.294 0.476 0.296 0.476 0.297 0.475 0.299 0.475 0.302 0.473 0.302 0.471 0.303 0.47 0.303 0.469 0.302 0.468 0.302 0.466 0.299 0.464 0.297 0.464 0.296 0.463
3 0.55 0.462 0.549 0.462 0.547 0.462 0.544 0.465 0.544 0.466 0.543 0.467 0.543 0.469 0.544 0.47 0.544 0.471 0.547 0.473 0.549 0.473 0.55 0.474 0.552 0.474 0.553 0.473 0.555 0.473 0.558 0.471 0.558 0.47 0.559 0.469 0.559 0.467 0.558 0.466 0.558 0.465 0.555 0.462 0.553 0.462 0.552 0.462
3 0.208 0.461 0.207 0.462 0.205 0.462 0.201 0.465 0.201 0.466 0.2 0.467 0.2 0.47 0.201 0.47 0.201 0.472 0.204 0.474 0.207 0.474 0.208 0.475 0.21 0.475 0.211 0.474 0.215 0.474 0.218 0.472 0.218 0.47 0.219 0.47 0.219 0.467 0.218 0.466 0.218 0.464 0.215 0.462 0.211 0.462 0.21 0.461
3 0.267 0.458 0.266 0.459 0.264 0.459 0.26 0.461 0.26 0.462 0.259 0.463 0.259 0.465 0.26 0.466 0.26 0.467 0.264 0.47 0.266 0.47 0.267 0.47 0.269 0.47 0.27 0.47 0.272 0.47 0.275 0.467 0.275 0.466 0.276 0.465 0.276 0.463 0.275 0.462 0.275 0.461 0.272 0.459 0.27 0.459 0.269 0.458
3 0.35 0.457 0.349 0.458 0.347 0.458 0.344 0.46 0.344 0.462 0.343 0.462 0.343 0.464 0.344 0.465 0.344 0.466 0.347 0.469 0.349 0.469 0.35 0.47 0.352 0.47 0.353 0.469 0.355 0.469 0.358 0.466 0.358 0.465 0.359 0.464 0.359 0.462 0.358 0.462 0.358 0.46 0.355 0.458 0.353 0.458 0.352 0.457
3 0.677 0.456 0.676 0.457 0.674 0.457 0.671 0.459 0.671 0.461 0.669 0.462 0.668 0.462 0.665 0.465 0.665 0.466 0.664 0.467 0.664 0.469 0.665 0.47 0.665 0.471 0.668 0.473 0.664 0.477 0.664 0.478 0.662 0.479 0.662 0.48 0.664 0.481 0.664 0.483 0.667 0.485 0.669 0.485 0.67 0.486 0.672 0.486 0.673 0.485 0.675 0.485 0.678 0.483 0.678 0.481 0.679 0.48 0.679 0.479 0.678 0.478 0.678 0.477 0.675 0.474 0.678 0.472 0.679 0.473 0.679 0.473 0.68 0.474 0.68 0.476 0.683 0.478 0.685 0.478 0.686 0.479 0.689 0.479 0.69 0.478 0.692 0.478 0.695 0.476 0.695 0.474 0.696 0.473 0.696 0.472 0.695 0.471 0.695 0.47 0.692 0.467 0.69 0.467 0.689 0.466 0.686 0.466 0.685 0.466 0.685 0.464 0.686 0.463 0.686 0.462 0.685 0.461 0.685 0.459 0.682 0.457 0.68 0.457 0.679 0.456
3 0.417 0.454 0.416 0.455 0.414 0.455 0.41 0.457 0.41 0.459 0.409 0.459 0.409 0.461 0.41 0.462 0.41 0.463 0.414 0.466 0.416 0.466 0.417 0.466 0.419 0.466 0.42 0.466 0.422 0.466 0.425 0.463 0.425 0.462 0.426 0.461 0.426 0.459 0.425 0.459 0.425 0.457 0.422 0.455 0.42 0.455 0.419 0.454
3 0.312 0.453 0.311 0.454 0.309 0.454 0.305 0.457 0.305 0.459 0.304 0.459 0.304 0.462 0.305 0.462 0.305 0.464 0.308 0.466 0.311 0.466 0.312 0.467 0.315 0.467 0.316 0.466 0.319 0.466 0.322 0.464 0.322 0.462 0.323 0.462 0.323 0.459 0.322 0.459 0.322 0.456 0.319 0.454 0.316 0.454 0.315 0.453
3 0.516 0.452 0.515 0.453 0.512 0.453 0.509 0.455 0.509 0.457 0.508 0.458 0.508 0.459 0.509 0.46 0.509 0.462 0.512 0.464 0.515 0.464 0.516 0.465 0.518 0.465 0.519 0.464 0.521 0.464 0.524 0.462 0.524 0.46 0.525 0.459 0.525 0.458 0.524 0.457 0.524 0.455 0.521 0.453 0.519 0.453 0.518 0.452
3 0.631 0.448 0.63 0.449 0.628 0.449 0.625 0.452 0.625 0.453 0.624 0.454 0.624 0.455 0.625 0.456 0.625 0.458 0.628 0.46 0.63 0.46 0.631 0.461 0.633 0.461 0.634 0.46 0.636 0.46 0.64 0.458 0.64 0.456 0.641 0.455 0.641 0.454 0.64 0.453 0.64 0.452 0.636 0.449 0.634 0.449 0.633 0.448
3 0.334 0.445 0.333 0.446 0.331 0.446 0.327 0.449 0.327 0.451 0.326 0.452 0.326 0.454 0.327 0.455 0.327 0.456 0.33 0.459 0.333 0.459 0.334 0.459 0.336 0.459 0.338 0.459 0.341 0.459 0.344 0.456 0.344 0.455 0.345 0.454 0.345 0.452 0.344 0.451 0.344 0.448 0.341 0.446 0.338 0.446 0.336 0.445
3 0.25 0.445 0.249 0.446 0.247 0.446 0.244 0.448 0.244 0.45 0.243 0.451 0.243 0.452 0.244 0.453 0.244 0.455 0.247 0.457 0.249 0.457 0.25 0.458 0.252 0.458 0.253 0.457 0.255 0.457 0.258 0.455 0.258 0.453 0.259 0.452 0.259 0.451 0.258 0.45 0.258 0.448 0.255 0.446 0.253 0.446 0.252 0.445
3 0.76 0.444 0.759 0.445 0.757 0.445 0.754 0.447 0.754 0.448 0.753 0.449 0.753 0.451 0.754 0.452 0.754 0.453 0.757 0.455 0.759 0.455 0.76 0.456 0.762 0.456 0.764 0.455 0.766 0.455 0.769 0.453 0.769 0.452 0.77 0.451 0.77 0.449 0.769 0.448 0.769 0.447 0.766 0.445 0.764 0.445 0.762 0.444
3 0.201 0.443 0.2 0.444 0.198 0.444 0.194 0.447 0.194 0.448 0.193 0.449 0.193 0.452 0.194 0.452 0.194 0.454 0.197 0.456 0.2 0.456 0.201 0.457 0.203 0.457 0.204 0.456 0.207 0.456 0.21 0.454 0.21 0.452 0.211 0.452 0.211 0.449 0.21 0.448 0.21 0.446 0.207 0.444 0.204 0.444 0.203 0.443
3 0.892 0.441 0.891 0.442 0.889 0.442 0.885 0.445 0.885 0.446 0.884 0.447 0.884 0.448 0.885 0.449 0.885 0.451 0.889 0.453 0.891 0.453 0.892 0.454 0.894 0.454 0.895 0.453 0.897 0.453 0.9 0.451 0.9 0.449 0.901 0.448 0.901 0.447 0.9 0.446 0.9 0.445 0.897 0.442 0.895 0.442 0.894 0.441
3 0.443 0.438 0.442 0.439 0.44 0.439 0.436 0.441 0.436 0.443 0.435 0.444 0.435 0.445 0.436 0.446 0.436 0.448 0.44 0.45 0.442 0.45 0.443 0.451 0.445 0.451 0.446 0.45 0.448 0.45 0.451 0.448 0.451 0.446 0.452 0.445 0.452 0.444 0.451 0.443 0.451 0.441 0.448 0.439 0.446 0.439 0.445 0.438
3 0.375 0.433 0.374 0.434 0.372 0.434 0.369 0.436 0.369 0.438 0.368 0.438 0.368 0.44 0.369 0.441 0.369 0.442 0.372 0.445 0.374 0.445 0.375 0.445 0.377 0.445 0.378 0.445 0.38 0.445 0.383 0.442 0.383 0.441 0.384 0.44 0.384 0.438 0.383 0.438 0.383 0.436 0.38 0.434 0.378 0.434 0.377 0.433
3 0.686 0.431 0.685 0.432 0.683 0.432 0.68 0.434 0.68 0.436 0.679 0.437 0.679 0.438 0.68 0.439 0.68 0.441 0.683 0.443 0.685 0.443 0.686 0.444 0.689 0.444 0.69 0.443 0.692 0.443 0.695 0.441 0.695 0.439 0.696 0.438 0.696 0.437 0.695 0.436 0.695 0.434 0.692 0.432 0.69 0.432 0.689 0.431
3 0.634 0.43 0.633 0.431 0.631 0.431 0.628 0.434 0.628 0.435 0.627 0.436 0.627 0.438 0.628 0.438 0.628 0.44 0.631 0.442 0.633 0.442 0.634 0.443 0.636 0.443 0.638 0.442 0.64 0.442 0.643 0.44 0.643 0.438 0.644 0.438 0.644 0.436 0.643 0.435 0.643 0.434 0.64 0.431 0.638 0.431 0.636 0.43
3 0.418 0.429 0.417 0.43 0.415 0.43 0.411 0.432 0.411 0.434 0.41 0.434 0.41 0.436 0.411 0.437 0.411 0.438 0.415 0.441 0.417 0.441 0.418 0.441 0.42 0.441 0.421 0.441 0.423 0.441 0.426 0.438 0.426 0.437 0.427 0.436 0.427 0.434 0.426 0.434 0.426 0.432 0.423 0.43 0.421 0.43 0.42 0.429
3 0.719 0.427 0.718 0.428 0.716 0.428 0.712 0.43 0.712 0.432 0.711 0.433 0.711 0.434 0.712 0.435 0.712 0.437 0.716 0.439 0.718 0.439 0.719 0.44 0.721 0.44 0.722 0.439 0.724 0.439 0.727 0.437 0.727 0.435 0.728 0.434 0.728 0.433 0.727 0.432 0.727 0.43 0.724 0.428 0.722 0.428 0.721 0.427
3 0.58 0.427 0.579 0.427 0.577 0.427 0.574 0.43 0.574 0.431 0.573 0.432 0.573 0.434 0.574 0.434 0.574 0.436 0.577 0.438 0.579 0.438 0.58 0.439 0.582 0.439 0.583 0.438 0.584 0.438 0.585 0.439 0.584 0.44 0.584 0.441 0.585 0.442 0.585 0.444 0.589 0.446 0.591 0.446 0.592 0.447 0.594 0.447 0.595 0.446 0.597 0.446 0.598 0.445 0.599 0.446 0.599 0.447 0.602 0.449 0.604 0.449 0.605 0.45 0.607 0.45 0.608 0.449 0.61 0.449 0.611 0.448 0.614 0.448 0.615 0.449 0.617 0.449 0.618 0.448 0.62 0.448 0.623 0.446 0.623 0.445 0.624 0.444 0.624 0.442 0.623 0.441 0.623 0.44 0.62 0.438 0.618 0.438 0.617 0.437 0.615 0.437 0.614 0.438 0.611 0.438 0.61 0.438 0.608 0.438 0.607 0.438 0.605 0.438 0.604 0.438 0.602 0.438 0.601 0.439 0.6 0.438 0.6 0.438 0.597 0.435 0.595 0.435 0.594 0.434 0.592 0.434 0.591 0.435 0.59 0.435 0.589 0.434 0.59 0.434 0.59 0.432 0.589 0.431 0.589 0.43 0.585 0.427 0.583 0.427 0.582 0.427
3 0.515 0.426 0.514 0.427 0.511 0.427 0.508 0.429 0.508 0.43 0.507 0.431 0.507 0.433 0.508 0.434 0.508 0.435 0.511 0.438 0.514 0.438 0.515 0.438 0.517 0.438 0.518 0.438 0.52 0.438 0.523 0.435 0.523 0.434 0.524 0.433 0.524 0.431 0.523 0.43 0.523 0.429 0.52 0.427 0.518 0.427 0.517 0.426
3 0.743 0.425 0.742 0.426 0.74 0.426 0.736 0.428 0.736 0.43 0.735 0.43 0.735 0.432 0.736 0.433 0.736 0.434 0.739 0.436 0.736 0.438 0.736 0.439 0.735 0.44 0.735 0.441 0.736 0.442 0.736 0.444 0.74 0.446 0.742 0.446 0.743 0.447 0.745 0.447 0.746 0.446 0.748 0.446 0.751 0.444 0.751 0.442 0.752 0.441 0.752 0.44 0.751 0.439 0.751 0.438 0.752 0.438 0.755 0.44 0.757 0.44 0.758 0.441 0.76 0.441 0.761 0.44 0.764 0.44 0.767 0.438 0.767 0.436 0.768 0.435 0.768 0.434 0.767 0.433 0.767 0.431 0.764 0.429 0.761 0.429 0.76 0.428 0.758 0.428 0.757 0.429 0.755 0.429 0.753 0.43 0.752 0.43 0.751 0.43 0.751 0.428 0.748 0.426 0.746 0.426 0.745 0.425
3 0.561 0.417 0.56 0.418 0.558 0.418 0.555 0.42 0.555 0.422 0.554 0.423 0.554 0.424 0.555 0.425 0.552 0.427 0.552 0.429 0.551 0.43 0.551 0.431 0.552 0.432 0.552 0.434 0.555 0.436 0.557 0.436 0.558 0.437 0.56 0.437 0.561 0.436 0.564 0.436 0.567 0.434 0.567 0.432 0.568 0.431 0.568 0.43 0.567 0.429 0.57 0.427 0.57 0.425 0.571 0.424 0.571 0.423 0.57 0.422 0.57 0.42 0.567 0.418 0.565 0.418 0.564 0.417
3 0.541 0.416 0.54 0.417 0.538 0.417 0.534 0.42 0.534 0.421 0.533 0.422 0.533 0.423 0.534 0.424 0.534 0.426 0.538 0.428 0.54 0.428 0.541 0.429 0.543 0.429 0.544 0.428 0.546 0.428 0.549 0.426 0.549 0.424 0.55 0.423 0.55 0.422 0.549 0.421 0.549 0.42 0.546 0.417 0.544 0.417 0.543 0.416
3 0.349 0.416 0.348 0.416 0.346 0.416 0.343 0.419 0.343 0.42 0.342 0.421 0.342 0.423 0.343 0.423 0.343 0.425 0.346 0.427 0.348 0.427 0.349 0.428 0.351 0.428 0.352 0.427 0.354 0.427 0.357 0.425 0.357 0.423 0.358 0.423 0.358 0.421 0.357 0.42 0.357 0.419 0.354 0.416 0.352 0.416 0.351 0.416
3 0.292 0.406 0.291 0.407 0.289 0.407 0.284 0.41 0.284 0.412 0.283 0.412 0.283 0.415 0.284 0.416 0.284 0.417 0.288 0.42 0.291 0.42 0.292 0.42 0.294 0.42 0.295 0.42 0.298 0.42 0.301 0.417 0.301 0.416 0.302 0.415 0.302 0.412 0.301 0.412 0.301 0.409 0.298 0.407 0.295 0.407 0.294 0.406
3 0.388 0.4 0.386 0.401 0.384 0.401 0.381 0.403 0.381 0.405 0.38 0.405 0.38 0.407 0.381 0.408 0.381 0.409 0.384 0.412 0.386 0.412 0.388 0.412 0.39 0.412 0.391 0.412 0.393 0.412 0.396 0.409 0.396 0.408 0.397 0.407 0.397 0.405 0.396 0.405 0.396 0.403 0.393 0.401 0.391 0.401 0.39 0.4
3 0.406 0.395 0.405 0.396 0.403 0.396 0.4 0.398 0.4 0.4 0.399 0.401 0.399 0.402 0.4 0.403 0.4 0.405 0.403 0.407 0.405 0.407 0.406 0.408 0.408 0.408 0.409 0.407 0.411 0.407 0.415 0.405 0.415 0.403 0.416 0.402 0.416 0.401 0.415 0.4 0.415 0.398 0.411 0.396 0.409 0.396 0.408 0.395
3 0.676 0.384 0.675 0.385 0.673 0.385 0.669 0.388 0.669 0.39 0.668 0.391 0.668 0.393 0.669 0.394 0.669 0.395 0.672 0.398 0.675 0.398 0.676 0.398 0.678 0.398 0.679 0.398 0.682 0.398 0.685 0.395 0.685 0.394 0.686 0.393 0.686 0.391 0.685 0.39 0.685 0.388 0.682 0.385 0.679 0.385 0.678 0.384
3 0.545 0.384 0.544 0.385 0.542 0.385 0.539 0.388 0.539 0.389 0.538 0.39 0.538 0.391 0.539 0.392 0.539 0.394 0.542 0.396 0.544 0.396 0.545 0.397 0.547 0.397 0.548 0.396 0.55 0.396 0.553 0.394 0.553 0.392 0.554 0.391 0.554 0.39 0.553 0.389 0.553 0.388 0.55 0.385 0.548 0.385 0.547 0.384
3 0.46 0.381 0.459 0.382 0.457 0.382 0.454 0.384 0.454 0.386 0.453 0.387 0.453 0.388 0.454 0.389 0.454 0.391 0.457 0.393 0.459 0.393 0.46 0.394 0.462 0.394 0.464 0.393 0.466 0.393 0.469 0.391 0.469 0.389 0.47 0.388 0.47 0.387 0.469 0.386 0.469 0.384 0.466 0.382 0.464 0.382 0.462 0.381
3 0.249 0.377 0.248 0.378 0.246 0.378 0.242 0.381 0.242 0.383 0.241 0.384 0.241 0.386 0.242 0.387 0.242 0.388 0.245 0.391 0.248 0.391 0.249 0.391 0.251 0.391 0.252 0.391 0.255 0.391 0.258 0.388 0.258 0.387 0.259 0.386 0.259 0.384 0.258 0.383 0.258 0.38 0.255 0.378 0.252 0.378 0.251 0.377
3 0.197 0.374 0.196 0.375 0.194 0.375 0.19 0.378 0.19 0.38 0.189 0.38 0.189 0.383 0.19 0.384 0.19 0.385 0.193 0.388 0.196 0.388 0.197 0.388 0.199 0.388 0.2 0.388 0.203 0.388 0.206 0.385 0.206 0.384 0.207 0.383 0.207 0.38 0.206 0.38 0.206 0.377 0.203 0.375 0.2 0.375 0.199 0.374
3 0.605 0.373 0.604 0.373 0.602 0.373 0.599 0.376 0.599 0.377 0.598 0.378 0.598 0.38 0.599 0.38 0.599 0.382 0.602 0.384 0.604 0.384 0.605 0.385 0.607 0.385 0.608 0.384 0.61 0.384 0.614 0.382 0.614 0.38 0.615 0.38 0.615 0.378 0.614 0.377 0.614 0.376 0.61 0.373 0.608 0.373 0.607 0.373
3 0.669 0.369 0.668 0.37 0.666 0.37 0.662 0.372 0.662 0.373 0.661 0.374 0.661 0.376 0.662 0.377 0.662 0.378 0.666 0.38 0.668 0.38 0.669 0.381 0.671 0.381 0.672 0.38 0.674 0.38 0.677 0.378 0.677 0.377 0.678 0.376 0.678 0.374 0.677 0.373 0.677 0.372 0.674 0.37 0.672 0.37 0.671 0.369
3 0.48 0.366 0.479 0.367 0.477 0.367 0.473 0.37 0.473 0.372 0.472 0.373 0.472 0.375 0.473 0.376 0.473 0.377 0.476 0.38 0.479 0.38 0.48 0.38 0.482 0.38 0.483 0.38 0.486 0.38 0.49 0.377 0.49 0.376 0.491 0.375 0.491 0.373 0.49 0.372 0.49 0.37 0.486 0.367 0.483 0.367 0.482 0.366
3 0.59 0.363 0.589 0.364 0.586 0.364 0.583 0.366 0.583 0.368 0.582 0.369 0.582 0.37 0.583 0.371 0.583 0.373 0.586 0.375 0.589 0.375 0.59 0.376 0.592 0.376 0.593 0.375 0.595 0.375 0.598 0.373 0.598 0.371 0.599 0.37 0.599 0.369 0.598 0.368 0.598 0.366 0.595 0.364 0.593 0.364 0.592 0.363
3 0.539 0.356 0.538 0.357 0.535 0.357 0.532 0.359 0.532 0.36 0.531 0.361 0.529 0.361 0.528 0.362 0.526 0.362 0.523 0.364 0.523 0.366 0.522 0.366 0.522 0.368 0.523 0.369 0.523 0.37 0.526 0.373 0.528 0.373 0.529 0.373 0.531 0.373 0.532 0.373 0.534 0.373 0.538 0.37 0.538 0.37 0.539 0.369 0.541 0.369 0.542 0.368 0.544 0.368 0.547 0.366 0.547 0.364 0.548 0.363 0.548 0.362 0.547 0.361 0.547 0.359 0.544 0.357 0.542 0.357 0.541 0.356
3 0.202 0.355 0.201 0.356 0.199 0.356 0.195 0.359 0.195 0.361 0.194 0.362 0.194 0.364 0.195 0.365 0.195 0.366 0.198 0.369 0.201 0.369 0.202 0.37 0.204 0.37 0.205 0.369 0.208 0.369 0.211 0.366 0.211 0.365 0.212 0.364 0.212 0.362 0.211 0.361 0.211 0.359 0.208 0.356 0.205 0.356 0.204 0.355
3 0.559 0.344 0.558 0.345 0.556 0.345 0.553 0.347 0.553 0.348 0.552 0.349 0.552 0.351 0.553 0.352 0.553 0.353 0.556 0.355 0.558 0.355 0.559 0.356 0.561 0.356 0.562 0.355 0.565 0.355 0.568 0.353 0.568 0.352 0.569 0.351 0.569 0.349 0.568 0.348 0.568 0.347 0.565 0.345 0.562 0.345 0.561 0.344
3 0.476 0.341 0.475 0.341 0.473 0.341 0.469 0.345 0.469 0.346 0.468 0.347 0.468 0.349 0.469 0.35 0.469 0.352 0.472 0.354 0.475 0.354 0.476 0.355 0.478 0.355 0.479 0.354 0.482 0.354 0.485 0.352 0.485 0.35 0.486 0.349 0.486 0.347 0.485 0.346 0.485 0.344 0.482 0.341 0.479 0.341 0.478 0.341
3 0.541 0.338 0.54 0.338 0.538 0.338 0.534 0.341 0.534 0.342 0.533 0.343 0.533 0.345 0.534 0.345 0.534 0.347 0.538 0.349 0.54 0.349 0.541 0.35 0.543 0.35 0.544 0.349 0.546 0.349 0.549 0.347 0.549 0.345 0.55 0.345 0.55 0.343 0.549 0.342 0.549 0.341 0.546 0.338 0.544 0.338 0.543 0.338
3 0.307 0.335 0.306 0.336 0.304 0.336 0.3 0.339 0.3 0.341 0.299 0.341 0.299 0.344 0.3 0.345 0.3 0.346 0.303 0.348 0.306 0.348 0.307 0.349 0.309 0.349 0.31 0.348 0.314 0.348 0.317 0.346 0.317 0.345 0.318 0.344 0.318 0.341 0.317 0.341 0.317 0.338 0.314 0.336 0.31 0.336 0.309 0.335
3 0.184 0.326 0.183 0.327 0.181 0.327 0.178 0.329 0.178 0.33 0.177 0.331 0.177 0.333 0.178 0.334 0.178 0.335 0.181 0.338 0.183 0.338 0.184 0.338 0.186 0.338 0.188 0.338 0.19 0.338 0.193 0.335 0.193 0.334 0.194 0.333 0.194 0.331 0.193 0.33 0.193 0.329 0.19 0.327 0.188 0.327 0.186 0.326
3 0.588 0.316 0.586 0.316 0.584 0.316 0.58 0.32 0.58 0.321 0.579 0.322 0.578 0.322 0.577 0.323 0.575 0.323 0.571 0.326 0.571 0.327 0.57 0.328 0.57 0.33 0.571 0.331 0.571 0.333 0.574 0.335 0.577 0.335 0.578 0.336 0.58 0.336 0.581 0.335 0.584 0.335 0.588 0.333 0.588 0.331 0.591 0.329 0.594 0.329 0.597 0.327 0.597 0.325 0.598 0.324 0.598 0.322 0.597 0.321 0.597 0.319 0.594 0.316 0.591 0.316 0.59 0.316
3 0.63 0.314 0.629 0.315 0.627 0.315 0.624 0.317 0.624 0.319 0.623 0.32 0.623 0.321 0.624 0.322 0.624 0.323 0.627 0.326 0.629 0.326 0.63 0.327 0.632 0.327 0.633 0.326 0.635 0.326 0.639 0.323 0.639 0.322 0.64 0.321 0.64 0.32 0.639 0.319 0.639 0.317 0.635 0.315 0.633 0.315 0.632 0.314
3 0.679 0.294 0.678 0.295 0.676 0.295 0.673 0.297 0.673 0.298 0.672 0.299 0.672 0.301 0.673 0.302 0.673 0.303 0.676 0.305 0.678 0.305 0.679 0.306 0.681 0.306 0.682 0.305 0.684 0.305 0.688 0.303 0.688 0.302 0.689 0.301 0.689 0.299 0.688 0.298 0.688 0.297 0.684 0.295 0.682 0.295 0.681 0.294
3 0.245 0.288 0.244 0.289 0.242 0.289 0.239 0.291 0.239 0.293 0.238 0.294 0.238 0.295 0.239 0.296 0.239 0.298 0.242 0.3 0.244 0.3 0.245 0.301 0.247 0.301 0.248 0.3 0.25 0.3 0.253 0.298 0.253 0.296 0.254 0.295 0.254 0.294 0.253 0.293 0.253 0.291 0.25 0.289 0.248 0.289 0.247 0.288
3 0.52 0.28 0.519 0.281 0.517 0.281 0.514 0.284 0.514 0.285 0.512 0.286 0.512 0.288 0.511 0.288 0.508 0.286 0.506 0.286 0.505 0.285 0.503 0.285 0.502 0.286 0.5 0.286 0.497 0.288 0.497 0.29 0.496 0.291 0.496 0.292 0.497 0.293 0.497 0.295 0.5 0.297 0.502 0.297 0.503 0.298 0.505 0.298 0.506 0.297 0.508 0.297 0.511 0.295 0.511 0.293 0.512 0.292 0.512 0.291 0.514 0.29 0.517 0.292 0.519 0.292 0.52 0.293 0.522 0.293 0.523 0.292 0.525 0.292 0.528 0.29 0.528 0.288 0.529 0.288 0.529 0.286 0.528 0.285 0.528 0.284 0.525 0.281 0.523 0.281 0.522 0.28
3 0.356 0.277 0.355 0.278 0.353 0.278 0.35 0.28 0.35 0.282 0.349 0.283 0.349 0.284 0.35 0.285 0.35 0.287 0.349 0.288 0.348 0.288 0.344 0.291 0.344 0.292 0.343 0.293 0.343 0.295 0.344 0.296 0.344 0.298 0.347 0.3 0.35 0.3 0.351 0.301 0.353 0.301 0.354 0.3 0.357 0.3 0.36 0.298 0.36 0.296 0.361 0.295 0.361 0.293 0.36 0.292 0.36 0.29 0.365 0.287 0.365 0.285 0.366 0.284 0.366 0.283 0.365 0.282 0.365 0.28 0.361 0.278 0.359 0.278 0.358 0.277
3 0.416 0.276 0.415 0.277 0.412 0.277 0.409 0.279 0.409 0.28 0.408 0.281 0.408 0.283 0.409 0.284 0.409 0.285 0.412 0.288 0.415 0.288 0.416 0.288 0.418 0.288 0.419 0.288 0.421 0.288 0.424 0.285 0.424 0.284 0.425 0.283 0.425 0.281 0.424 0.28 0.424 0.279 0.421 0.277 0.419 0.277 0.418 0.276
3 0.335 0.264 0.334 0.265 0.332 0.265 0.329 0.267 0.329 0.269 0.328 0.27 0.328 0.271 0.329 0.272 0.329 0.273 0.332 0.276 0.334 0.276 0.335 0.277 0.338 0.277 0.339 0.276 0.341 0.276 0.344 0.273 0.344 0.272 0.345 0.271 0.345 0.27 0.344 0.269 0.344 0.267 0.341 0.265 0.339 0.265 0.338 0.264
3 0.454 0.249 0.453 0.25 0.451 0.25 0.448 0.252 0.448 0.254 0.447 0.255 0.447 0.256 0.448 0.257 0.448 0.259 0.451 0.261 0.453 0.261 0.454 0.262 0.456 0.262 0.457 0.261 0.459 0.261 0.462 0.259 0.462 0.257 0.464 0.256 0.464 0.255 0.462 0.254 0.462 0.252 0.459 0.25 0.457 0.25 0.456 0.249
