6 0.365 0.865 0.364 0.866 0.362 0.866 0.361 0.866 0.36 0.866 0.357 0.869 0.357 0.87 0.356 0.87 0.356 0.871 0.355 0.872 0.355 0.876 0.357 0.877 0.357 0.878 0.36 0.88 0.361 0.88 0.362 0.881 0.364 0.881 0.365 0.882 0.37 0.882 0.372 0.88 0.373 0.88 0.376 0.878 0.376 0.877 0.378 0.876 0.378 0.872 0.377 0.871 0.377 0.87 0.376 0.87 0.376 0.869 0.373 0.866 0.372 0.866 0.37 0.865
6 0.528 0.709 0.527 0.709 0.526 0.709 0.525 0.71 0.524 0.71 0.521 0.712 0.521 0.713 0.52 0.714 0.52 0.715 0.519 0.716 0.519 0.72 0.521 0.721 0.521 0.722 0.524 0.724 0.525 0.724 0.526 0.725 0.527 0.725 0.528 0.726 0.533 0.726 0.535 0.724 0.536 0.724 0.54 0.722 0.54 0.721 0.542 0.72 0.542 0.716 0.541 0.715 0.541 0.714 0.54 0.713 0.54 0.712 0.536 0.71 0.535 0.71 0.533 0.709
6 0.696 0.679 0.695 0.68 0.694 0.68 0.693 0.68 0.692 0.68 0.689 0.683 0.689 0.684 0.688 0.684 0.688 0.685 0.686 0.686 0.686 0.69 0.689 0.691 0.689 0.692 0.692 0.695 0.693 0.695 0.694 0.695 0.695 0.695 0.696 0.696 0.701 0.696 0.703 0.695 0.704 0.695 0.707 0.692 0.707 0.691 0.709 0.69 0.709 0.686 0.708 0.685 0.708 0.684 0.707 0.684 0.707 0.683 0.704 0.68 0.703 0.68 0.701 0.679
6 0.731 0.652 0.73 0.652 0.729 0.652 0.728 0.653 0.727 0.653 0.724 0.655 0.724 0.656 0.723 0.657 0.723 0.658 0.722 0.659 0.722 0.662 0.724 0.664 0.724 0.665 0.727 0.667 0.728 0.667 0.729 0.668 0.73 0.668 0.731 0.669 0.736 0.669 0.739 0.667 0.74 0.667 0.743 0.665 0.743 0.664 0.745 0.662 0.745 0.659 0.744 0.658 0.744 0.657 0.743 0.656 0.743 0.655 0.74 0.653 0.739 0.653 0.736 0.652
6 0.703 0.648 0.702 0.649 0.701 0.649 0.7 0.65 0.699 0.65 0.696 0.652 0.696 0.653 0.695 0.654 0.695 0.655 0.694 0.655 0.694 0.659 0.696 0.661 0.696 0.662 0.699 0.664 0.7 0.664 0.701 0.665 0.702 0.665 0.703 0.666 0.708 0.666 0.71 0.664 0.711 0.664 0.715 0.662 0.715 0.661 0.717 0.659 0.717 0.655 0.716 0.655 0.716 0.654 0.715 0.653 0.715 0.652 0.711 0.65 0.71 0.65 0.708 0.648
6 0.709 0.613 0.708 0.614 0.707 0.614 0.706 0.615 0.705 0.615 0.702 0.617 0.702 0.618 0.701 0.619 0.701 0.62 0.7 0.62 0.7 0.624 0.702 0.626 0.702 0.627 0.703 0.627 0.701 0.629 0.701 0.63 0.7 0.63 0.7 0.631 0.699 0.632 0.699 0.636 0.701 0.638 0.701 0.638 0.704 0.641 0.705 0.641 0.706 0.641 0.707 0.641 0.708 0.642 0.714 0.642 0.716 0.641 0.717 0.641 0.72 0.638 0.72 0.638 0.722 0.636 0.722 0.632 0.721 0.631 0.721 0.63 0.72 0.63 0.72 0.629 0.719 0.628 0.721 0.627 0.721 0.626 0.723 0.624 0.723 0.62 0.722 0.62 0.722 0.619 0.721 0.618 0.721 0.617 0.718 0.615 0.717 0.615 0.715 0.613
6 0.809 0.587 0.808 0.588 0.807 0.588 0.806 0.588 0.805 0.588 0.802 0.591 0.802 0.591 0.801 0.592 0.801 0.593 0.8 0.594 0.8 0.598 0.802 0.599 0.802 0.6 0.805 0.602 0.806 0.602 0.807 0.603 0.808 0.603 0.809 0.604 0.815 0.604 0.817 0.602 0.818 0.602 0.821 0.6 0.821 0.599 0.823 0.598 0.823 0.594 0.822 0.593 0.822 0.592 0.821 0.591 0.821 0.591 0.818 0.588 0.817 0.588 0.815 0.587
6 0.117 0.574 0.116 0.575 0.115 0.575 0.114 0.576 0.112 0.576 0.109 0.578 0.109 0.579 0.108 0.58 0.108 0.58 0.107 0.581 0.107 0.585 0.109 0.587 0.109 0.588 0.112 0.59 0.114 0.59 0.115 0.591 0.116 0.591 0.117 0.591 0.122 0.591 0.124 0.59 0.125 0.59 0.128 0.588 0.128 0.587 0.13 0.585 0.13 0.581 0.129 0.58 0.129 0.58 0.128 0.579 0.128 0.578 0.125 0.576 0.124 0.576 0.122 0.574
6 0.679 0.563 0.678 0.564 0.677 0.564 0.676 0.565 0.675 0.565 0.672 0.567 0.672 0.568 0.671 0.569 0.671 0.57 0.67 0.57 0.67 0.574 0.672 0.576 0.672 0.577 0.675 0.579 0.676 0.579 0.677 0.58 0.678 0.58 0.679 0.58 0.684 0.58 0.686 0.579 0.688 0.579 0.691 0.577 0.691 0.576 0.693 0.574 0.693 0.57 0.692 0.57 0.692 0.569 0.691 0.568 0.691 0.567 0.688 0.565 0.686 0.565 0.684 0.563
6 0.365 0.484 0.364 0.485 0.362 0.485 0.361 0.486 0.36 0.486 0.357 0.488 0.357 0.489 0.356 0.49 0.356 0.491 0.355 0.491 0.355 0.495 0.357 0.497 0.357 0.498 0.36 0.5 0.361 0.5 0.362 0.501 0.364 0.501 0.365 0.502 0.37 0.502 0.372 0.5 0.373 0.5 0.376 0.498 0.376 0.497 0.378 0.495 0.378 0.491 0.377 0.491 0.377 0.49 0.376 0.489 0.376 0.488 0.373 0.486 0.372 0.486 0.37 0.484
6 0.735 0.457 0.734 0.458 0.733 0.458 0.732 0.459 0.731 0.459 0.728 0.461 0.728 0.462 0.727 0.462 0.727 0.463 0.726 0.464 0.726 0.468 0.728 0.47 0.728 0.47 0.731 0.473 0.732 0.473 0.733 0.473 0.734 0.473 0.735 0.474 0.741 0.474 0.743 0.473 0.744 0.473 0.747 0.47 0.747 0.47 0.749 0.468 0.749 0.464 0.748 0.463 0.748 0.462 0.747 0.462 0.747 0.461 0.744 0.459 0.743 0.459 0.741 0.457
6 0.675 0.421 0.674 0.422 0.673 0.422 0.672 0.423 0.671 0.423 0.668 0.425 0.668 0.426 0.667 0.427 0.667 0.427 0.666 0.428 0.666 0.432 0.668 0.434 0.668 0.434 0.671 0.437 0.672 0.437 0.673 0.438 0.674 0.438 0.675 0.438 0.68 0.438 0.682 0.437 0.683 0.437 0.686 0.434 0.686 0.434 0.689 0.432 0.689 0.428 0.688 0.427 0.688 0.427 0.686 0.426 0.686 0.425 0.683 0.423 0.682 0.423 0.68 0.421
