1 0.438 0.834 0.436 0.834 0.435 0.834 0.431 0.838 0.431 0.838 0.43 0.839 0.43 0.844 0.431 0.845 0.431 0.845 0.435 0.848 0.436 0.848 0.438 0.849 0.444 0.849 0.446 0.848 0.447 0.848 0.45 0.845 0.45 0.845 0.451 0.844 0.451 0.839 0.45 0.838 0.45 0.838 0.447 0.835 0.446 0.835 0.444 0.834
1 0.375 0.834 0.374 0.834 0.372 0.834 0.368 0.838 0.368 0.838 0.367 0.839 0.366 0.839 0.365 0.84 0.362 0.84 0.358 0.843 0.358 0.845 0.357 0.845 0.357 0.848 0.358 0.848 0.358 0.85 0.361 0.852 0.365 0.852 0.366 0.853 0.368 0.853 0.369 0.852 0.372 0.852 0.373 0.852 0.374 0.852 0.377 0.854 0.38 0.854 0.381 0.855 0.383 0.855 0.384 0.854 0.388 0.854 0.391 0.852 0.391 0.85 0.392 0.849 0.392 0.847 0.391 0.846 0.391 0.844 0.388 0.841 0.386 0.841 0.385 0.841 0.385 0.84 0.384 0.839 0.384 0.837 0.381 0.834 0.378 0.834 0.377 0.834
1 0.597 0.831 0.596 0.832 0.595 0.832 0.591 0.835 0.591 0.836 0.59 0.837 0.59 0.841 0.591 0.842 0.591 0.843 0.595 0.846 0.596 0.846 0.597 0.847 0.603 0.847 0.605 0.845 0.606 0.845 0.609 0.843 0.609 0.842 0.61 0.841 0.61 0.837 0.609 0.836 0.609 0.835 0.606 0.833 0.605 0.833 0.603 0.831
1 0.527 0.817 0.526 0.818 0.525 0.818 0.521 0.821 0.521 0.822 0.52 0.823 0.52 0.827 0.521 0.828 0.521 0.829 0.525 0.832 0.526 0.832 0.528 0.834 0.528 0.834 0.527 0.835 0.527 0.84 0.528 0.841 0.528 0.841 0.532 0.845 0.533 0.845 0.534 0.845 0.541 0.845 0.543 0.844 0.544 0.844 0.547 0.841 0.547 0.841 0.548 0.84 0.548 0.835 0.547 0.834 0.547 0.834 0.544 0.831 0.543 0.831 0.54 0.829 0.54 0.828 0.541 0.827 0.541 0.823 0.54 0.822 0.54 0.821 0.536 0.819 0.535 0.819 0.533 0.817
1 0.368 0.815 0.367 0.816 0.366 0.816 0.361 0.819 0.361 0.82 0.36 0.82 0.36 0.825 0.361 0.826 0.361 0.827 0.366 0.83 0.367 0.83 0.368 0.83 0.374 0.83 0.376 0.829 0.377 0.829 0.38 0.827 0.38 0.826 0.381 0.825 0.381 0.82 0.38 0.82 0.38 0.819 0.377 0.816 0.376 0.816 0.374 0.815
1 0.495 0.812 0.494 0.813 0.493 0.813 0.489 0.816 0.489 0.817 0.488 0.818 0.488 0.823 0.489 0.823 0.489 0.824 0.493 0.827 0.494 0.827 0.495 0.828 0.501 0.828 0.503 0.827 0.504 0.827 0.507 0.824 0.507 0.823 0.508 0.823 0.508 0.818 0.507 0.817 0.507 0.816 0.504 0.814 0.503 0.814 0.501 0.812
1 0.449 0.808 0.448 0.809 0.447 0.809 0.443 0.812 0.443 0.812 0.442 0.813 0.442 0.818 0.443 0.819 0.443 0.82 0.447 0.823 0.448 0.823 0.449 0.823 0.455 0.823 0.457 0.822 0.458 0.822 0.461 0.82 0.461 0.819 0.462 0.818 0.462 0.813 0.461 0.812 0.461 0.812 0.458 0.809 0.457 0.809 0.455 0.808
1 0.538 0.798 0.536 0.799 0.535 0.799 0.531 0.802 0.531 0.803 0.53 0.804 0.53 0.809 0.531 0.809 0.531 0.81 0.535 0.813 0.536 0.813 0.538 0.814 0.544 0.814 0.546 0.812 0.547 0.812 0.55 0.81 0.55 0.809 0.551 0.809 0.551 0.804 0.55 0.803 0.55 0.802 0.547 0.8 0.546 0.8 0.544 0.798
1 0.286 0.796 0.285 0.797 0.284 0.797 0.28 0.8 0.28 0.801 0.279 0.802 0.279 0.806 0.28 0.807 0.28 0.808 0.284 0.811 0.285 0.811 0.286 0.812 0.293 0.812 0.295 0.81 0.296 0.81 0.299 0.808 0.299 0.807 0.3 0.806 0.3 0.802 0.299 0.801 0.299 0.8 0.296 0.798 0.295 0.798 0.293 0.796
1 0.59 0.793 0.589 0.794 0.588 0.794 0.583 0.797 0.583 0.798 0.582 0.798 0.582 0.803 0.583 0.804 0.583 0.805 0.589 0.809 0.589 0.812 0.588 0.813 0.586 0.813 0.584 0.812 0.578 0.812 0.577 0.812 0.576 0.812 0.572 0.816 0.572 0.816 0.571 0.817 0.571 0.822 0.572 0.823 0.572 0.823 0.576 0.827 0.577 0.827 0.578 0.827 0.584 0.827 0.586 0.826 0.588 0.826 0.591 0.823 0.591 0.823 0.592 0.822 0.592 0.818 0.593 0.817 0.594 0.818 0.595 0.818 0.596 0.819 0.602 0.819 0.604 0.817 0.605 0.817 0.608 0.815 0.608 0.814 0.609 0.813 0.609 0.809 0.608 0.808 0.608 0.807 0.605 0.805 0.604 0.805 0.603 0.804 0.603 0.798 0.602 0.798 0.602 0.797 0.599 0.795 0.598 0.795 0.596 0.793
1 0.262 0.788 0.261 0.788 0.259 0.788 0.255 0.791 0.255 0.793 0.254 0.794 0.254 0.796 0.255 0.797 0.253 0.798 0.253 0.799 0.252 0.8 0.252 0.805 0.253 0.805 0.253 0.806 0.257 0.809 0.258 0.809 0.259 0.81 0.266 0.81 0.268 0.809 0.269 0.809 0.272 0.806 0.272 0.805 0.273 0.805 0.273 0.8 0.272 0.799 0.272 0.797 0.273 0.796 0.273 0.794 0.272 0.793 0.272 0.791 0.269 0.788 0.266 0.788 0.265 0.788
1 0.395 0.783 0.394 0.784 0.393 0.784 0.389 0.787 0.389 0.788 0.388 0.788 0.388 0.793 0.389 0.794 0.389 0.795 0.393 0.798 0.394 0.798 0.395 0.798 0.401 0.798 0.403 0.797 0.404 0.797 0.407 0.795 0.407 0.794 0.408 0.793 0.408 0.788 0.407 0.788 0.407 0.787 0.404 0.784 0.403 0.784 0.401 0.783
1 0.521 0.778 0.52 0.779 0.519 0.779 0.515 0.782 0.515 0.783 0.514 0.784 0.514 0.788 0.515 0.789 0.515 0.79 0.519 0.793 0.52 0.793 0.521 0.794 0.527 0.794 0.529 0.792 0.53 0.792 0.533 0.79 0.533 0.789 0.534 0.788 0.534 0.784 0.533 0.783 0.533 0.782 0.53 0.78 0.529 0.78 0.527 0.778
1 0.63 0.777 0.629 0.777 0.628 0.777 0.624 0.78 0.624 0.781 0.623 0.782 0.623 0.787 0.622 0.788 0.621 0.788 0.62 0.788 0.619 0.788 0.615 0.791 0.615 0.792 0.614 0.793 0.614 0.798 0.615 0.798 0.615 0.799 0.619 0.802 0.62 0.802 0.621 0.803 0.627 0.803 0.629 0.802 0.63 0.802 0.633 0.799 0.633 0.798 0.634 0.798 0.634 0.793 0.635 0.792 0.636 0.792 0.639 0.791 0.64 0.791 0.643 0.788 0.643 0.788 0.644 0.787 0.644 0.782 0.643 0.781 0.643 0.78 0.64 0.778 0.639 0.778 0.636 0.777
1 0.462 0.777 0.461 0.777 0.459 0.777 0.455 0.78 0.455 0.782 0.454 0.783 0.454 0.785 0.455 0.786 0.455 0.788 0.458 0.79 0.461 0.79 0.462 0.791 0.465 0.791 0.466 0.79 0.469 0.79 0.472 0.788 0.472 0.786 0.473 0.785 0.473 0.783 0.472 0.782 0.472 0.78 0.469 0.777 0.466 0.777 0.465 0.777
1 0.332 0.777 0.331 0.777 0.329 0.777 0.325 0.78 0.325 0.782 0.324 0.783 0.324 0.785 0.325 0.786 0.325 0.788 0.328 0.79 0.331 0.79 0.332 0.791 0.334 0.791 0.335 0.79 0.338 0.79 0.339 0.791 0.342 0.791 0.343 0.791 0.345 0.791 0.346 0.791 0.349 0.791 0.352 0.788 0.352 0.787 0.353 0.786 0.353 0.784 0.352 0.783 0.352 0.78 0.349 0.778 0.346 0.778 0.345 0.777 0.343 0.777 0.342 0.778 0.34 0.778 0.339 0.777 0.335 0.777 0.334 0.777
1 0.48 0.766 0.479 0.767 0.477 0.767 0.473 0.77 0.473 0.772 0.472 0.773 0.472 0.775 0.473 0.776 0.473 0.777 0.476 0.78 0.479 0.78 0.48 0.78 0.482 0.78 0.483 0.78 0.486 0.78 0.49 0.777 0.49 0.776 0.491 0.775 0.491 0.773 0.49 0.772 0.49 0.77 0.486 0.767 0.483 0.767 0.482 0.766
1 0.286 0.766 0.285 0.766 0.284 0.766 0.28 0.77 0.28 0.77 0.279 0.771 0.279 0.776 0.28 0.777 0.28 0.777 0.284 0.78 0.285 0.78 0.286 0.781 0.293 0.781 0.295 0.78 0.296 0.78 0.299 0.777 0.299 0.777 0.3 0.776 0.3 0.771 0.299 0.77 0.299 0.77 0.296 0.767 0.295 0.767 0.293 0.766
1 0.706 0.759 0.705 0.76 0.704 0.76 0.7 0.763 0.7 0.764 0.699 0.765 0.699 0.768 0.698 0.769 0.696 0.767 0.69 0.767 0.689 0.768 0.688 0.768 0.683 0.771 0.683 0.772 0.682 0.773 0.682 0.777 0.683 0.778 0.683 0.779 0.685 0.78 0.685 0.786 0.686 0.787 0.686 0.788 0.691 0.791 0.692 0.791 0.693 0.791 0.699 0.791 0.701 0.79 0.702 0.79 0.705 0.788 0.705 0.787 0.706 0.786 0.706 0.781 0.705 0.78 0.705 0.78 0.703 0.778 0.703 0.775 0.704 0.774 0.705 0.774 0.706 0.775 0.712 0.775 0.715 0.773 0.716 0.773 0.719 0.771 0.719 0.77 0.72 0.77 0.72 0.765 0.719 0.764 0.719 0.763 0.716 0.761 0.715 0.761 0.712 0.759
1 0.384 0.759 0.383 0.76 0.382 0.76 0.378 0.763 0.378 0.764 0.377 0.765 0.377 0.77 0.378 0.77 0.378 0.771 0.382 0.774 0.383 0.774 0.384 0.775 0.391 0.775 0.393 0.773 0.394 0.773 0.397 0.771 0.397 0.77 0.398 0.77 0.398 0.765 0.397 0.764 0.397 0.763 0.394 0.761 0.393 0.761 0.391 0.759
1 0.24 0.755 0.239 0.756 0.236 0.756 0.232 0.759 0.232 0.761 0.231 0.762 0.231 0.764 0.232 0.765 0.232 0.766 0.235 0.769 0.239 0.769 0.24 0.77 0.242 0.77 0.243 0.769 0.244 0.769 0.245 0.77 0.242 0.772 0.242 0.773 0.241 0.773 0.241 0.778 0.242 0.779 0.242 0.78 0.246 0.783 0.247 0.783 0.248 0.784 0.254 0.784 0.256 0.782 0.257 0.782 0.26 0.78 0.26 0.779 0.261 0.778 0.261 0.773 0.26 0.773 0.26 0.772 0.257 0.77 0.256 0.77 0.254 0.768 0.249 0.768 0.248 0.767 0.249 0.766 0.249 0.765 0.25 0.764 0.25 0.762 0.249 0.761 0.249 0.759 0.246 0.756 0.243 0.756 0.242 0.755
1 0.593 0.749 0.592 0.75 0.59 0.75 0.586 0.752 0.586 0.754 0.585 0.755 0.585 0.756 0.586 0.757 0.586 0.759 0.59 0.761 0.592 0.761 0.593 0.762 0.595 0.762 0.596 0.761 0.598 0.761 0.601 0.759 0.601 0.757 0.602 0.756 0.602 0.755 0.601 0.754 0.601 0.752 0.598 0.75 0.596 0.75 0.595 0.749
1 0.356 0.742 0.355 0.743 0.354 0.743 0.35 0.746 0.35 0.747 0.349 0.748 0.349 0.752 0.35 0.753 0.35 0.754 0.354 0.757 0.355 0.757 0.356 0.758 0.362 0.758 0.365 0.756 0.366 0.756 0.369 0.754 0.369 0.753 0.37 0.752 0.37 0.748 0.369 0.747 0.369 0.746 0.366 0.744 0.365 0.744 0.362 0.742
1 0.61 0.74 0.609 0.741 0.607 0.741 0.604 0.743 0.604 0.745 0.603 0.745 0.603 0.747 0.604 0.748 0.604 0.749 0.607 0.752 0.609 0.752 0.61 0.752 0.612 0.752 0.614 0.752 0.616 0.752 0.619 0.749 0.619 0.748 0.62 0.747 0.62 0.745 0.619 0.745 0.619 0.743 0.616 0.741 0.614 0.741 0.612 0.74
1 0.673 0.737 0.672 0.738 0.67 0.738 0.667 0.74 0.667 0.741 0.666 0.742 0.666 0.744 0.667 0.745 0.667 0.746 0.67 0.748 0.672 0.748 0.673 0.749 0.675 0.749 0.676 0.748 0.678 0.748 0.681 0.746 0.681 0.745 0.682 0.744 0.682 0.742 0.681 0.741 0.681 0.74 0.678 0.738 0.676 0.738 0.675 0.737
1 0.394 0.732 0.393 0.733 0.391 0.733 0.386 0.736 0.386 0.738 0.385 0.738 0.385 0.741 0.386 0.741 0.386 0.743 0.39 0.745 0.393 0.745 0.394 0.746 0.396 0.746 0.397 0.745 0.399 0.745 0.4 0.746 0.397 0.748 0.397 0.75 0.396 0.751 0.396 0.753 0.397 0.754 0.397 0.755 0.4 0.758 0.403 0.758 0.404 0.759 0.406 0.759 0.407 0.758 0.41 0.758 0.414 0.755 0.414 0.754 0.415 0.753 0.415 0.752 0.416 0.752 0.418 0.752 0.419 0.752 0.421 0.752 0.422 0.752 0.425 0.752 0.428 0.749 0.428 0.748 0.429 0.747 0.429 0.745 0.428 0.744 0.428 0.741 0.425 0.739 0.422 0.739 0.421 0.738 0.419 0.738 0.418 0.739 0.416 0.739 0.411 0.742 0.411 0.744 0.409 0.745 0.407 0.745 0.406 0.745 0.404 0.745 0.403 0.745 0.402 0.745 0.401 0.745 0.403 0.743 0.403 0.741 0.404 0.741 0.404 0.738 0.403 0.738 0.403 0.735 0.4 0.733 0.397 0.733 0.396 0.732
1 0.227 0.732 0.226 0.733 0.225 0.733 0.221 0.736 0.221 0.737 0.22 0.738 0.22 0.742 0.221 0.743 0.221 0.744 0.225 0.747 0.226 0.747 0.227 0.748 0.233 0.748 0.235 0.746 0.236 0.746 0.24 0.744 0.24 0.743 0.241 0.742 0.241 0.738 0.24 0.737 0.24 0.736 0.236 0.734 0.235 0.734 0.233 0.732
1 0.617 0.726 0.616 0.727 0.614 0.727 0.61 0.729 0.61 0.73 0.609 0.731 0.609 0.733 0.61 0.734 0.61 0.735 0.614 0.738 0.616 0.738 0.617 0.738 0.619 0.738 0.62 0.738 0.622 0.738 0.625 0.735 0.625 0.734 0.626 0.733 0.626 0.731 0.625 0.73 0.625 0.729 0.622 0.727 0.62 0.727 0.619 0.726
1 0.51 0.723 0.509 0.724 0.507 0.724 0.505 0.726 0.505 0.727 0.504 0.727 0.504 0.729 0.505 0.73 0.505 0.73 0.507 0.732 0.507 0.734 0.508 0.734 0.508 0.735 0.51 0.737 0.512 0.737 0.514 0.738 0.517 0.738 0.518 0.737 0.519 0.737 0.521 0.735 0.521 0.734 0.522 0.734 0.522 0.732 0.521 0.731 0.521 0.73 0.519 0.729 0.519 0.727 0.518 0.727 0.518 0.726 0.516 0.724 0.515 0.724 0.514 0.723
1 0.743 0.72 0.742 0.72 0.741 0.72 0.736 0.723 0.736 0.724 0.735 0.725 0.735 0.73 0.736 0.73 0.736 0.731 0.741 0.734 0.742 0.734 0.743 0.735 0.749 0.735 0.751 0.734 0.752 0.734 0.755 0.731 0.755 0.73 0.756 0.73 0.756 0.725 0.755 0.724 0.755 0.723 0.752 0.721 0.751 0.721 0.749 0.72
1 0.218 0.706 0.217 0.707 0.216 0.707 0.211 0.71 0.211 0.711 0.21 0.712 0.21 0.716 0.211 0.717 0.211 0.718 0.216 0.721 0.217 0.721 0.218 0.722 0.224 0.722 0.226 0.72 0.227 0.72 0.23 0.718 0.23 0.717 0.231 0.716 0.231 0.712 0.23 0.711 0.23 0.71 0.227 0.708 0.226 0.708 0.224 0.706
1 0.477 0.705 0.476 0.705 0.474 0.705 0.472 0.707 0.472 0.708 0.471 0.709 0.471 0.71 0.472 0.711 0.472 0.712 0.474 0.713 0.473 0.714 0.473 0.716 0.474 0.716 0.474 0.717 0.473 0.718 0.471 0.716 0.47 0.716 0.469 0.716 0.466 0.716 0.465 0.716 0.462 0.716 0.46 0.718 0.46 0.719 0.459 0.72 0.459 0.721 0.46 0.722 0.46 0.723 0.462 0.724 0.461 0.725 0.46 0.725 0.459 0.724 0.456 0.724 0.455 0.725 0.453 0.725 0.451 0.727 0.451 0.727 0.45 0.728 0.45 0.73 0.451 0.73 0.451 0.731 0.453 0.733 0.455 0.733 0.456 0.734 0.459 0.734 0.46 0.733 0.461 0.733 0.464 0.731 0.464 0.73 0.465 0.73 0.465 0.728 0.464 0.727 0.464 0.727 0.461 0.725 0.462 0.724 0.465 0.724 0.466 0.725 0.469 0.725 0.47 0.724 0.471 0.724 0.473 0.723 0.473 0.722 0.474 0.721 0.474 0.72 0.473 0.719 0.473 0.718 0.474 0.717 0.476 0.719 0.476 0.721 0.477 0.722 0.477 0.723 0.479 0.724 0.481 0.724 0.482 0.725 0.485 0.725 0.486 0.724 0.488 0.724 0.49 0.723 0.49 0.722 0.491 0.721 0.491 0.72 0.49 0.719 0.49 0.718 0.488 0.716 0.488 0.714 0.486 0.713 0.486 0.712 0.484 0.711 0.485 0.71 0.485 0.709 0.484 0.708 0.484 0.707 0.482 0.705 0.481 0.705 0.48 0.705
1 0.633 0.7 0.632 0.701 0.63 0.701 0.627 0.703 0.627 0.705 0.626 0.705 0.626 0.707 0.627 0.708 0.627 0.709 0.63 0.712 0.632 0.712 0.633 0.712 0.635 0.712 0.636 0.712 0.639 0.712 0.642 0.709 0.642 0.708 0.643 0.707 0.643 0.705 0.642 0.705 0.642 0.703 0.639 0.701 0.636 0.701 0.635 0.7
1 0.716 0.697 0.715 0.698 0.712 0.698 0.709 0.7 0.709 0.702 0.708 0.702 0.708 0.704 0.709 0.705 0.709 0.706 0.712 0.709 0.715 0.709 0.716 0.709 0.718 0.709 0.719 0.709 0.721 0.709 0.724 0.706 0.724 0.705 0.725 0.704 0.725 0.702 0.724 0.702 0.724 0.7 0.721 0.698 0.719 0.698 0.718 0.697
1 0.312 0.691 0.311 0.692 0.31 0.692 0.306 0.695 0.306 0.696 0.305 0.697 0.305 0.702 0.306 0.702 0.306 0.703 0.31 0.706 0.311 0.706 0.312 0.707 0.319 0.707 0.321 0.705 0.322 0.705 0.325 0.703 0.325 0.702 0.326 0.702 0.326 0.697 0.325 0.696 0.325 0.695 0.322 0.693 0.321 0.693 0.319 0.691
1 0.744 0.688 0.743 0.689 0.742 0.689 0.738 0.692 0.738 0.693 0.736 0.694 0.736 0.698 0.738 0.699 0.738 0.7 0.742 0.703 0.743 0.703 0.744 0.704 0.75 0.704 0.752 0.702 0.753 0.702 0.756 0.7 0.756 0.699 0.757 0.698 0.757 0.694 0.756 0.693 0.756 0.692 0.753 0.69 0.752 0.69 0.75 0.688
1 0.419 0.687 0.418 0.688 0.416 0.688 0.414 0.689 0.414 0.69 0.412 0.691 0.412 0.692 0.414 0.693 0.414 0.694 0.416 0.695 0.418 0.695 0.419 0.696 0.422 0.696 0.423 0.695 0.424 0.695 0.426 0.694 0.426 0.693 0.427 0.692 0.427 0.691 0.426 0.69 0.426 0.689 0.424 0.688 0.423 0.688 0.422 0.687
1 0.605 0.684 0.604 0.684 0.602 0.684 0.599 0.687 0.599 0.688 0.598 0.689 0.598 0.691 0.599 0.691 0.599 0.693 0.602 0.695 0.604 0.695 0.605 0.696 0.607 0.696 0.608 0.695 0.61 0.695 0.614 0.693 0.614 0.691 0.615 0.691 0.615 0.689 0.614 0.688 0.614 0.687 0.61 0.684 0.608 0.684 0.607 0.684
1 0.283 0.68 0.282 0.68 0.281 0.68 0.277 0.684 0.277 0.684 0.276 0.685 0.276 0.69 0.277 0.691 0.277 0.691 0.281 0.695 0.282 0.695 0.283 0.695 0.29 0.695 0.292 0.694 0.293 0.694 0.296 0.691 0.296 0.691 0.297 0.69 0.297 0.685 0.296 0.684 0.296 0.684 0.293 0.681 0.292 0.681 0.29 0.68
1 0.461 0.678 0.46 0.679 0.458 0.679 0.456 0.68 0.456 0.681 0.455 0.682 0.455 0.684 0.456 0.684 0.456 0.685 0.458 0.687 0.46 0.687 0.461 0.688 0.465 0.688 0.466 0.687 0.467 0.687 0.469 0.685 0.469 0.684 0.47 0.684 0.47 0.682 0.469 0.681 0.469 0.68 0.467 0.679 0.466 0.679 0.465 0.678
1 0.214 0.676 0.212 0.677 0.211 0.677 0.207 0.68 0.207 0.68 0.206 0.681 0.206 0.686 0.207 0.687 0.207 0.688 0.211 0.691 0.212 0.691 0.214 0.691 0.22 0.691 0.222 0.69 0.223 0.69 0.226 0.688 0.226 0.687 0.227 0.686 0.227 0.681 0.226 0.68 0.226 0.68 0.223 0.677 0.222 0.677 0.22 0.676
1 0.419 0.674 0.418 0.675 0.416 0.675 0.414 0.677 0.414 0.677 0.412 0.678 0.412 0.68 0.414 0.68 0.414 0.681 0.416 0.683 0.418 0.683 0.419 0.684 0.422 0.684 0.423 0.683 0.424 0.683 0.426 0.681 0.426 0.68 0.427 0.68 0.427 0.678 0.426 0.677 0.426 0.677 0.424 0.675 0.423 0.675 0.422 0.674
1 0.466 0.663 0.465 0.664 0.462 0.664 0.46 0.666 0.46 0.666 0.459 0.667 0.459 0.669 0.46 0.67 0.46 0.67 0.462 0.672 0.465 0.672 0.466 0.673 0.467 0.673 0.468 0.673 0.467 0.674 0.467 0.676 0.468 0.677 0.468 0.677 0.47 0.679 0.472 0.679 0.473 0.68 0.476 0.68 0.477 0.679 0.478 0.679 0.48 0.677 0.48 0.677 0.481 0.676 0.481 0.674 0.48 0.673 0.48 0.673 0.478 0.671 0.477 0.671 0.476 0.67 0.474 0.67 0.473 0.67 0.474 0.669 0.474 0.667 0.473 0.666 0.473 0.666 0.471 0.664 0.47 0.664 0.469 0.663
1 0.175 0.659 0.174 0.659 0.173 0.659 0.169 0.662 0.169 0.663 0.168 0.664 0.168 0.669 0.169 0.67 0.169 0.67 0.173 0.673 0.174 0.673 0.175 0.674 0.181 0.674 0.183 0.673 0.184 0.673 0.188 0.67 0.188 0.67 0.189 0.669 0.189 0.664 0.188 0.663 0.188 0.662 0.184 0.66 0.183 0.66 0.181 0.659
1 0.443 0.655 0.442 0.655 0.44 0.655 0.438 0.657 0.438 0.658 0.436 0.659 0.436 0.66 0.438 0.661 0.438 0.662 0.44 0.663 0.442 0.663 0.443 0.664 0.446 0.664 0.447 0.663 0.448 0.663 0.45 0.662 0.45 0.661 0.451 0.66 0.451 0.659 0.45 0.658 0.45 0.657 0.448 0.655 0.447 0.655 0.446 0.655
1 0.46 0.653 0.459 0.654 0.457 0.654 0.455 0.655 0.455 0.656 0.454 0.657 0.454 0.659 0.455 0.659 0.455 0.66 0.457 0.662 0.459 0.662 0.46 0.662 0.464 0.662 0.465 0.662 0.466 0.662 0.468 0.66 0.468 0.659 0.469 0.659 0.469 0.657 0.468 0.656 0.468 0.655 0.466 0.654 0.465 0.654 0.464 0.653
1 0.722 0.652 0.721 0.653 0.719 0.653 0.715 0.656 0.715 0.658 0.714 0.659 0.714 0.661 0.715 0.662 0.715 0.663 0.714 0.664 0.712 0.664 0.711 0.663 0.709 0.663 0.708 0.664 0.706 0.664 0.703 0.666 0.703 0.668 0.702 0.669 0.702 0.67 0.703 0.671 0.703 0.673 0.706 0.675 0.708 0.675 0.709 0.676 0.711 0.676 0.712 0.675 0.715 0.675 0.718 0.673 0.718 0.671 0.719 0.67 0.719 0.669 0.718 0.668 0.718 0.666 0.719 0.666 0.721 0.666 0.722 0.666 0.724 0.666 0.725 0.666 0.728 0.666 0.731 0.663 0.731 0.662 0.732 0.661 0.732 0.659 0.731 0.658 0.731 0.655 0.728 0.653 0.725 0.653 0.724 0.652
1 0.7 0.648 0.699 0.649 0.697 0.649 0.694 0.652 0.694 0.653 0.693 0.654 0.693 0.655 0.694 0.656 0.694 0.658 0.697 0.66 0.699 0.66 0.7 0.661 0.702 0.661 0.703 0.66 0.705 0.66 0.708 0.658 0.708 0.656 0.709 0.655 0.709 0.654 0.708 0.653 0.708 0.652 0.705 0.649 0.703 0.649 0.702 0.648
1 0.758 0.633 0.757 0.634 0.756 0.634 0.752 0.637 0.752 0.638 0.751 0.638 0.751 0.643 0.752 0.644 0.752 0.645 0.756 0.648 0.757 0.648 0.758 0.648 0.765 0.648 0.767 0.647 0.768 0.647 0.771 0.645 0.771 0.644 0.772 0.643 0.772 0.638 0.771 0.638 0.771 0.637 0.768 0.634 0.767 0.634 0.765 0.633
1 0.831 0.624 0.83 0.625 0.829 0.625 0.825 0.628 0.825 0.629 0.824 0.63 0.824 0.634 0.825 0.635 0.825 0.636 0.829 0.639 0.83 0.639 0.831 0.64 0.838 0.64 0.84 0.638 0.841 0.638 0.844 0.636 0.844 0.635 0.845 0.634 0.845 0.63 0.844 0.629 0.844 0.628 0.841 0.626 0.84 0.626 0.838 0.624
1 0.171 0.617 0.17 0.618 0.169 0.618 0.165 0.621 0.165 0.622 0.164 0.623 0.164 0.627 0.165 0.628 0.165 0.629 0.169 0.632 0.17 0.632 0.171 0.633 0.177 0.633 0.179 0.631 0.18 0.631 0.183 0.629 0.183 0.628 0.184 0.627 0.184 0.623 0.183 0.622 0.183 0.621 0.18 0.619 0.179 0.619 0.177 0.617
1 0.092 0.606 0.091 0.607 0.09 0.607 0.085 0.61 0.085 0.611 0.084 0.612 0.084 0.616 0.085 0.617 0.085 0.618 0.09 0.621 0.091 0.621 0.092 0.622 0.098 0.622 0.1 0.62 0.101 0.62 0.104 0.618 0.104 0.617 0.105 0.616 0.105 0.612 0.104 0.611 0.104 0.61 0.101 0.608 0.1 0.608 0.098 0.606
1 0.779 0.6 0.778 0.601 0.777 0.601 0.773 0.604 0.773 0.605 0.772 0.605 0.772 0.61 0.773 0.611 0.773 0.612 0.777 0.615 0.778 0.615 0.779 0.616 0.785 0.616 0.788 0.614 0.789 0.614 0.792 0.612 0.792 0.611 0.793 0.61 0.793 0.605 0.792 0.605 0.792 0.604 0.789 0.602 0.788 0.602 0.785 0.6
1 0.746 0.597 0.745 0.598 0.743 0.598 0.739 0.601 0.739 0.602 0.738 0.603 0.738 0.605 0.739 0.606 0.739 0.608 0.742 0.61 0.745 0.61 0.746 0.611 0.748 0.611 0.749 0.61 0.752 0.61 0.755 0.608 0.755 0.606 0.756 0.605 0.756 0.603 0.755 0.602 0.755 0.6 0.752 0.598 0.749 0.598 0.748 0.597
1 0.165 0.595 0.164 0.596 0.162 0.596 0.158 0.599 0.158 0.6 0.157 0.601 0.157 0.605 0.158 0.606 0.158 0.607 0.162 0.61 0.164 0.61 0.165 0.611 0.171 0.611 0.173 0.609 0.174 0.609 0.177 0.607 0.177 0.606 0.178 0.605 0.178 0.601 0.177 0.6 0.177 0.599 0.174 0.597 0.173 0.597 0.171 0.595
1 0.68 0.587 0.679 0.588 0.677 0.588 0.675 0.589 0.675 0.59 0.674 0.591 0.674 0.592 0.675 0.593 0.675 0.594 0.677 0.595 0.679 0.595 0.68 0.596 0.683 0.596 0.684 0.595 0.685 0.595 0.688 0.594 0.688 0.593 0.689 0.592 0.689 0.591 0.688 0.59 0.688 0.589 0.685 0.588 0.684 0.588 0.683 0.587
1 0.832 0.58 0.831 0.581 0.829 0.581 0.825 0.584 0.824 0.584 0.821 0.584 0.82 0.583 0.818 0.583 0.817 0.584 0.815 0.584 0.81 0.587 0.81 0.588 0.809 0.589 0.809 0.591 0.81 0.592 0.81 0.594 0.814 0.596 0.817 0.596 0.818 0.597 0.817 0.598 0.811 0.598 0.81 0.598 0.809 0.598 0.805 0.602 0.805 0.602 0.804 0.603 0.804 0.608 0.805 0.609 0.805 0.609 0.809 0.612 0.81 0.612 0.811 0.613 0.818 0.613 0.82 0.612 0.821 0.612 0.824 0.609 0.824 0.609 0.825 0.608 0.825 0.603 0.824 0.602 0.824 0.602 0.821 0.599 0.82 0.599 0.818 0.598 0.819 0.597 0.82 0.597 0.821 0.596 0.824 0.596 0.827 0.594 0.831 0.594 0.832 0.595 0.834 0.595 0.835 0.594 0.839 0.594 0.842 0.591 0.842 0.59 0.843 0.589 0.843 0.587 0.842 0.586 0.842 0.584 0.839 0.581 0.835 0.581 0.834 0.58
1 0.404 0.575 0.401 0.577 0.4 0.577 0.399 0.577 0.397 0.577 0.393 0.58 0.392 0.579 0.391 0.579 0.39 0.578 0.388 0.578 0.383 0.581 0.382 0.581 0.381 0.58 0.379 0.58 0.374 0.584 0.373 0.584 0.372 0.584 0.37 0.584 0.365 0.588 0.364 0.587 0.361 0.587 0.359 0.588 0.357 0.588 0.356 0.588 0.354 0.588 0.351 0.59 0.35 0.59 0.349 0.589 0.347 0.589 0.345 0.591 0.342 0.591 0.34 0.592 0.339 0.591 0.336 0.591 0.333 0.594 0.332 0.594 0.331 0.593 0.329 0.593 0.327 0.595 0.324 0.595 0.32 0.598 0.32 0.6 0.322 0.602 0.323 0.602 0.324 0.602 0.326 0.602 0.327 0.602 0.328 0.602 0.329 0.601 0.331 0.601 0.332 0.6 0.333 0.6 0.335 0.598 0.336 0.599 0.339 0.599 0.34 0.598 0.344 0.598 0.345 0.598 0.346 0.598 0.347 0.597 0.349 0.597 0.35 0.596 0.351 0.596 0.353 0.595 0.354 0.595 0.356 0.595 0.357 0.595 0.358 0.595 0.359 0.594 0.36 0.594 0.361 0.595 0.364 0.595 0.365 0.594 0.366 0.594 0.368 0.592 0.368 0.591 0.369 0.591 0.37 0.591 0.372 0.591 0.373 0.591 0.374 0.591 0.376 0.589 0.376 0.588 0.377 0.588 0.378 0.588 0.379 0.588 0.381 0.588 0.382 0.588 0.383 0.588 0.386 0.585 0.388 0.586 0.39 0.586 0.391 0.585 0.392 0.585 0.394 0.584 0.396 0.584 0.397 0.584 0.399 0.584 0.4 0.584 0.401 0.584 0.403 0.582 0.404 0.583 0.406 0.583 0.407 0.582 0.408 0.582 0.41 0.58 0.41 0.578 0.409 0.577 0.409 0.577 0.408 0.576 0.407 0.576 0.406 0.575
1 0.7 0.57 0.699 0.57 0.697 0.57 0.695 0.572 0.695 0.573 0.694 0.573 0.694 0.575 0.695 0.576 0.695 0.577 0.697 0.578 0.699 0.578 0.7 0.579 0.703 0.579 0.704 0.578 0.705 0.578 0.707 0.577 0.707 0.576 0.708 0.575 0.708 0.573 0.707 0.573 0.707 0.572 0.705 0.57 0.704 0.57 0.703 0.57
1 0.069 0.568 0.068 0.569 0.067 0.569 0.062 0.572 0.062 0.573 0.061 0.573 0.061 0.578 0.062 0.579 0.062 0.58 0.067 0.583 0.068 0.583 0.069 0.584 0.075 0.584 0.077 0.582 0.078 0.582 0.081 0.58 0.081 0.579 0.082 0.578 0.082 0.573 0.081 0.573 0.081 0.572 0.078 0.57 0.077 0.57 0.075 0.568
1 0.893 0.566 0.892 0.566 0.891 0.566 0.886 0.57 0.886 0.57 0.885 0.571 0.885 0.576 0.884 0.577 0.882 0.577 0.881 0.577 0.88 0.577 0.876 0.58 0.876 0.581 0.875 0.582 0.875 0.587 0.874 0.588 0.868 0.588 0.867 0.588 0.866 0.588 0.861 0.591 0.861 0.592 0.86 0.593 0.86 0.598 0.861 0.598 0.861 0.599 0.86 0.6 0.854 0.6 0.853 0.601 0.852 0.601 0.848 0.604 0.848 0.605 0.847 0.605 0.847 0.61 0.848 0.611 0.848 0.612 0.852 0.615 0.853 0.615 0.854 0.616 0.86 0.616 0.862 0.614 0.864 0.614 0.867 0.612 0.867 0.611 0.868 0.61 0.868 0.605 0.867 0.605 0.867 0.604 0.868 0.603 0.874 0.603 0.876 0.602 0.877 0.602 0.88 0.599 0.88 0.598 0.881 0.598 0.881 0.593 0.882 0.592 0.889 0.592 0.891 0.591 0.892 0.591 0.895 0.588 0.895 0.588 0.896 0.587 0.896 0.582 0.897 0.581 0.899 0.581 0.901 0.58 0.902 0.58 0.905 0.577 0.905 0.577 0.906 0.576 0.906 0.571 0.905 0.57 0.905 0.57 0.902 0.567 0.901 0.567 0.899 0.566
1 0.128 0.566 0.127 0.566 0.126 0.566 0.122 0.57 0.122 0.57 0.121 0.571 0.121 0.576 0.122 0.577 0.122 0.577 0.126 0.58 0.127 0.58 0.128 0.581 0.134 0.581 0.136 0.58 0.138 0.58 0.141 0.577 0.142 0.578 0.142 0.583 0.143 0.584 0.143 0.584 0.138 0.588 0.138 0.589 0.136 0.59 0.136 0.595 0.138 0.595 0.138 0.596 0.142 0.599 0.143 0.599 0.144 0.6 0.15 0.6 0.152 0.598 0.153 0.598 0.156 0.596 0.156 0.595 0.157 0.595 0.157 0.59 0.156 0.589 0.156 0.588 0.157 0.587 0.158 0.587 0.161 0.584 0.161 0.584 0.162 0.583 0.162 0.578 0.161 0.577 0.161 0.577 0.158 0.574 0.157 0.574 0.155 0.573 0.149 0.573 0.148 0.573 0.147 0.573 0.143 0.577 0.142 0.576 0.142 0.571 0.141 0.57 0.141 0.57 0.138 0.567 0.136 0.567 0.134 0.566
1 0.867 0.564 0.866 0.565 0.865 0.565 0.86 0.568 0.86 0.569 0.859 0.57 0.859 0.574 0.86 0.575 0.86 0.576 0.865 0.579 0.866 0.579 0.867 0.58 0.873 0.58 0.875 0.578 0.876 0.578 0.879 0.576 0.879 0.575 0.88 0.574 0.88 0.57 0.879 0.569 0.879 0.568 0.876 0.566 0.875 0.566 0.873 0.564
1 0.742 0.563 0.741 0.564 0.739 0.564 0.736 0.566 0.736 0.566 0.735 0.567 0.735 0.569 0.736 0.57 0.736 0.57 0.739 0.572 0.741 0.572 0.742 0.573 0.745 0.573 0.746 0.572 0.747 0.572 0.749 0.57 0.749 0.57 0.75 0.569 0.75 0.567 0.749 0.566 0.749 0.566 0.747 0.564 0.746 0.564 0.745 0.563
1 0.101 0.555 0.1 0.555 0.099 0.555 0.095 0.559 0.095 0.559 0.094 0.56 0.094 0.565 0.095 0.566 0.095 0.566 0.099 0.57 0.1 0.57 0.101 0.57 0.107 0.57 0.109 0.569 0.11 0.569 0.114 0.566 0.114 0.566 0.115 0.565 0.115 0.56 0.114 0.559 0.114 0.559 0.11 0.556 0.109 0.556 0.107 0.555
1 0.74 0.552 0.739 0.553 0.736 0.553 0.734 0.555 0.734 0.555 0.733 0.556 0.733 0.558 0.734 0.559 0.734 0.559 0.736 0.561 0.739 0.561 0.74 0.562 0.743 0.562 0.744 0.561 0.745 0.561 0.747 0.559 0.747 0.559 0.748 0.558 0.748 0.556 0.747 0.555 0.747 0.555 0.745 0.553 0.744 0.553 0.743 0.552
1 0.662 0.546 0.661 0.547 0.659 0.547 0.657 0.548 0.657 0.549 0.656 0.55 0.656 0.552 0.657 0.552 0.657 0.553 0.659 0.555 0.661 0.555 0.662 0.555 0.666 0.555 0.667 0.555 0.668 0.555 0.67 0.553 0.67 0.552 0.671 0.552 0.671 0.55 0.67 0.549 0.67 0.548 0.668 0.547 0.667 0.547 0.666 0.546
1 0.629 0.545 0.628 0.545 0.626 0.545 0.624 0.547 0.624 0.548 0.623 0.548 0.623 0.55 0.622 0.551 0.62 0.549 0.619 0.549 0.618 0.548 0.615 0.548 0.614 0.549 0.611 0.549 0.609 0.551 0.609 0.552 0.608 0.552 0.608 0.554 0.609 0.555 0.609 0.555 0.611 0.557 0.614 0.557 0.615 0.558 0.618 0.558 0.619 0.557 0.62 0.557 0.622 0.555 0.622 0.555 0.623 0.554 0.623 0.552 0.624 0.552 0.626 0.553 0.628 0.553 0.629 0.554 0.632 0.554 0.633 0.553 0.634 0.553 0.636 0.552 0.636 0.551 0.638 0.55 0.638 0.548 0.636 0.548 0.636 0.547 0.634 0.545 0.633 0.545 0.632 0.545
1 0.868 0.541 0.867 0.542 0.866 0.542 0.861 0.545 0.861 0.546 0.86 0.547 0.86 0.552 0.861 0.552 0.861 0.553 0.866 0.556 0.867 0.556 0.868 0.557 0.874 0.557 0.876 0.555 0.877 0.555 0.88 0.553 0.88 0.552 0.881 0.552 0.881 0.547 0.88 0.546 0.88 0.545 0.877 0.543 0.876 0.543 0.874 0.541
1 0.13 0.54 0.129 0.541 0.128 0.541 0.124 0.544 0.124 0.545 0.123 0.545 0.123 0.55 0.124 0.551 0.124 0.552 0.128 0.555 0.129 0.555 0.13 0.555 0.136 0.555 0.139 0.554 0.14 0.554 0.143 0.552 0.143 0.551 0.144 0.55 0.144 0.545 0.143 0.545 0.143 0.544 0.14 0.541 0.139 0.541 0.136 0.54
1 0.801 0.534 0.8 0.534 0.798 0.534 0.796 0.536 0.796 0.537 0.795 0.538 0.795 0.539 0.796 0.54 0.796 0.541 0.798 0.542 0.8 0.542 0.801 0.543 0.804 0.543 0.805 0.542 0.806 0.542 0.808 0.541 0.808 0.54 0.809 0.539 0.809 0.538 0.808 0.537 0.808 0.536 0.806 0.534 0.805 0.534 0.804 0.534
1 0.128 0.526 0.127 0.527 0.125 0.527 0.122 0.529 0.122 0.53 0.121 0.531 0.121 0.533 0.122 0.534 0.122 0.535 0.125 0.538 0.127 0.538 0.128 0.538 0.13 0.538 0.131 0.538 0.133 0.538 0.136 0.535 0.136 0.534 0.138 0.533 0.138 0.531 0.136 0.53 0.136 0.529 0.133 0.527 0.131 0.527 0.13 0.526
1 0.855 0.52 0.854 0.52 0.853 0.52 0.849 0.523 0.849 0.524 0.848 0.525 0.848 0.53 0.849 0.53 0.849 0.531 0.853 0.534 0.854 0.534 0.855 0.535 0.861 0.535 0.864 0.534 0.865 0.534 0.868 0.531 0.868 0.53 0.869 0.53 0.869 0.525 0.868 0.524 0.868 0.523 0.865 0.521 0.864 0.521 0.861 0.52
1 0.793 0.517 0.792 0.518 0.79 0.518 0.788 0.52 0.788 0.52 0.786 0.521 0.786 0.523 0.788 0.523 0.788 0.524 0.79 0.526 0.792 0.526 0.793 0.527 0.796 0.527 0.797 0.526 0.798 0.526 0.8 0.524 0.8 0.523 0.801 0.523 0.801 0.521 0.8 0.52 0.8 0.52 0.798 0.518 0.797 0.518 0.796 0.517
1 0.717 0.517 0.716 0.518 0.714 0.518 0.711 0.52 0.711 0.52 0.71 0.521 0.71 0.523 0.711 0.523 0.711 0.524 0.714 0.526 0.716 0.526 0.717 0.527 0.72 0.527 0.721 0.526 0.722 0.526 0.724 0.524 0.724 0.523 0.725 0.523 0.725 0.521 0.724 0.52 0.724 0.52 0.722 0.518 0.721 0.518 0.72 0.517
1 0.092 0.514 0.091 0.515 0.089 0.515 0.084 0.518 0.084 0.52 0.083 0.52 0.083 0.523 0.084 0.523 0.084 0.525 0.088 0.527 0.091 0.527 0.092 0.528 0.094 0.528 0.095 0.527 0.098 0.527 0.101 0.525 0.101 0.523 0.102 0.523 0.102 0.52 0.101 0.52 0.101 0.517 0.098 0.515 0.095 0.515 0.094 0.514
1 0.73 0.511 0.729 0.512 0.727 0.512 0.725 0.513 0.725 0.514 0.724 0.515 0.724 0.516 0.725 0.517 0.725 0.518 0.727 0.52 0.729 0.52 0.73 0.52 0.733 0.52 0.734 0.52 0.735 0.52 0.738 0.518 0.738 0.517 0.739 0.516 0.739 0.515 0.738 0.514 0.738 0.513 0.735 0.512 0.734 0.512 0.733 0.511
1 0.149 0.506 0.148 0.507 0.147 0.507 0.143 0.51 0.143 0.511 0.142 0.512 0.142 0.516 0.143 0.517 0.143 0.518 0.147 0.521 0.148 0.521 0.149 0.522 0.155 0.522 0.157 0.52 0.158 0.52 0.161 0.518 0.161 0.517 0.162 0.516 0.162 0.512 0.161 0.511 0.161 0.51 0.158 0.508 0.157 0.508 0.155 0.506
1 0.808 0.503 0.807 0.504 0.805 0.504 0.803 0.505 0.803 0.506 0.802 0.507 0.802 0.509 0.803 0.509 0.803 0.51 0.805 0.512 0.807 0.512 0.808 0.512 0.811 0.512 0.812 0.512 0.814 0.512 0.816 0.51 0.816 0.509 0.817 0.509 0.817 0.507 0.816 0.506 0.816 0.505 0.814 0.504 0.812 0.504 0.811 0.503
1 0.175 0.498 0.174 0.498 0.172 0.498 0.168 0.502 0.168 0.503 0.167 0.504 0.167 0.506 0.168 0.507 0.168 0.509 0.171 0.511 0.174 0.511 0.175 0.512 0.177 0.512 0.178 0.511 0.181 0.511 0.184 0.509 0.184 0.507 0.185 0.506 0.185 0.504 0.184 0.503 0.184 0.501 0.181 0.498 0.178 0.498 0.177 0.498
1 0.1 0.495 0.099 0.495 0.098 0.495 0.094 0.498 0.094 0.499 0.093 0.5 0.093 0.505 0.094 0.505 0.094 0.506 0.098 0.509 0.099 0.509 0.1 0.51 0.106 0.51 0.108 0.509 0.109 0.509 0.109 0.51 0.11 0.511 0.11 0.512 0.115 0.515 0.116 0.515 0.117 0.516 0.123 0.516 0.125 0.514 0.126 0.514 0.129 0.512 0.129 0.511 0.13 0.51 0.13 0.505 0.129 0.505 0.129 0.504 0.126 0.502 0.125 0.502 0.123 0.5 0.117 0.5 0.116 0.501 0.115 0.501 0.112 0.499 0.112 0.498 0.109 0.496 0.108 0.496 0.106 0.495
1 0.769 0.492 0.768 0.493 0.766 0.493 0.764 0.495 0.764 0.495 0.762 0.496 0.762 0.498 0.764 0.498 0.764 0.499 0.766 0.501 0.768 0.501 0.769 0.502 0.772 0.502 0.773 0.501 0.774 0.501 0.775 0.502 0.773 0.503 0.773 0.504 0.772 0.505 0.772 0.506 0.773 0.507 0.773 0.508 0.775 0.509 0.777 0.509 0.778 0.51 0.781 0.51 0.782 0.509 0.783 0.509 0.785 0.508 0.785 0.507 0.786 0.506 0.786 0.505 0.785 0.504 0.785 0.503 0.783 0.502 0.782 0.502 0.781 0.501 0.778 0.501 0.777 0.502 0.775 0.502 0.774 0.501 0.776 0.499 0.776 0.498 0.777 0.498 0.777 0.496 0.776 0.495 0.776 0.495 0.774 0.493 0.773 0.493 0.772 0.492
1 0.531 0.491 0.53 0.492 0.528 0.492 0.526 0.494 0.526 0.495 0.525 0.495 0.525 0.497 0.526 0.498 0.526 0.498 0.528 0.5 0.53 0.5 0.531 0.501 0.534 0.501 0.535 0.5 0.536 0.5 0.539 0.498 0.539 0.498 0.54 0.497 0.54 0.495 0.539 0.495 0.539 0.494 0.536 0.492 0.535 0.492 0.534 0.491
1 0.862 0.484 0.861 0.485 0.86 0.485 0.856 0.488 0.856 0.489 0.855 0.49 0.855 0.495 0.856 0.495 0.856 0.496 0.86 0.499 0.861 0.499 0.862 0.5 0.869 0.5 0.871 0.498 0.872 0.498 0.875 0.496 0.875 0.495 0.876 0.495 0.876 0.49 0.875 0.489 0.875 0.488 0.872 0.486 0.871 0.486 0.869 0.484
1 0.545 0.479 0.544 0.48 0.542 0.48 0.54 0.481 0.54 0.482 0.539 0.483 0.539 0.484 0.54 0.485 0.54 0.486 0.542 0.488 0.544 0.488 0.545 0.488 0.548 0.488 0.549 0.488 0.55 0.488 0.552 0.486 0.552 0.485 0.553 0.484 0.553 0.483 0.552 0.482 0.552 0.481 0.55 0.48 0.549 0.48 0.548 0.479
1 0.895 0.477 0.894 0.478 0.893 0.478 0.889 0.481 0.889 0.482 0.888 0.483 0.888 0.488 0.889 0.488 0.889 0.489 0.893 0.492 0.894 0.492 0.895 0.493 0.901 0.493 0.903 0.491 0.904 0.491 0.907 0.489 0.907 0.488 0.908 0.488 0.908 0.483 0.907 0.482 0.907 0.481 0.904 0.479 0.903 0.479 0.901 0.477
1 0.524 0.476 0.523 0.477 0.521 0.477 0.519 0.478 0.519 0.479 0.518 0.48 0.518 0.481 0.519 0.482 0.519 0.483 0.521 0.484 0.523 0.484 0.524 0.485 0.527 0.485 0.528 0.484 0.529 0.484 0.531 0.483 0.531 0.482 0.532 0.481 0.532 0.48 0.531 0.479 0.531 0.478 0.529 0.477 0.528 0.477 0.527 0.476
1 0.819 0.475 0.818 0.476 0.816 0.476 0.811 0.479 0.811 0.48 0.81 0.481 0.81 0.484 0.811 0.484 0.811 0.486 0.815 0.488 0.818 0.488 0.819 0.489 0.821 0.489 0.822 0.488 0.825 0.488 0.828 0.486 0.828 0.484 0.829 0.484 0.829 0.481 0.828 0.48 0.828 0.478 0.825 0.476 0.822 0.476 0.821 0.475
1 0.595 0.473 0.594 0.474 0.592 0.474 0.59 0.476 0.59 0.477 0.589 0.477 0.589 0.479 0.59 0.48 0.59 0.48 0.592 0.482 0.594 0.482 0.595 0.483 0.598 0.483 0.599 0.482 0.6 0.482 0.602 0.48 0.602 0.48 0.603 0.479 0.603 0.477 0.602 0.477 0.602 0.476 0.6 0.474 0.599 0.474 0.598 0.473
1 0.146 0.469 0.145 0.47 0.143 0.47 0.14 0.472 0.14 0.473 0.139 0.474 0.139 0.476 0.14 0.477 0.14 0.478 0.143 0.48 0.145 0.48 0.146 0.481 0.148 0.481 0.149 0.48 0.15 0.48 0.152 0.482 0.152 0.484 0.155 0.486 0.157 0.486 0.158 0.487 0.16 0.487 0.161 0.486 0.164 0.486 0.167 0.484 0.167 0.482 0.168 0.481 0.168 0.48 0.167 0.479 0.167 0.477 0.164 0.475 0.161 0.475 0.16 0.474 0.158 0.474 0.157 0.475 0.156 0.475 0.154 0.473 0.154 0.472 0.151 0.47 0.149 0.47 0.148 0.469
1 0.214 0.468 0.212 0.469 0.21 0.469 0.207 0.471 0.207 0.473 0.206 0.473 0.206 0.475 0.207 0.476 0.207 0.477 0.21 0.48 0.212 0.48 0.214 0.48 0.216 0.48 0.217 0.48 0.219 0.48 0.222 0.477 0.222 0.476 0.223 0.475 0.223 0.473 0.222 0.473 0.222 0.471 0.219 0.469 0.217 0.469 0.216 0.468
1 0.612 0.467 0.608 0.47 0.608 0.473 0.61 0.474 0.611 0.474 0.612 0.475 0.615 0.475 0.616 0.474 0.617 0.474 0.619 0.476 0.62 0.476 0.621 0.477 0.623 0.477 0.624 0.476 0.625 0.476 0.627 0.474 0.627 0.472 0.626 0.471 0.626 0.47 0.625 0.47 0.624 0.47 0.623 0.469 0.621 0.469 0.619 0.47 0.618 0.47 0.618 0.469 0.617 0.468 0.616 0.468 0.615 0.467
1 0.442 0.46 0.438 0.463 0.438 0.466 0.44 0.467 0.441 0.467 0.443 0.469 0.441 0.47 0.441 0.473 0.443 0.474 0.444 0.474 0.445 0.475 0.447 0.475 0.448 0.474 0.449 0.474 0.451 0.473 0.451 0.47 0.45 0.47 0.45 0.469 0.449 0.468 0.448 0.468 0.447 0.467 0.447 0.466 0.448 0.466 0.448 0.463 0.447 0.462 0.447 0.462 0.446 0.461 0.445 0.461 0.444 0.46
1 0.333 0.46 0.332 0.461 0.33 0.461 0.328 0.462 0.328 0.463 0.327 0.464 0.327 0.466 0.328 0.466 0.328 0.467 0.33 0.469 0.332 0.469 0.333 0.47 0.336 0.47 0.338 0.469 0.339 0.469 0.341 0.467 0.341 0.466 0.342 0.466 0.342 0.464 0.341 0.463 0.341 0.462 0.339 0.461 0.338 0.461 0.336 0.46
1 0.544 0.459 0.543 0.46 0.541 0.46 0.539 0.462 0.539 0.462 0.538 0.463 0.538 0.465 0.539 0.466 0.539 0.466 0.541 0.468 0.543 0.468 0.544 0.469 0.547 0.469 0.548 0.468 0.549 0.468 0.551 0.466 0.551 0.466 0.552 0.465 0.552 0.463 0.551 0.462 0.551 0.462 0.549 0.46 0.548 0.46 0.547 0.459
1 0.285 0.459 0.284 0.459 0.282 0.459 0.28 0.461 0.28 0.462 0.279 0.462 0.279 0.464 0.28 0.465 0.28 0.466 0.282 0.467 0.284 0.467 0.285 0.468 0.289 0.468 0.29 0.467 0.291 0.467 0.293 0.466 0.293 0.465 0.294 0.464 0.294 0.462 0.293 0.462 0.293 0.461 0.291 0.459 0.29 0.459 0.289 0.459
1 0.397 0.455 0.396 0.456 0.394 0.456 0.392 0.458 0.392 0.459 0.391 0.459 0.391 0.461 0.392 0.462 0.392 0.462 0.394 0.464 0.396 0.464 0.397 0.465 0.4 0.465 0.401 0.466 0.398 0.468 0.398 0.469 0.397 0.47 0.395 0.47 0.392 0.472 0.391 0.471 0.39 0.471 0.389 0.47 0.386 0.47 0.383 0.473 0.381 0.471 0.38 0.471 0.378 0.47 0.38 0.468 0.38 0.466 0.379 0.465 0.379 0.464 0.378 0.463 0.377 0.463 0.376 0.462 0.374 0.462 0.37 0.466 0.37 0.468 0.372 0.47 0.368 0.473 0.366 0.473 0.365 0.472 0.362 0.472 0.359 0.474 0.358 0.474 0.357 0.473 0.356 0.473 0.355 0.473 0.353 0.473 0.351 0.474 0.35 0.474 0.349 0.473 0.348 0.473 0.347 0.473 0.345 0.473 0.343 0.474 0.341 0.474 0.34 0.473 0.338 0.473 0.334 0.476 0.333 0.475 0.332 0.475 0.331 0.474 0.329 0.474 0.326 0.477 0.325 0.476 0.324 0.476 0.323 0.475 0.321 0.475 0.318 0.477 0.317 0.477 0.317 0.476 0.316 0.476 0.315 0.475 0.312 0.475 0.308 0.478 0.307 0.477 0.306 0.477 0.305 0.477 0.303 0.477 0.302 0.477 0.301 0.477 0.301 0.474 0.3 0.473 0.3 0.473 0.299 0.472 0.298 0.472 0.297 0.471 0.295 0.471 0.291 0.474 0.289 0.474 0.288 0.473 0.285 0.473 0.281 0.477 0.281 0.479 0.283 0.48 0.284 0.48 0.285 0.481 0.283 0.483 0.283 0.485 0.285 0.487 0.286 0.487 0.288 0.488 0.29 0.488 0.291 0.487 0.292 0.487 0.294 0.485 0.297 0.485 0.298 0.484 0.299 0.484 0.3 0.484 0.302 0.484 0.303 0.484 0.305 0.484 0.306 0.484 0.307 0.484 0.309 0.482 0.31 0.483 0.31 0.484 0.311 0.484 0.312 0.484 0.315 0.484 0.316 0.484 0.317 0.484 0.317 0.483 0.318 0.482 0.32 0.482 0.321 0.483 0.323 0.483 0.324 0.482 0.325 0.482 0.326 0.481 0.328 0.481 0.329 0.482 0.331 0.482 0.332 0.481 0.333 0.481 0.334 0.48 0.336 0.48 0.338 0.481 0.34 0.481 0.341 0.48 0.342 0.48 0.343 0.48 0.344 0.48 0.345 0.48 0.347 0.48 0.348 0.48 0.349 0.48 0.35 0.479 0.351 0.48 0.352 0.48 0.353 0.48 0.355 0.48 0.356 0.48 0.357 0.48 0.359 0.478 0.36 0.479 0.361 0.479 0.362 0.48 0.365 0.48 0.366 0.479 0.367 0.479 0.369 0.477 0.37 0.477 0.371 0.478 0.373 0.478 0.374 0.477 0.376 0.477 0.377 0.478 0.379 0.478 0.38 0.477 0.381 0.477 0.382 0.477 0.383 0.477 0.384 0.477 0.385 0.477 0.386 0.478 0.389 0.478 0.39 0.477 0.391 0.477 0.392 0.477 0.394 0.477 0.395 0.477 0.397 0.477 0.398 0.477 0.399 0.477 0.401 0.475 0.402 0.476 0.403 0.476 0.404 0.477 0.406 0.477 0.407 0.476 0.408 0.476 0.41 0.474 0.411 0.475 0.412 0.475 0.414 0.476 0.416 0.476 0.417 0.475 0.418 0.475 0.42 0.473 0.421 0.474 0.422 0.474 0.423 0.475 0.425 0.475 0.426 0.474 0.427 0.474 0.428 0.473 0.429 0.473 0.43 0.474 0.431 0.474 0.432 0.475 0.434 0.475 0.435 0.474 0.436 0.474 0.439 0.473 0.439 0.47 0.438 0.47 0.438 0.469 0.436 0.468 0.435 0.468 0.434 0.467 0.434 0.466 0.435 0.466 0.435 0.463 0.434 0.462 0.434 0.462 0.433 0.461 0.432 0.461 0.431 0.46 0.429 0.46 0.425 0.463 0.425 0.466 0.426 0.466 0.425 0.467 0.423 0.467 0.42 0.47 0.419 0.47 0.418 0.469 0.417 0.469 0.416 0.468 0.414 0.468 0.41 0.47 0.409 0.47 0.408 0.47 0.408 0.468 0.407 0.467 0.407 0.466 0.406 0.466 0.405 0.466 0.404 0.465 0.403 0.465 0.402 0.464 0.404 0.462 0.404 0.462 0.405 0.461 0.405 0.459 0.404 0.459 0.404 0.458 0.402 0.456 0.401 0.456 0.4 0.455
1 0.175 0.455 0.174 0.455 0.172 0.455 0.168 0.459 0.168 0.46 0.167 0.461 0.167 0.463 0.168 0.464 0.168 0.466 0.171 0.468 0.174 0.468 0.175 0.469 0.177 0.469 0.178 0.468 0.181 0.468 0.184 0.466 0.184 0.464 0.185 0.463 0.185 0.461 0.184 0.46 0.184 0.458 0.181 0.455 0.178 0.455 0.177 0.455
1 0.132 0.454 0.131 0.455 0.13 0.455 0.126 0.458 0.126 0.459 0.125 0.459 0.125 0.464 0.126 0.465 0.126 0.466 0.13 0.469 0.131 0.469 0.132 0.47 0.139 0.47 0.141 0.468 0.142 0.468 0.145 0.466 0.145 0.465 0.146 0.464 0.146 0.459 0.145 0.459 0.145 0.458 0.142 0.455 0.141 0.455 0.139 0.454
1 0.246 0.453 0.245 0.454 0.243 0.454 0.241 0.455 0.241 0.456 0.24 0.457 0.24 0.459 0.241 0.459 0.241 0.46 0.243 0.462 0.245 0.462 0.246 0.462 0.249 0.462 0.25 0.462 0.251 0.462 0.253 0.46 0.253 0.459 0.254 0.459 0.254 0.457 0.253 0.456 0.253 0.455 0.251 0.454 0.25 0.454 0.249 0.453
1 0.211 0.449 0.21 0.45 0.209 0.45 0.205 0.453 0.205 0.454 0.204 0.455 0.204 0.459 0.205 0.46 0.205 0.461 0.209 0.464 0.21 0.464 0.211 0.465 0.218 0.465 0.22 0.463 0.221 0.464 0.221 0.465 0.222 0.466 0.222 0.466 0.224 0.468 0.226 0.468 0.227 0.469 0.23 0.469 0.231 0.468 0.232 0.468 0.234 0.466 0.234 0.466 0.235 0.465 0.235 0.463 0.234 0.462 0.234 0.462 0.232 0.46 0.231 0.46 0.23 0.459 0.227 0.459 0.226 0.46 0.225 0.459 0.225 0.455 0.224 0.454 0.224 0.453 0.221 0.451 0.22 0.451 0.218 0.449
1 0.56 0.439 0.559 0.44 0.557 0.44 0.555 0.441 0.555 0.442 0.554 0.443 0.554 0.445 0.555 0.445 0.555 0.446 0.557 0.448 0.559 0.448 0.56 0.448 0.564 0.448 0.565 0.448 0.566 0.448 0.568 0.446 0.569 0.447 0.569 0.448 0.568 0.449 0.568 0.451 0.569 0.452 0.569 0.453 0.572 0.455 0.574 0.455 0.575 0.456 0.577 0.456 0.578 0.455 0.58 0.455 0.583 0.453 0.583 0.452 0.584 0.451 0.584 0.449 0.583 0.448 0.583 0.447 0.58 0.445 0.578 0.445 0.577 0.444 0.575 0.444 0.574 0.445 0.572 0.445 0.569 0.447 0.568 0.446 0.568 0.445 0.569 0.445 0.569 0.443 0.568 0.442 0.568 0.441 0.566 0.44 0.565 0.44 0.564 0.439
1 0.685 0.438 0.681 0.441 0.68 0.44 0.679 0.44 0.678 0.439 0.676 0.439 0.672 0.442 0.67 0.441 0.669 0.441 0.668 0.44 0.666 0.44 0.661 0.443 0.661 0.445 0.664 0.447 0.665 0.447 0.666 0.448 0.668 0.448 0.669 0.447 0.67 0.447 0.672 0.445 0.673 0.445 0.674 0.446 0.675 0.446 0.676 0.447 0.678 0.447 0.679 0.446 0.68 0.446 0.682 0.445 0.684 0.445 0.685 0.445 0.688 0.445 0.689 0.445 0.69 0.445 0.692 0.443 0.692 0.441 0.691 0.44 0.691 0.439 0.69 0.438 0.689 0.438 0.688 0.438
1 0.895 0.437 0.894 0.438 0.893 0.438 0.889 0.441 0.889 0.441 0.888 0.442 0.888 0.447 0.889 0.448 0.889 0.448 0.893 0.452 0.894 0.452 0.895 0.452 0.901 0.452 0.903 0.451 0.904 0.451 0.907 0.448 0.907 0.448 0.908 0.447 0.908 0.442 0.907 0.441 0.907 0.441 0.904 0.438 0.903 0.438 0.901 0.437
1 0.484 0.43 0.483 0.43 0.481 0.43 0.479 0.432 0.479 0.433 0.478 0.434 0.478 0.435 0.479 0.436 0.479 0.437 0.481 0.438 0.483 0.438 0.484 0.439 0.488 0.439 0.489 0.438 0.49 0.438 0.491 0.438 0.492 0.438 0.494 0.438 0.495 0.439 0.498 0.439 0.499 0.438 0.5 0.438 0.502 0.437 0.502 0.436 0.503 0.435 0.503 0.434 0.502 0.433 0.502 0.432 0.5 0.43 0.499 0.43 0.498 0.43 0.495 0.43 0.494 0.43 0.492 0.43 0.491 0.431 0.49 0.43 0.489 0.43 0.488 0.43
1 0.202 0.425 0.201 0.426 0.2 0.426 0.196 0.429 0.196 0.43 0.195 0.43 0.195 0.435 0.196 0.436 0.196 0.437 0.2 0.44 0.201 0.44 0.202 0.441 0.208 0.441 0.21 0.439 0.211 0.439 0.215 0.437 0.215 0.436 0.216 0.435 0.216 0.43 0.215 0.43 0.215 0.429 0.211 0.427 0.21 0.427 0.208 0.425
1 0.844 0.423 0.843 0.424 0.841 0.424 0.836 0.427 0.836 0.429 0.835 0.43 0.835 0.432 0.836 0.433 0.836 0.434 0.84 0.437 0.843 0.437 0.844 0.438 0.846 0.438 0.847 0.437 0.85 0.437 0.853 0.434 0.853 0.433 0.854 0.432 0.854 0.43 0.853 0.429 0.853 0.427 0.85 0.424 0.847 0.424 0.846 0.423
1 0.678 0.423 0.677 0.424 0.675 0.424 0.672 0.427 0.672 0.428 0.671 0.429 0.671 0.43 0.672 0.431 0.672 0.433 0.675 0.435 0.677 0.435 0.678 0.436 0.68 0.436 0.681 0.435 0.683 0.435 0.686 0.433 0.686 0.431 0.688 0.43 0.688 0.429 0.686 0.428 0.686 0.427 0.683 0.424 0.681 0.424 0.68 0.423
1 0.56 0.42 0.559 0.42 0.557 0.42 0.554 0.423 0.554 0.424 0.553 0.425 0.55 0.423 0.549 0.423 0.548 0.422 0.545 0.422 0.544 0.423 0.542 0.423 0.541 0.423 0.54 0.423 0.539 0.423 0.538 0.423 0.536 0.422 0.533 0.422 0.532 0.423 0.53 0.423 0.528 0.424 0.528 0.425 0.527 0.426 0.527 0.427 0.528 0.428 0.528 0.429 0.53 0.43 0.532 0.43 0.533 0.431 0.536 0.431 0.538 0.43 0.539 0.43 0.54 0.43 0.541 0.43 0.542 0.43 0.544 0.43 0.545 0.431 0.548 0.431 0.549 0.43 0.55 0.43 0.552 0.429 0.552 0.428 0.553 0.427 0.554 0.428 0.554 0.429 0.557 0.431 0.559 0.431 0.56 0.432 0.562 0.432 0.564 0.431 0.566 0.431 0.569 0.429 0.569 0.427 0.57 0.427 0.57 0.425 0.569 0.424 0.569 0.423 0.566 0.42 0.564 0.42 0.562 0.42
1 0.619 0.416 0.618 0.417 0.616 0.417 0.612 0.42 0.612 0.421 0.611 0.422 0.611 0.423 0.612 0.424 0.612 0.426 0.616 0.428 0.618 0.428 0.619 0.429 0.621 0.429 0.622 0.428 0.624 0.428 0.627 0.426 0.627 0.424 0.628 0.423 0.628 0.422 0.627 0.421 0.627 0.42 0.624 0.417 0.622 0.417 0.621 0.416
1 0.584 0.416 0.583 0.417 0.581 0.417 0.578 0.42 0.578 0.421 0.577 0.422 0.577 0.423 0.578 0.424 0.578 0.426 0.581 0.428 0.583 0.428 0.584 0.429 0.586 0.429 0.588 0.428 0.59 0.428 0.593 0.426 0.593 0.424 0.594 0.423 0.594 0.422 0.593 0.421 0.593 0.42 0.59 0.417 0.588 0.417 0.586 0.416
1 0.385 0.412 0.384 0.412 0.382 0.412 0.38 0.414 0.38 0.415 0.379 0.416 0.379 0.417 0.38 0.418 0.38 0.419 0.382 0.42 0.384 0.42 0.385 0.421 0.389 0.421 0.39 0.42 0.391 0.42 0.393 0.419 0.393 0.418 0.394 0.417 0.394 0.416 0.393 0.415 0.393 0.414 0.391 0.412 0.39 0.412 0.389 0.412
1 0.414 0.409 0.412 0.409 0.41 0.409 0.408 0.411 0.408 0.412 0.407 0.412 0.407 0.414 0.408 0.415 0.408 0.416 0.41 0.417 0.412 0.417 0.414 0.418 0.417 0.418 0.418 0.417 0.419 0.417 0.421 0.416 0.421 0.415 0.422 0.414 0.422 0.412 0.421 0.412 0.421 0.411 0.419 0.409 0.418 0.409 0.417 0.409
1 0.435 0.408 0.434 0.409 0.432 0.409 0.43 0.41 0.43 0.411 0.429 0.412 0.429 0.413 0.43 0.414 0.43 0.415 0.432 0.416 0.434 0.416 0.435 0.417 0.439 0.417 0.44 0.416 0.441 0.416 0.443 0.415 0.443 0.414 0.444 0.413 0.444 0.412 0.443 0.411 0.443 0.41 0.441 0.409 0.44 0.409 0.439 0.408
1 0.49 0.404 0.489 0.405 0.486 0.405 0.484 0.406 0.484 0.407 0.483 0.408 0.483 0.409 0.484 0.41 0.484 0.411 0.486 0.412 0.489 0.412 0.49 0.413 0.493 0.413 0.494 0.412 0.495 0.412 0.497 0.411 0.497 0.41 0.498 0.409 0.498 0.408 0.497 0.407 0.497 0.406 0.495 0.405 0.494 0.405 0.493 0.404
1 0.258 0.402 0.257 0.402 0.255 0.402 0.253 0.404 0.253 0.405 0.252 0.405 0.252 0.407 0.253 0.408 0.253 0.409 0.255 0.41 0.257 0.41 0.258 0.411 0.261 0.411 0.262 0.41 0.264 0.41 0.266 0.409 0.266 0.408 0.267 0.407 0.267 0.405 0.266 0.405 0.266 0.404 0.264 0.402 0.262 0.402 0.261 0.402
1 0.816 0.4 0.815 0.401 0.812 0.401 0.808 0.404 0.808 0.405 0.807 0.406 0.807 0.409 0.808 0.409 0.808 0.411 0.811 0.413 0.815 0.413 0.816 0.414 0.818 0.414 0.819 0.413 0.823 0.413 0.826 0.416 0.829 0.416 0.83 0.416 0.832 0.416 0.833 0.416 0.836 0.416 0.84 0.413 0.84 0.412 0.841 0.411 0.841 0.409 0.84 0.408 0.84 0.405 0.836 0.403 0.833 0.403 0.832 0.402 0.83 0.402 0.829 0.403 0.827 0.403 0.826 0.404 0.822 0.401 0.819 0.401 0.818 0.4
1 0.78 0.399 0.779 0.4 0.777 0.4 0.773 0.403 0.773 0.405 0.772 0.405 0.772 0.408 0.773 0.409 0.773 0.41 0.776 0.412 0.779 0.412 0.78 0.413 0.782 0.413 0.783 0.412 0.786 0.412 0.79 0.41 0.79 0.409 0.791 0.408 0.791 0.405 0.79 0.405 0.79 0.402 0.786 0.4 0.783 0.4 0.782 0.399
1 0.275 0.398 0.274 0.399 0.272 0.399 0.27 0.401 0.27 0.402 0.269 0.402 0.269 0.404 0.27 0.405 0.27 0.405 0.272 0.407 0.274 0.407 0.275 0.408 0.278 0.408 0.279 0.407 0.28 0.407 0.282 0.405 0.282 0.405 0.283 0.404 0.283 0.402 0.282 0.402 0.282 0.401 0.28 0.399 0.279 0.399 0.278 0.398
1 0.64 0.396 0.639 0.397 0.636 0.397 0.633 0.399 0.633 0.401 0.632 0.402 0.632 0.403 0.633 0.404 0.633 0.405 0.636 0.408 0.639 0.408 0.64 0.409 0.642 0.409 0.643 0.408 0.645 0.408 0.648 0.405 0.648 0.404 0.649 0.403 0.649 0.402 0.648 0.401 0.648 0.399 0.645 0.397 0.643 0.397 0.642 0.396
1 0.68 0.393 0.679 0.394 0.677 0.394 0.673 0.397 0.673 0.398 0.672 0.399 0.672 0.401 0.671 0.402 0.669 0.4 0.667 0.4 0.666 0.399 0.664 0.399 0.662 0.4 0.66 0.4 0.657 0.402 0.657 0.404 0.656 0.405 0.656 0.406 0.657 0.407 0.657 0.409 0.66 0.411 0.662 0.411 0.664 0.412 0.666 0.412 0.667 0.411 0.669 0.411 0.672 0.409 0.672 0.407 0.673 0.406 0.673 0.405 0.674 0.405 0.676 0.406 0.679 0.406 0.68 0.407 0.682 0.407 0.683 0.406 0.686 0.406 0.69 0.404 0.69 0.402 0.691 0.402 0.691 0.399 0.69 0.398 0.69 0.396 0.686 0.394 0.683 0.394 0.682 0.393
1 0.617 0.392 0.616 0.393 0.614 0.393 0.609 0.396 0.609 0.398 0.608 0.398 0.608 0.401 0.609 0.402 0.609 0.403 0.612 0.405 0.616 0.405 0.617 0.406 0.619 0.406 0.62 0.405 0.623 0.405 0.626 0.403 0.626 0.402 0.627 0.401 0.627 0.398 0.626 0.398 0.626 0.395 0.623 0.393 0.62 0.393 0.619 0.392
1 0.506 0.387 0.505 0.388 0.503 0.388 0.501 0.389 0.501 0.39 0.5 0.391 0.5 0.392 0.501 0.393 0.501 0.394 0.503 0.395 0.505 0.395 0.506 0.396 0.509 0.396 0.51 0.395 0.511 0.395 0.514 0.394 0.514 0.393 0.515 0.392 0.515 0.391 0.514 0.39 0.514 0.389 0.511 0.388 0.51 0.388 0.509 0.387
1 0.238 0.386 0.236 0.387 0.234 0.387 0.23 0.39 0.229 0.39 0.228 0.389 0.226 0.389 0.225 0.39 0.223 0.39 0.22 0.392 0.22 0.394 0.219 0.395 0.219 0.396 0.22 0.397 0.22 0.398 0.223 0.401 0.225 0.401 0.226 0.402 0.228 0.402 0.229 0.401 0.231 0.401 0.235 0.398 0.236 0.398 0.238 0.398 0.24 0.398 0.241 0.398 0.243 0.398 0.246 0.395 0.246 0.394 0.247 0.393 0.247 0.391 0.246 0.391 0.246 0.389 0.243 0.387 0.241 0.387 0.24 0.386
1 0.742 0.372 0.741 0.373 0.739 0.373 0.734 0.376 0.734 0.377 0.733 0.378 0.733 0.38 0.734 0.381 0.734 0.383 0.738 0.385 0.741 0.385 0.742 0.386 0.744 0.386 0.745 0.385 0.748 0.385 0.751 0.383 0.751 0.381 0.752 0.38 0.752 0.378 0.751 0.377 0.751 0.375 0.748 0.373 0.745 0.373 0.744 0.372
1 0.286 0.368 0.285 0.369 0.283 0.369 0.28 0.371 0.28 0.373 0.279 0.373 0.279 0.375 0.28 0.376 0.28 0.377 0.283 0.38 0.285 0.38 0.286 0.38 0.289 0.38 0.29 0.38 0.292 0.38 0.295 0.377 0.295 0.376 0.296 0.375 0.296 0.373 0.295 0.373 0.295 0.371 0.292 0.369 0.29 0.369 0.289 0.368
1 0.65 0.365 0.649 0.366 0.647 0.366 0.643 0.369 0.643 0.37 0.642 0.371 0.642 0.373 0.643 0.374 0.643 0.376 0.646 0.378 0.649 0.378 0.65 0.379 0.652 0.379 0.653 0.378 0.656 0.378 0.659 0.376 0.659 0.374 0.66 0.373 0.66 0.371 0.659 0.37 0.659 0.368 0.656 0.366 0.653 0.366 0.652 0.365
1 0.629 0.364 0.628 0.365 0.626 0.365 0.623 0.367 0.623 0.369 0.622 0.37 0.622 0.371 0.623 0.372 0.623 0.373 0.626 0.376 0.628 0.376 0.629 0.377 0.631 0.377 0.632 0.376 0.634 0.376 0.638 0.373 0.638 0.372 0.639 0.371 0.639 0.37 0.638 0.369 0.638 0.367 0.634 0.365 0.632 0.365 0.631 0.364
1 0.341 0.363 0.34 0.364 0.338 0.364 0.335 0.366 0.335 0.366 0.334 0.367 0.334 0.369 0.335 0.37 0.335 0.37 0.338 0.372 0.34 0.372 0.341 0.373 0.342 0.373 0.343 0.373 0.342 0.374 0.342 0.375 0.341 0.376 0.341 0.377 0.342 0.378 0.342 0.379 0.344 0.38 0.346 0.38 0.347 0.381 0.35 0.381 0.351 0.38 0.352 0.38 0.354 0.379 0.354 0.378 0.355 0.377 0.355 0.376 0.354 0.375 0.354 0.374 0.352 0.373 0.351 0.373 0.35 0.372 0.348 0.372 0.347 0.371 0.348 0.37 0.348 0.37 0.349 0.369 0.349 0.367 0.348 0.366 0.348 0.366 0.346 0.364 0.345 0.364 0.344 0.363
1 0.773 0.362 0.772 0.362 0.77 0.362 0.766 0.366 0.766 0.367 0.765 0.368 0.765 0.37 0.766 0.371 0.766 0.373 0.769 0.375 0.772 0.375 0.773 0.376 0.775 0.376 0.776 0.375 0.779 0.375 0.782 0.373 0.782 0.371 0.783 0.37 0.783 0.368 0.782 0.367 0.782 0.365 0.779 0.362 0.776 0.362 0.775 0.362
1 0.3 0.355 0.299 0.355 0.297 0.355 0.294 0.358 0.294 0.359 0.293 0.36 0.293 0.362 0.294 0.362 0.294 0.364 0.297 0.366 0.299 0.366 0.3 0.367 0.302 0.367 0.303 0.366 0.305 0.366 0.308 0.364 0.308 0.362 0.309 0.362 0.309 0.36 0.308 0.359 0.308 0.358 0.305 0.355 0.303 0.355 0.302 0.355
1 0.468 0.349 0.467 0.35 0.465 0.35 0.462 0.352 0.462 0.352 0.461 0.353 0.461 0.355 0.462 0.355 0.462 0.356 0.465 0.358 0.466 0.358 0.467 0.359 0.467 0.359 0.466 0.36 0.466 0.362 0.467 0.362 0.467 0.363 0.469 0.365 0.471 0.365 0.472 0.366 0.475 0.366 0.476 0.365 0.477 0.365 0.479 0.363 0.479 0.362 0.48 0.362 0.48 0.36 0.479 0.359 0.479 0.359 0.477 0.357 0.476 0.357 0.475 0.356 0.475 0.355 0.476 0.355 0.476 0.353 0.475 0.352 0.475 0.352 0.473 0.35 0.472 0.35 0.471 0.349
1 0.379 0.348 0.378 0.349 0.376 0.349 0.372 0.352 0.372 0.354 0.371 0.355 0.371 0.357 0.372 0.358 0.372 0.359 0.375 0.362 0.378 0.362 0.379 0.362 0.381 0.362 0.382 0.362 0.385 0.362 0.389 0.359 0.389 0.358 0.39 0.357 0.39 0.355 0.389 0.354 0.389 0.352 0.385 0.349 0.382 0.349 0.381 0.348
1 0.629 0.347 0.628 0.348 0.626 0.348 0.623 0.35 0.623 0.352 0.622 0.352 0.622 0.354 0.623 0.355 0.623 0.356 0.626 0.359 0.628 0.359 0.629 0.359 0.631 0.359 0.632 0.359 0.634 0.359 0.638 0.356 0.638 0.355 0.639 0.354 0.639 0.352 0.638 0.352 0.638 0.35 0.634 0.348 0.632 0.348 0.631 0.347
1 0.351 0.345 0.35 0.345 0.348 0.345 0.345 0.348 0.345 0.349 0.344 0.35 0.344 0.352 0.345 0.352 0.345 0.354 0.348 0.356 0.35 0.356 0.351 0.357 0.353 0.357 0.354 0.356 0.356 0.356 0.359 0.354 0.359 0.352 0.36 0.352 0.36 0.35 0.359 0.349 0.359 0.348 0.356 0.345 0.354 0.345 0.353 0.345
1 0.4 0.338 0.399 0.339 0.397 0.339 0.393 0.342 0.393 0.344 0.392 0.345 0.392 0.347 0.393 0.348 0.393 0.349 0.396 0.352 0.399 0.352 0.4 0.352 0.402 0.352 0.403 0.352 0.406 0.352 0.409 0.349 0.409 0.348 0.41 0.347 0.41 0.345 0.409 0.344 0.409 0.341 0.406 0.339 0.403 0.339 0.402 0.338
1 0.331 0.338 0.33 0.338 0.328 0.338 0.325 0.341 0.325 0.342 0.324 0.343 0.324 0.345 0.325 0.345 0.325 0.347 0.328 0.349 0.33 0.349 0.331 0.35 0.333 0.35 0.334 0.349 0.336 0.349 0.34 0.347 0.34 0.345 0.341 0.345 0.341 0.343 0.34 0.342 0.34 0.341 0.336 0.338 0.334 0.338 0.333 0.338
1 0.672 0.33 0.671 0.331 0.669 0.331 0.665 0.334 0.665 0.336 0.664 0.337 0.664 0.339 0.665 0.34 0.665 0.341 0.668 0.344 0.671 0.344 0.672 0.345 0.674 0.345 0.675 0.344 0.678 0.344 0.681 0.341 0.681 0.34 0.682 0.339 0.682 0.337 0.681 0.336 0.681 0.334 0.678 0.331 0.675 0.331 0.674 0.33
1 0.498 0.33 0.497 0.331 0.495 0.331 0.492 0.334 0.492 0.335 0.491 0.336 0.491 0.338 0.492 0.338 0.492 0.34 0.495 0.342 0.497 0.342 0.498 0.343 0.5 0.343 0.501 0.342 0.503 0.342 0.506 0.34 0.506 0.338 0.507 0.338 0.507 0.336 0.506 0.335 0.506 0.334 0.503 0.331 0.501 0.331 0.5 0.33
1 0.315 0.329 0.314 0.33 0.311 0.33 0.308 0.332 0.308 0.334 0.307 0.334 0.306 0.334 0.306 0.333 0.303 0.33 0.3 0.33 0.299 0.33 0.297 0.33 0.296 0.33 0.294 0.33 0.29 0.334 0.29 0.335 0.289 0.336 0.289 0.338 0.29 0.339 0.29 0.341 0.293 0.343 0.296 0.343 0.297 0.344 0.299 0.344 0.3 0.343 0.303 0.343 0.306 0.341 0.306 0.339 0.307 0.338 0.308 0.338 0.311 0.341 0.314 0.341 0.315 0.341 0.317 0.341 0.318 0.341 0.32 0.341 0.323 0.338 0.323 0.337 0.324 0.336 0.324 0.334 0.323 0.334 0.323 0.332 0.32 0.33 0.318 0.33 0.317 0.329
1 0.538 0.327 0.536 0.327 0.534 0.327 0.531 0.33 0.531 0.331 0.53 0.332 0.53 0.334 0.531 0.334 0.531 0.336 0.534 0.338 0.536 0.338 0.538 0.339 0.54 0.339 0.541 0.338 0.543 0.338 0.546 0.336 0.546 0.334 0.547 0.334 0.547 0.332 0.546 0.331 0.546 0.33 0.543 0.327 0.541 0.327 0.54 0.327
1 0.517 0.327 0.516 0.327 0.514 0.327 0.51 0.33 0.51 0.331 0.509 0.332 0.509 0.334 0.51 0.334 0.51 0.336 0.514 0.338 0.516 0.338 0.517 0.339 0.519 0.339 0.52 0.338 0.522 0.338 0.525 0.336 0.525 0.334 0.526 0.334 0.526 0.332 0.525 0.331 0.525 0.33 0.522 0.327 0.52 0.327 0.519 0.327
1 0.596 0.326 0.595 0.327 0.593 0.327 0.59 0.329 0.59 0.33 0.589 0.331 0.589 0.333 0.59 0.334 0.589 0.334 0.588 0.334 0.586 0.335 0.585 0.334 0.583 0.334 0.582 0.334 0.58 0.334 0.579 0.334 0.577 0.334 0.574 0.337 0.574 0.338 0.573 0.339 0.573 0.341 0.574 0.341 0.574 0.343 0.577 0.345 0.579 0.345 0.58 0.346 0.582 0.346 0.583 0.345 0.585 0.345 0.586 0.345 0.588 0.345 0.59 0.345 0.591 0.346 0.593 0.346 0.594 0.345 0.596 0.345 0.599 0.343 0.599 0.341 0.6 0.341 0.6 0.339 0.599 0.338 0.6 0.338 0.601 0.338 0.604 0.335 0.604 0.334 0.605 0.333 0.605 0.331 0.604 0.33 0.604 0.329 0.601 0.327 0.599 0.327 0.598 0.326
1 0.343 0.322 0.342 0.323 0.34 0.323 0.336 0.325 0.336 0.327 0.335 0.327 0.335 0.329 0.336 0.33 0.336 0.331 0.34 0.334 0.342 0.334 0.343 0.334 0.345 0.334 0.346 0.334 0.348 0.334 0.351 0.331 0.351 0.33 0.352 0.329 0.352 0.327 0.351 0.327 0.351 0.325 0.348 0.323 0.346 0.323 0.345 0.322
1 0.364 0.319 0.362 0.32 0.36 0.32 0.356 0.323 0.356 0.324 0.355 0.325 0.355 0.327 0.356 0.328 0.356 0.33 0.359 0.332 0.362 0.332 0.364 0.333 0.366 0.333 0.367 0.332 0.37 0.332 0.373 0.33 0.373 0.328 0.374 0.327 0.374 0.325 0.373 0.324 0.373 0.322 0.37 0.32 0.367 0.32 0.366 0.319
1 0.677 0.314 0.676 0.315 0.674 0.315 0.671 0.317 0.671 0.319 0.67 0.32 0.67 0.321 0.671 0.322 0.671 0.323 0.674 0.326 0.676 0.326 0.677 0.327 0.679 0.327 0.68 0.326 0.682 0.326 0.685 0.323 0.685 0.322 0.686 0.321 0.686 0.32 0.685 0.319 0.685 0.317 0.682 0.315 0.68 0.315 0.679 0.314
1 0.46 0.311 0.459 0.312 0.457 0.312 0.454 0.314 0.454 0.316 0.453 0.316 0.453 0.318 0.454 0.319 0.454 0.32 0.457 0.323 0.459 0.323 0.46 0.323 0.462 0.323 0.464 0.323 0.466 0.323 0.469 0.32 0.469 0.319 0.47 0.318 0.47 0.316 0.469 0.316 0.469 0.314 0.466 0.312 0.464 0.312 0.462 0.311
1 0.646 0.31 0.645 0.311 0.643 0.311 0.639 0.314 0.639 0.316 0.638 0.316 0.638 0.319 0.639 0.32 0.639 0.321 0.638 0.322 0.636 0.322 0.635 0.323 0.633 0.323 0.629 0.326 0.629 0.327 0.628 0.328 0.628 0.33 0.629 0.331 0.629 0.333 0.632 0.335 0.635 0.335 0.636 0.336 0.639 0.336 0.64 0.335 0.643 0.335 0.646 0.333 0.646 0.331 0.647 0.33 0.647 0.328 0.646 0.327 0.646 0.325 0.647 0.324 0.648 0.324 0.649 0.323 0.652 0.323 0.655 0.321 0.655 0.32 0.656 0.319 0.656 0.316 0.655 0.316 0.655 0.313 0.652 0.311 0.649 0.311 0.648 0.31
1 0.415 0.305 0.414 0.306 0.411 0.306 0.408 0.309 0.408 0.31 0.407 0.311 0.407 0.312 0.408 0.313 0.408 0.315 0.411 0.317 0.414 0.317 0.415 0.318 0.417 0.318 0.418 0.317 0.42 0.317 0.423 0.315 0.423 0.313 0.424 0.312 0.424 0.311 0.423 0.31 0.423 0.309 0.42 0.306 0.418 0.306 0.417 0.305
1 0.574 0.3 0.573 0.301 0.571 0.301 0.567 0.304 0.567 0.305 0.566 0.306 0.566 0.309 0.567 0.309 0.567 0.311 0.57 0.313 0.573 0.313 0.574 0.314 0.576 0.314 0.577 0.313 0.58 0.313 0.581 0.312 0.583 0.314 0.586 0.314 0.588 0.315 0.59 0.315 0.591 0.314 0.594 0.314 0.597 0.312 0.597 0.31 0.598 0.309 0.598 0.307 0.597 0.306 0.597 0.304 0.594 0.302 0.591 0.302 0.59 0.301 0.588 0.301 0.586 0.302 0.584 0.302 0.583 0.302 0.582 0.302 0.58 0.301 0.577 0.301 0.576 0.3
1 0.541 0.298 0.54 0.298 0.538 0.298 0.534 0.301 0.534 0.302 0.533 0.303 0.533 0.305 0.534 0.305 0.534 0.307 0.538 0.309 0.54 0.309 0.541 0.31 0.543 0.31 0.544 0.309 0.546 0.309 0.549 0.307 0.549 0.305 0.55 0.305 0.55 0.303 0.549 0.302 0.549 0.301 0.546 0.298 0.544 0.298 0.543 0.298
1 0.483 0.292 0.482 0.293 0.48 0.293 0.477 0.295 0.477 0.297 0.476 0.298 0.476 0.299 0.477 0.3 0.477 0.302 0.48 0.304 0.482 0.304 0.483 0.305 0.485 0.305 0.486 0.304 0.489 0.304 0.492 0.302 0.492 0.3 0.493 0.299 0.493 0.298 0.492 0.297 0.492 0.295 0.489 0.293 0.486 0.293 0.485 0.292
1 0.549 0.269 0.548 0.27 0.546 0.27 0.543 0.272 0.543 0.273 0.542 0.274 0.542 0.276 0.543 0.277 0.543 0.278 0.546 0.28 0.548 0.28 0.549 0.281 0.551 0.281 0.552 0.28 0.554 0.28 0.557 0.278 0.557 0.277 0.558 0.276 0.558 0.274 0.557 0.273 0.557 0.272 0.554 0.27 0.552 0.27 0.551 0.269
1 0.567 0.262 0.566 0.262 0.564 0.262 0.559 0.266 0.559 0.267 0.558 0.268 0.558 0.27 0.559 0.271 0.559 0.273 0.562 0.275 0.566 0.275 0.567 0.276 0.569 0.276 0.57 0.275 0.573 0.275 0.576 0.273 0.576 0.271 0.577 0.27 0.577 0.268 0.576 0.267 0.576 0.265 0.573 0.262 0.57 0.262 0.569 0.262
1 0.493 0.259 0.492 0.259 0.49 0.259 0.486 0.262 0.486 0.263 0.485 0.264 0.485 0.266 0.486 0.266 0.486 0.267 0.485 0.268 0.482 0.268 0.481 0.267 0.479 0.267 0.478 0.268 0.476 0.268 0.472 0.271 0.472 0.273 0.471 0.273 0.471 0.276 0.472 0.277 0.472 0.278 0.475 0.28 0.478 0.28 0.479 0.281 0.481 0.281 0.482 0.28 0.485 0.28 0.489 0.278 0.489 0.277 0.49 0.276 0.49 0.273 0.489 0.273 0.489 0.271 0.49 0.27 0.492 0.27 0.493 0.271 0.495 0.271 0.496 0.27 0.498 0.27 0.501 0.268 0.501 0.266 0.502 0.266 0.502 0.264 0.501 0.263 0.501 0.262 0.498 0.259 0.496 0.259 0.495 0.259
1 0.645 0.254 0.644 0.255 0.642 0.255 0.638 0.258 0.638 0.259 0.636 0.26 0.636 0.262 0.638 0.263 0.638 0.265 0.641 0.267 0.644 0.267 0.645 0.268 0.647 0.268 0.648 0.267 0.651 0.267 0.654 0.265 0.654 0.263 0.655 0.262 0.655 0.26 0.654 0.259 0.654 0.257 0.651 0.255 0.648 0.255 0.647 0.254
1 0.623 0.254 0.622 0.255 0.62 0.255 0.616 0.258 0.616 0.259 0.615 0.26 0.615 0.262 0.616 0.263 0.616 0.265 0.619 0.267 0.622 0.267 0.623 0.268 0.625 0.268 0.626 0.267 0.629 0.267 0.632 0.265 0.632 0.263 0.633 0.262 0.633 0.26 0.632 0.259 0.632 0.257 0.629 0.255 0.626 0.255 0.625 0.254
