0 0.55 0.836 0.549 0.837 0.546 0.837 0.538 0.843 0.538 0.845 0.536 0.846 0.536 0.852 0.538 0.852 0.538 0.854 0.546 0.86 0.549 0.86 0.55 0.861 0.557 0.861 0.558 0.86 0.56 0.86 0.569 0.854 0.569 0.852 0.57 0.852 0.57 0.846 0.569 0.845 0.569 0.843 0.56 0.837 0.558 0.837 0.557 0.836
0 0.402 0.831 0.401 0.832 0.399 0.832 0.396 0.834 0.395 0.834 0.394 0.835 0.394 0.836 0.393 0.837 0.393 0.838 0.392 0.838 0.392 0.839 0.391 0.84 0.391 0.846 0.392 0.847 0.392 0.848 0.393 0.848 0.393 0.85 0.395 0.852 0.396 0.852 0.399 0.854 0.401 0.854 0.402 0.855 0.408 0.855 0.409 0.854 0.411 0.854 0.415 0.852 0.416 0.852 0.418 0.85 0.418 0.848 0.419 0.848 0.419 0.847 0.42 0.846 0.42 0.84 0.419 0.839 0.419 0.838 0.418 0.838 0.418 0.837 0.417 0.836 0.417 0.835 0.416 0.834 0.415 0.834 0.411 0.832 0.409 0.832 0.408 0.831
0 0.597 0.83 0.596 0.83 0.593 0.83 0.584 0.837 0.584 0.839 0.583 0.84 0.583 0.845 0.584 0.846 0.584 0.848 0.593 0.854 0.596 0.854 0.597 0.855 0.604 0.855 0.605 0.854 0.607 0.854 0.616 0.848 0.616 0.846 0.617 0.845 0.617 0.84 0.616 0.839 0.616 0.837 0.607 0.83 0.605 0.83 0.604 0.83
0 0.483 0.805 0.482 0.806 0.481 0.806 0.48 0.807 0.479 0.807 0.476 0.809 0.476 0.81 0.475 0.811 0.475 0.812 0.474 0.813 0.474 0.818 0.475 0.819 0.475 0.82 0.471 0.823 0.471 0.825 0.47 0.826 0.47 0.831 0.471 0.832 0.471 0.834 0.479 0.84 0.482 0.84 0.483 0.841 0.491 0.841 0.492 0.84 0.494 0.84 0.502 0.834 0.502 0.832 0.503 0.831 0.503 0.826 0.502 0.825 0.502 0.823 0.498 0.82 0.498 0.819 0.499 0.818 0.499 0.813 0.498 0.812 0.498 0.811 0.497 0.81 0.497 0.809 0.494 0.807 0.493 0.807 0.492 0.806 0.49 0.806 0.489 0.805
0 0.376 0.784 0.375 0.784 0.374 0.784 0.373 0.785 0.372 0.785 0.369 0.788 0.369 0.788 0.368 0.789 0.368 0.79 0.367 0.791 0.367 0.795 0.369 0.796 0.369 0.797 0.372 0.799 0.373 0.799 0.374 0.8 0.375 0.8 0.376 0.801 0.381 0.801 0.382 0.8 0.383 0.8 0.385 0.802 0.386 0.802 0.388 0.802 0.389 0.802 0.39 0.803 0.395 0.803 0.397 0.802 0.398 0.802 0.401 0.799 0.401 0.798 0.403 0.797 0.403 0.796 0.404 0.795 0.408 0.798 0.409 0.798 0.411 0.8 0.41 0.801 0.41 0.804 0.411 0.805 0.411 0.805 0.412 0.806 0.412 0.807 0.411 0.808 0.409 0.808 0.408 0.809 0.407 0.809 0.406 0.809 0.405 0.809 0.402 0.812 0.402 0.812 0.401 0.813 0.401 0.815 0.4 0.816 0.4 0.82 0.401 0.821 0.401 0.823 0.402 0.823 0.402 0.824 0.405 0.827 0.406 0.827 0.407 0.827 0.408 0.827 0.409 0.828 0.415 0.828 0.416 0.827 0.418 0.827 0.419 0.827 0.42 0.827 0.423 0.824 0.423 0.823 0.424 0.823 0.424 0.821 0.425 0.82 0.425 0.816 0.424 0.815 0.424 0.813 0.423 0.812 0.423 0.812 0.422 0.811 0.423 0.81 0.425 0.81 0.426 0.809 0.427 0.809 0.429 0.808 0.43 0.808 0.431 0.807 0.433 0.809 0.433 0.81 0.434 0.811 0.434 0.812 0.438 0.814 0.439 0.814 0.44 0.815 0.441 0.815 0.442 0.816 0.447 0.816 0.448 0.815 0.45 0.815 0.451 0.814 0.452 0.814 0.455 0.812 0.455 0.811 0.456 0.81 0.456 0.809 0.457 0.808 0.457 0.803 0.456 0.802 0.456 0.801 0.455 0.8 0.455 0.799 0.452 0.797 0.451 0.797 0.45 0.796 0.448 0.796 0.447 0.795 0.442 0.795 0.441 0.796 0.44 0.796 0.439 0.797 0.438 0.797 0.434 0.799 0.434 0.8 0.433 0.801 0.432 0.8 0.432 0.799 0.431 0.798 0.431 0.798 0.43 0.797 0.429 0.797 0.427 0.795 0.426 0.795 0.424 0.794 0.424 0.79 0.419 0.786 0.418 0.786 0.417 0.785 0.41 0.785 0.409 0.786 0.408 0.786 0.403 0.79 0.403 0.791 0.402 0.791 0.401 0.791 0.401 0.79 0.398 0.788 0.397 0.788 0.395 0.786 0.39 0.786 0.389 0.787 0.386 0.787 0.384 0.785 0.383 0.785 0.381 0.784
0 0.611 0.779 0.61 0.78 0.609 0.78 0.608 0.78 0.607 0.78 0.604 0.783 0.604 0.784 0.603 0.784 0.603 0.785 0.602 0.786 0.602 0.79 0.604 0.791 0.604 0.792 0.607 0.795 0.608 0.795 0.609 0.795 0.61 0.795 0.611 0.796 0.617 0.796 0.619 0.795 0.62 0.795 0.623 0.792 0.623 0.791 0.625 0.79 0.625 0.786 0.624 0.785 0.624 0.784 0.623 0.784 0.623 0.783 0.62 0.78 0.619 0.78 0.617 0.779
0 0.475 0.773 0.474 0.773 0.473 0.773 0.472 0.774 0.471 0.774 0.468 0.777 0.468 0.777 0.467 0.778 0.467 0.779 0.466 0.78 0.466 0.784 0.468 0.785 0.468 0.786 0.471 0.788 0.472 0.788 0.473 0.789 0.474 0.789 0.475 0.79 0.48 0.79 0.482 0.788 0.483 0.788 0.486 0.786 0.486 0.785 0.489 0.784 0.489 0.78 0.488 0.779 0.488 0.778 0.486 0.777 0.486 0.777 0.483 0.774 0.482 0.774 0.48 0.773
0 0.448 0.767 0.447 0.768 0.446 0.768 0.445 0.769 0.444 0.769 0.441 0.771 0.441 0.772 0.44 0.773 0.44 0.773 0.439 0.774 0.439 0.778 0.441 0.78 0.441 0.78 0.444 0.783 0.445 0.783 0.446 0.784 0.447 0.784 0.448 0.784 0.453 0.784 0.455 0.783 0.456 0.783 0.459 0.78 0.459 0.78 0.461 0.778 0.461 0.774 0.46 0.773 0.46 0.773 0.459 0.772 0.459 0.771 0.456 0.769 0.455 0.769 0.453 0.767
0 0.358 0.755 0.357 0.755 0.356 0.755 0.351 0.759 0.351 0.764 0.356 0.768 0.357 0.768 0.358 0.769 0.365 0.769 0.366 0.768 0.367 0.768 0.372 0.764 0.372 0.759 0.367 0.755 0.366 0.755 0.365 0.755
0 0.306 0.746 0.305 0.747 0.304 0.747 0.299 0.751 0.299 0.755 0.304 0.759 0.305 0.759 0.306 0.76 0.308 0.76 0.309 0.761 0.308 0.762 0.307 0.762 0.306 0.762 0.305 0.762 0.302 0.765 0.302 0.766 0.301 0.766 0.301 0.768 0.3 0.769 0.3 0.773 0.301 0.774 0.301 0.776 0.302 0.777 0.302 0.777 0.305 0.78 0.306 0.78 0.307 0.78 0.308 0.78 0.309 0.781 0.315 0.781 0.316 0.78 0.318 0.78 0.319 0.78 0.32 0.78 0.323 0.777 0.323 0.777 0.324 0.776 0.324 0.774 0.325 0.773 0.325 0.769 0.324 0.768 0.324 0.766 0.323 0.766 0.323 0.765 0.32 0.762 0.319 0.762 0.318 0.762 0.316 0.762 0.315 0.761 0.314 0.761 0.312 0.76 0.314 0.759 0.315 0.759 0.32 0.755 0.32 0.751 0.315 0.747 0.314 0.747 0.312 0.746
0 0.338 0.74 0.336 0.741 0.335 0.741 0.33 0.745 0.33 0.749 0.335 0.753 0.336 0.753 0.338 0.754 0.336 0.755 0.334 0.755 0.333 0.755 0.332 0.755 0.327 0.759 0.327 0.764 0.332 0.768 0.333 0.768 0.334 0.769 0.341 0.769 0.342 0.768 0.343 0.768 0.348 0.764 0.348 0.759 0.343 0.755 0.342 0.755 0.341 0.755 0.342 0.754 0.344 0.754 0.345 0.753 0.346 0.753 0.351 0.749 0.351 0.745 0.346 0.741 0.345 0.741 0.344 0.74
0 0.205 0.738 0.204 0.738 0.201 0.738 0.193 0.745 0.193 0.747 0.192 0.748 0.192 0.753 0.193 0.754 0.193 0.755 0.201 0.762 0.204 0.762 0.205 0.762 0.212 0.762 0.214 0.762 0.216 0.762 0.224 0.755 0.224 0.754 0.225 0.753 0.225 0.748 0.224 0.747 0.224 0.745 0.216 0.738 0.214 0.738 0.212 0.738
0 0.303 0.726 0.302 0.727 0.301 0.727 0.296 0.73 0.296 0.735 0.301 0.739 0.302 0.739 0.303 0.74 0.309 0.74 0.31 0.739 0.311 0.739 0.317 0.735 0.317 0.73 0.311 0.727 0.31 0.727 0.309 0.726
0 0.72 0.712 0.719 0.713 0.716 0.713 0.707 0.72 0.707 0.722 0.706 0.723 0.706 0.728 0.707 0.729 0.707 0.73 0.716 0.737 0.719 0.737 0.72 0.738 0.727 0.738 0.728 0.737 0.73 0.737 0.739 0.73 0.739 0.729 0.74 0.728 0.74 0.723 0.739 0.722 0.739 0.72 0.73 0.713 0.728 0.713 0.727 0.712
0 0.232 0.711 0.231 0.712 0.228 0.712 0.22 0.718 0.22 0.72 0.219 0.721 0.219 0.727 0.22 0.727 0.22 0.729 0.228 0.735 0.231 0.735 0.232 0.736 0.24 0.736 0.241 0.735 0.243 0.735 0.251 0.729 0.251 0.727 0.252 0.727 0.252 0.721 0.251 0.72 0.251 0.718 0.243 0.712 0.241 0.712 0.24 0.711
0 0.283 0.705 0.282 0.705 0.281 0.705 0.276 0.709 0.276 0.714 0.281 0.718 0.282 0.718 0.283 0.719 0.29 0.719 0.291 0.718 0.292 0.718 0.297 0.714 0.297 0.709 0.292 0.705 0.291 0.705 0.29 0.705
0 0.15 0.704 0.149 0.705 0.146 0.705 0.138 0.711 0.138 0.713 0.136 0.714 0.136 0.72 0.138 0.72 0.138 0.722 0.146 0.728 0.149 0.728 0.15 0.729 0.157 0.729 0.158 0.728 0.16 0.728 0.169 0.722 0.169 0.72 0.17 0.72 0.17 0.714 0.169 0.713 0.169 0.711 0.16 0.705 0.158 0.705 0.157 0.704
0 0.197 0.701 0.196 0.702 0.195 0.702 0.194 0.702 0.193 0.702 0.19 0.705 0.19 0.705 0.189 0.706 0.189 0.708 0.188 0.709 0.188 0.713 0.189 0.714 0.189 0.716 0.19 0.716 0.19 0.717 0.193 0.72 0.194 0.72 0.195 0.72 0.196 0.72 0.197 0.721 0.202 0.721 0.203 0.72 0.205 0.72 0.206 0.72 0.207 0.72 0.21 0.717 0.21 0.716 0.211 0.716 0.211 0.714 0.212 0.713 0.212 0.709 0.211 0.708 0.211 0.706 0.21 0.705 0.21 0.705 0.207 0.702 0.206 0.702 0.205 0.702 0.203 0.702 0.202 0.701
0 0.28 0.687 0.279 0.688 0.278 0.688 0.275 0.69 0.275 0.691 0.274 0.691 0.274 0.694 0.275 0.695 0.275 0.695 0.277 0.697 0.279 0.697 0.28 0.698 0.282 0.698 0.283 0.697 0.285 0.697 0.288 0.695 0.288 0.695 0.289 0.694 0.289 0.691 0.288 0.691 0.288 0.689 0.285 0.688 0.283 0.688 0.282 0.687
0 0.21 0.684 0.209 0.684 0.208 0.684 0.207 0.685 0.206 0.685 0.203 0.688 0.203 0.688 0.202 0.689 0.202 0.69 0.201 0.691 0.201 0.695 0.203 0.696 0.203 0.697 0.206 0.699 0.207 0.699 0.208 0.7 0.209 0.7 0.21 0.701 0.216 0.701 0.218 0.699 0.219 0.699 0.222 0.697 0.222 0.696 0.224 0.695 0.224 0.691 0.223 0.69 0.223 0.689 0.222 0.688 0.222 0.688 0.219 0.685 0.218 0.685 0.216 0.684
0 0.801 0.677 0.8 0.678 0.797 0.678 0.789 0.684 0.789 0.687 0.788 0.688 0.788 0.693 0.789 0.694 0.789 0.695 0.797 0.702 0.8 0.702 0.801 0.702 0.808 0.702 0.809 0.702 0.811 0.702 0.82 0.695 0.82 0.694 0.821 0.693 0.821 0.688 0.82 0.687 0.82 0.684 0.811 0.678 0.809 0.678 0.808 0.677
0 0.242 0.677 0.241 0.677 0.24 0.677 0.239 0.678 0.238 0.678 0.234 0.68 0.234 0.681 0.233 0.682 0.233 0.683 0.232 0.684 0.232 0.688 0.234 0.689 0.234 0.69 0.238 0.692 0.239 0.692 0.24 0.693 0.241 0.693 0.242 0.694 0.247 0.694 0.249 0.692 0.25 0.692 0.253 0.69 0.253 0.689 0.255 0.688 0.255 0.684 0.254 0.683 0.254 0.682 0.253 0.681 0.253 0.68 0.25 0.678 0.249 0.678 0.247 0.677
0 0.29 0.666 0.289 0.667 0.288 0.667 0.284 0.67 0.284 0.67 0.283 0.671 0.283 0.673 0.284 0.674 0.284 0.675 0.286 0.677 0.289 0.677 0.29 0.677 0.292 0.677 0.293 0.677 0.295 0.677 0.297 0.675 0.297 0.674 0.298 0.673 0.298 0.671 0.297 0.67 0.297 0.669 0.295 0.667 0.293 0.667 0.292 0.666
0 0.257 0.659 0.256 0.66 0.255 0.66 0.254 0.661 0.253 0.661 0.25 0.663 0.25 0.664 0.249 0.665 0.249 0.666 0.248 0.666 0.248 0.67 0.25 0.672 0.25 0.673 0.253 0.675 0.254 0.675 0.255 0.676 0.256 0.676 0.257 0.677 0.262 0.677 0.265 0.675 0.266 0.675 0.269 0.673 0.269 0.672 0.271 0.67 0.271 0.666 0.27 0.666 0.27 0.665 0.269 0.664 0.269 0.663 0.266 0.661 0.265 0.661 0.262 0.659
0 0.293 0.643 0.292 0.644 0.291 0.644 0.288 0.646 0.288 0.647 0.286 0.648 0.286 0.65 0.288 0.651 0.288 0.652 0.29 0.653 0.292 0.653 0.293 0.654 0.295 0.654 0.296 0.653 0.298 0.653 0.3 0.652 0.3 0.651 0.301 0.65 0.301 0.648 0.3 0.647 0.3 0.645 0.298 0.644 0.296 0.644 0.295 0.643
0 0.173 0.638 0.172 0.639 0.171 0.639 0.17 0.64 0.169 0.64 0.166 0.642 0.166 0.643 0.165 0.644 0.165 0.645 0.164 0.646 0.164 0.651 0.165 0.652 0.165 0.653 0.166 0.654 0.166 0.655 0.169 0.657 0.17 0.657 0.171 0.658 0.171 0.659 0.17 0.659 0.17 0.664 0.171 0.665 0.171 0.666 0.172 0.667 0.172 0.668 0.175 0.67 0.176 0.67 0.177 0.671 0.178 0.671 0.179 0.672 0.184 0.672 0.185 0.671 0.188 0.671 0.189 0.67 0.19 0.67 0.193 0.668 0.193 0.667 0.194 0.666 0.194 0.665 0.195 0.664 0.195 0.659 0.194 0.659 0.194 0.657 0.193 0.656 0.193 0.655 0.19 0.653 0.189 0.653 0.188 0.652 0.188 0.652 0.189 0.651 0.189 0.646 0.188 0.645 0.188 0.644 0.186 0.643 0.186 0.642 0.183 0.64 0.182 0.64 0.181 0.639 0.179 0.639 0.178 0.638
0 0.236 0.637 0.235 0.638 0.234 0.638 0.233 0.638 0.232 0.638 0.229 0.641 0.229 0.641 0.228 0.642 0.228 0.643 0.227 0.644 0.227 0.648 0.229 0.649 0.229 0.65 0.232 0.652 0.233 0.652 0.234 0.653 0.235 0.653 0.236 0.654 0.242 0.654 0.244 0.652 0.245 0.652 0.248 0.65 0.248 0.649 0.25 0.648 0.25 0.644 0.249 0.643 0.249 0.642 0.248 0.641 0.248 0.641 0.245 0.638 0.244 0.638 0.242 0.637
0 0.121 0.635 0.12 0.636 0.117 0.636 0.108 0.642 0.108 0.645 0.107 0.645 0.107 0.651 0.108 0.652 0.108 0.653 0.117 0.659 0.12 0.659 0.121 0.66 0.128 0.66 0.129 0.659 0.131 0.659 0.14 0.653 0.14 0.652 0.141 0.651 0.141 0.645 0.14 0.645 0.14 0.642 0.131 0.636 0.129 0.636 0.128 0.635
0 0.27 0.627 0.269 0.628 0.268 0.628 0.265 0.63 0.265 0.631 0.264 0.632 0.264 0.634 0.265 0.635 0.265 0.636 0.267 0.638 0.269 0.638 0.27 0.638 0.272 0.638 0.273 0.638 0.275 0.638 0.277 0.636 0.277 0.635 0.278 0.634 0.278 0.632 0.277 0.631 0.277 0.63 0.275 0.628 0.273 0.628 0.272 0.627
0 0.246 0.623 0.245 0.624 0.244 0.624 0.241 0.627 0.241 0.627 0.24 0.628 0.24 0.63 0.241 0.631 0.241 0.632 0.243 0.634 0.245 0.634 0.246 0.634 0.248 0.634 0.249 0.634 0.251 0.634 0.253 0.632 0.253 0.631 0.254 0.63 0.254 0.628 0.253 0.627 0.253 0.626 0.251 0.624 0.249 0.624 0.248 0.623
0 0.27 0.612 0.269 0.612 0.268 0.612 0.265 0.615 0.265 0.616 0.264 0.616 0.264 0.619 0.265 0.62 0.265 0.62 0.267 0.622 0.269 0.622 0.27 0.623 0.272 0.623 0.273 0.622 0.275 0.622 0.277 0.62 0.277 0.62 0.278 0.619 0.278 0.616 0.277 0.616 0.277 0.614 0.275 0.612 0.273 0.612 0.272 0.612
0 0.214 0.6 0.212 0.601 0.211 0.601 0.21 0.602 0.209 0.602 0.205 0.605 0.204 0.605 0.203 0.604 0.197 0.604 0.196 0.605 0.194 0.605 0.193 0.605 0.192 0.605 0.189 0.608 0.189 0.609 0.188 0.609 0.188 0.61 0.186 0.611 0.186 0.616 0.188 0.616 0.188 0.617 0.189 0.618 0.189 0.619 0.192 0.621 0.193 0.621 0.194 0.622 0.196 0.622 0.197 0.623 0.203 0.623 0.204 0.622 0.205 0.622 0.206 0.621 0.208 0.621 0.211 0.619 0.211 0.618 0.212 0.617 0.219 0.617 0.221 0.616 0.222 0.616 0.225 0.613 0.225 0.612 0.227 0.611 0.227 0.607 0.226 0.606 0.226 0.605 0.225 0.605 0.225 0.604 0.222 0.602 0.221 0.602 0.219 0.6
0 0.744 0.597 0.743 0.598 0.742 0.598 0.741 0.598 0.74 0.598 0.736 0.601 0.736 0.602 0.735 0.602 0.735 0.604 0.734 0.605 0.734 0.609 0.735 0.61 0.735 0.612 0.736 0.612 0.736 0.613 0.74 0.616 0.741 0.616 0.742 0.616 0.743 0.616 0.744 0.617 0.749 0.617 0.75 0.616 0.752 0.616 0.753 0.616 0.754 0.616 0.757 0.613 0.757 0.612 0.758 0.612 0.758 0.61 0.759 0.609 0.759 0.605 0.758 0.604 0.758 0.602 0.757 0.602 0.757 0.601 0.754 0.598 0.753 0.598 0.752 0.598 0.75 0.598 0.749 0.597
0 0.245 0.573 0.244 0.574 0.243 0.574 0.242 0.575 0.241 0.575 0.238 0.577 0.238 0.578 0.236 0.579 0.236 0.58 0.235 0.58 0.235 0.584 0.238 0.586 0.238 0.587 0.241 0.589 0.242 0.589 0.243 0.59 0.244 0.59 0.245 0.591 0.25 0.591 0.252 0.589 0.253 0.589 0.256 0.587 0.256 0.586 0.258 0.584 0.258 0.58 0.257 0.58 0.257 0.579 0.256 0.578 0.256 0.577 0.253 0.575 0.252 0.575 0.25 0.573
0 0.242 0.541 0.241 0.541 0.24 0.541 0.235 0.545 0.235 0.545 0.234 0.546 0.234 0.548 0.233 0.548 0.231 0.548 0.23 0.549 0.229 0.549 0.228 0.55 0.227 0.55 0.224 0.552 0.224 0.553 0.223 0.554 0.223 0.555 0.222 0.555 0.222 0.559 0.224 0.561 0.224 0.562 0.227 0.564 0.228 0.564 0.229 0.565 0.23 0.565 0.231 0.566 0.236 0.566 0.239 0.564 0.24 0.564 0.243 0.562 0.243 0.561 0.245 0.559 0.245 0.557 0.246 0.556 0.248 0.556 0.25 0.555 0.251 0.555 0.254 0.552 0.254 0.552 0.255 0.551 0.255 0.546 0.254 0.545 0.254 0.545 0.251 0.542 0.25 0.542 0.248 0.541
0 0.743 0.538 0.742 0.538 0.741 0.538 0.74 0.539 0.739 0.539 0.735 0.541 0.735 0.542 0.734 0.543 0.734 0.545 0.733 0.545 0.733 0.55 0.734 0.551 0.734 0.552 0.735 0.553 0.735 0.554 0.739 0.556 0.74 0.556 0.741 0.557 0.742 0.557 0.743 0.558 0.748 0.558 0.749 0.557 0.751 0.557 0.752 0.556 0.753 0.556 0.756 0.554 0.756 0.553 0.757 0.552 0.757 0.551 0.758 0.55 0.758 0.545 0.757 0.545 0.757 0.543 0.756 0.542 0.756 0.541 0.753 0.539 0.752 0.539 0.751 0.538 0.749 0.538 0.748 0.538
0 0.265 0.535 0.264 0.536 0.262 0.536 0.259 0.538 0.259 0.539 0.258 0.54 0.258 0.542 0.259 0.543 0.259 0.544 0.261 0.545 0.264 0.545 0.265 0.546 0.267 0.546 0.268 0.545 0.27 0.545 0.272 0.544 0.272 0.543 0.273 0.542 0.273 0.54 0.272 0.539 0.272 0.538 0.27 0.536 0.268 0.536 0.267 0.535
0 0.256 0.508 0.255 0.509 0.254 0.509 0.253 0.509 0.252 0.509 0.249 0.512 0.249 0.512 0.248 0.513 0.248 0.514 0.247 0.515 0.247 0.519 0.249 0.52 0.249 0.521 0.252 0.523 0.253 0.523 0.254 0.524 0.253 0.525 0.251 0.525 0.25 0.524 0.248 0.524 0.247 0.525 0.246 0.525 0.243 0.527 0.243 0.528 0.242 0.529 0.242 0.531 0.243 0.532 0.243 0.533 0.245 0.534 0.247 0.534 0.248 0.535 0.25 0.535 0.251 0.534 0.253 0.534 0.255 0.533 0.255 0.532 0.256 0.531 0.256 0.529 0.255 0.528 0.255 0.527 0.253 0.525 0.254 0.524 0.255 0.524 0.256 0.525 0.261 0.525 0.264 0.523 0.265 0.523 0.268 0.521 0.268 0.52 0.27 0.519 0.27 0.515 0.269 0.514 0.269 0.513 0.268 0.512 0.268 0.512 0.265 0.509 0.264 0.509 0.261 0.508
0 0.28 0.499 0.279 0.5 0.278 0.5 0.277 0.501 0.276 0.501 0.273 0.503 0.273 0.504 0.272 0.505 0.272 0.505 0.271 0.506 0.271 0.51 0.273 0.512 0.273 0.512 0.276 0.515 0.277 0.515 0.278 0.516 0.279 0.516 0.28 0.516 0.285 0.516 0.288 0.515 0.289 0.515 0.29 0.514 0.291 0.514 0.292 0.515 0.292 0.516 0.294 0.517 0.296 0.517 0.297 0.518 0.297 0.519 0.295 0.52 0.295 0.522 0.298 0.524 0.3 0.524 0.303 0.522 0.303 0.52 0.3 0.518 0.301 0.517 0.302 0.517 0.304 0.516 0.304 0.515 0.305 0.514 0.305 0.512 0.304 0.511 0.304 0.509 0.302 0.508 0.3 0.508 0.299 0.507 0.297 0.507 0.296 0.508 0.295 0.508 0.294 0.507 0.294 0.506 0.293 0.505 0.293 0.505 0.292 0.504 0.292 0.503 0.289 0.501 0.288 0.501 0.285 0.499
0 0.683 0.497 0.682 0.498 0.681 0.498 0.679 0.499 0.679 0.5 0.678 0.501 0.678 0.502 0.679 0.503 0.679 0.504 0.681 0.505 0.682 0.505 0.683 0.506 0.685 0.506 0.686 0.505 0.688 0.505 0.69 0.504 0.69 0.503 0.691 0.502 0.691 0.501 0.69 0.5 0.69 0.499 0.688 0.498 0.686 0.498 0.685 0.497
0 0.72 0.49 0.719 0.491 0.718 0.491 0.716 0.492 0.716 0.493 0.715 0.494 0.715 0.495 0.716 0.496 0.716 0.497 0.718 0.498 0.719 0.498 0.72 0.499 0.722 0.499 0.723 0.498 0.724 0.498 0.726 0.497 0.726 0.496 0.727 0.495 0.727 0.494 0.726 0.493 0.726 0.492 0.724 0.491 0.723 0.491 0.722 0.49
0 0.319 0.488 0.318 0.489 0.317 0.489 0.314 0.491 0.314 0.492 0.312 0.493 0.312 0.495 0.314 0.496 0.314 0.497 0.316 0.498 0.318 0.498 0.319 0.499 0.321 0.499 0.322 0.498 0.324 0.498 0.326 0.497 0.326 0.496 0.327 0.495 0.327 0.493 0.326 0.492 0.326 0.491 0.324 0.489 0.322 0.489 0.321 0.488
0 0.24 0.485 0.239 0.486 0.236 0.486 0.235 0.487 0.234 0.487 0.229 0.491 0.229 0.491 0.228 0.492 0.228 0.494 0.227 0.495 0.227 0.498 0.228 0.499 0.228 0.5 0.229 0.501 0.229 0.502 0.234 0.505 0.235 0.505 0.236 0.506 0.239 0.506 0.24 0.507 0.245 0.507 0.246 0.506 0.247 0.506 0.248 0.505 0.249 0.505 0.254 0.502 0.254 0.501 0.255 0.5 0.255 0.499 0.256 0.498 0.256 0.495 0.255 0.494 0.255 0.492 0.254 0.491 0.254 0.491 0.249 0.487 0.248 0.487 0.247 0.486 0.246 0.486 0.245 0.485
0 0.781 0.473 0.78 0.474 0.779 0.474 0.778 0.475 0.777 0.475 0.774 0.477 0.774 0.478 0.773 0.479 0.773 0.48 0.771 0.482 0.77 0.481 0.77 0.48 0.767 0.478 0.766 0.478 0.765 0.477 0.762 0.477 0.761 0.477 0.756 0.477 0.755 0.477 0.754 0.477 0.753 0.478 0.752 0.478 0.749 0.48 0.749 0.481 0.748 0.482 0.748 0.484 0.747 0.484 0.747 0.489 0.748 0.49 0.748 0.491 0.749 0.492 0.749 0.493 0.752 0.495 0.753 0.495 0.754 0.496 0.755 0.496 0.756 0.497 0.761 0.497 0.762 0.496 0.765 0.496 0.766 0.495 0.767 0.495 0.77 0.493 0.77 0.492 0.771 0.491 0.771 0.49 0.773 0.488 0.774 0.489 0.774 0.49 0.777 0.492 0.778 0.492 0.779 0.493 0.78 0.493 0.781 0.494 0.786 0.494 0.788 0.493 0.79 0.493 0.791 0.492 0.792 0.492 0.795 0.49 0.795 0.489 0.796 0.488 0.796 0.487 0.797 0.486 0.797 0.481 0.796 0.48 0.796 0.479 0.795 0.478 0.795 0.477 0.792 0.475 0.791 0.475 0.79 0.474 0.788 0.474 0.786 0.473
0 0.669 0.47 0.668 0.47 0.667 0.47 0.665 0.472 0.665 0.473 0.664 0.473 0.661 0.473 0.66 0.474 0.659 0.474 0.657 0.476 0.657 0.477 0.656 0.477 0.656 0.479 0.657 0.48 0.657 0.48 0.659 0.482 0.66 0.482 0.661 0.483 0.664 0.483 0.665 0.482 0.666 0.482 0.668 0.48 0.668 0.48 0.669 0.479 0.671 0.479 0.672 0.478 0.673 0.478 0.675 0.477 0.675 0.476 0.676 0.475 0.676 0.473 0.675 0.473 0.675 0.472 0.673 0.47 0.672 0.47 0.671 0.47
0 0.357 0.467 0.356 0.468 0.355 0.468 0.352 0.47 0.352 0.471 0.351 0.472 0.351 0.474 0.352 0.475 0.352 0.476 0.354 0.477 0.356 0.477 0.357 0.478 0.359 0.478 0.36 0.477 0.362 0.477 0.365 0.476 0.365 0.475 0.366 0.474 0.366 0.472 0.365 0.471 0.365 0.47 0.362 0.468 0.36 0.468 0.359 0.467
0 0.384 0.465 0.383 0.466 0.382 0.466 0.38 0.467 0.38 0.468 0.379 0.469 0.379 0.47 0.38 0.471 0.38 0.472 0.382 0.473 0.383 0.473 0.384 0.474 0.386 0.474 0.388 0.473 0.389 0.473 0.391 0.472 0.391 0.471 0.392 0.47 0.392 0.469 0.391 0.468 0.391 0.467 0.389 0.466 0.388 0.466 0.386 0.465
0 0.698 0.456 0.697 0.457 0.696 0.457 0.694 0.459 0.694 0.459 0.693 0.46 0.693 0.462 0.694 0.462 0.694 0.463 0.696 0.465 0.697 0.465 0.698 0.466 0.697 0.466 0.696 0.466 0.695 0.467 0.694 0.467 0.692 0.469 0.692 0.47 0.691 0.47 0.691 0.472 0.692 0.473 0.692 0.473 0.694 0.475 0.695 0.475 0.696 0.476 0.698 0.476 0.699 0.475 0.7 0.475 0.702 0.473 0.702 0.473 0.703 0.472 0.703 0.47 0.702 0.47 0.702 0.469 0.7 0.467 0.699 0.467 0.698 0.466 0.699 0.466 0.7 0.466 0.701 0.465 0.702 0.465 0.704 0.463 0.704 0.462 0.705 0.462 0.706 0.462 0.706 0.464 0.707 0.465 0.707 0.466 0.709 0.467 0.71 0.467 0.711 0.468 0.714 0.468 0.715 0.467 0.716 0.467 0.718 0.466 0.718 0.465 0.719 0.464 0.719 0.462 0.718 0.462 0.718 0.461 0.716 0.459 0.715 0.459 0.714 0.459 0.711 0.459 0.71 0.459 0.709 0.459 0.707 0.461 0.707 0.462 0.706 0.462 0.705 0.462 0.705 0.46 0.704 0.459 0.704 0.459 0.702 0.457 0.701 0.457 0.7 0.456
0 0.659 0.45 0.658 0.451 0.657 0.451 0.655 0.452 0.655 0.453 0.654 0.454 0.654 0.455 0.655 0.456 0.655 0.457 0.657 0.459 0.658 0.459 0.659 0.459 0.661 0.459 0.662 0.459 0.664 0.459 0.666 0.457 0.666 0.456 0.667 0.455 0.667 0.454 0.666 0.453 0.666 0.452 0.664 0.451 0.662 0.451 0.661 0.45
0 0.624 0.45 0.623 0.451 0.622 0.451 0.619 0.453 0.618 0.453 0.617 0.454 0.616 0.454 0.614 0.455 0.614 0.456 0.612 0.457 0.612 0.459 0.614 0.459 0.614 0.46 0.616 0.462 0.617 0.462 0.618 0.462 0.62 0.462 0.621 0.462 0.622 0.462 0.625 0.459 0.626 0.459 0.627 0.459 0.628 0.459 0.63 0.457 0.63 0.456 0.631 0.455 0.631 0.454 0.63 0.453 0.63 0.452 0.628 0.451 0.627 0.451 0.626 0.45
0 0.531 0.447 0.53 0.448 0.529 0.448 0.527 0.449 0.527 0.45 0.526 0.451 0.526 0.452 0.527 0.453 0.527 0.454 0.529 0.455 0.53 0.455 0.531 0.456 0.533 0.456 0.534 0.455 0.535 0.455 0.538 0.454 0.538 0.453 0.539 0.452 0.539 0.451 0.538 0.45 0.538 0.449 0.535 0.448 0.534 0.448 0.533 0.447
0 0.55 0.444 0.549 0.445 0.548 0.445 0.546 0.446 0.546 0.447 0.545 0.448 0.545 0.449 0.546 0.45 0.546 0.451 0.548 0.452 0.549 0.452 0.55 0.453 0.552 0.453 0.553 0.452 0.554 0.452 0.556 0.451 0.556 0.45 0.557 0.449 0.557 0.448 0.556 0.447 0.556 0.446 0.554 0.445 0.553 0.445 0.552 0.444
0 0.754 0.443 0.753 0.444 0.752 0.444 0.751 0.445 0.75 0.445 0.747 0.447 0.747 0.448 0.746 0.448 0.746 0.45 0.745 0.451 0.745 0.455 0.746 0.456 0.746 0.458 0.747 0.459 0.747 0.459 0.75 0.462 0.751 0.462 0.752 0.462 0.753 0.462 0.754 0.463 0.759 0.463 0.76 0.462 0.762 0.462 0.764 0.462 0.765 0.462 0.768 0.459 0.768 0.459 0.769 0.458 0.769 0.456 0.77 0.455 0.77 0.451 0.769 0.45 0.769 0.448 0.768 0.448 0.768 0.447 0.765 0.445 0.764 0.445 0.762 0.444 0.76 0.444 0.759 0.443
0 0.629 0.44 0.628 0.441 0.627 0.441 0.625 0.442 0.625 0.443 0.624 0.444 0.624 0.445 0.625 0.446 0.625 0.447 0.627 0.448 0.628 0.448 0.629 0.449 0.631 0.449 0.632 0.448 0.633 0.448 0.635 0.447 0.635 0.446 0.636 0.445 0.636 0.444 0.635 0.443 0.635 0.442 0.633 0.441 0.632 0.441 0.631 0.44
0 0.473 0.436 0.472 0.437 0.471 0.437 0.469 0.438 0.469 0.439 0.468 0.44 0.468 0.441 0.469 0.442 0.469 0.443 0.471 0.445 0.472 0.445 0.473 0.445 0.475 0.445 0.476 0.445 0.477 0.445 0.479 0.443 0.479 0.442 0.48 0.441 0.48 0.44 0.479 0.439 0.479 0.438 0.477 0.437 0.476 0.437 0.475 0.436
0 0.452 0.436 0.451 0.437 0.45 0.437 0.448 0.438 0.448 0.439 0.447 0.44 0.447 0.441 0.448 0.442 0.448 0.443 0.446 0.445 0.445 0.445 0.443 0.446 0.443 0.447 0.442 0.448 0.442 0.449 0.443 0.45 0.443 0.451 0.445 0.452 0.446 0.452 0.447 0.453 0.449 0.453 0.45 0.452 0.451 0.452 0.453 0.451 0.453 0.45 0.454 0.449 0.454 0.448 0.453 0.447 0.453 0.446 0.455 0.445 0.456 0.445 0.458 0.443 0.458 0.442 0.459 0.441 0.459 0.44 0.458 0.439 0.458 0.438 0.456 0.437 0.455 0.437 0.454 0.436
0 0.695 0.435 0.694 0.436 0.693 0.436 0.692 0.437 0.691 0.437 0.688 0.439 0.688 0.44 0.686 0.441 0.686 0.441 0.685 0.442 0.685 0.446 0.688 0.448 0.688 0.448 0.691 0.451 0.692 0.451 0.693 0.452 0.694 0.452 0.695 0.452 0.7 0.452 0.702 0.451 0.703 0.451 0.706 0.448 0.706 0.448 0.708 0.446 0.708 0.442 0.707 0.441 0.707 0.441 0.706 0.44 0.706 0.439 0.703 0.437 0.702 0.437 0.7 0.435
0 0.531 0.429 0.53 0.43 0.529 0.43 0.527 0.431 0.527 0.432 0.526 0.433 0.524 0.431 0.523 0.431 0.522 0.43 0.52 0.43 0.519 0.431 0.518 0.431 0.516 0.433 0.516 0.434 0.515 0.434 0.515 0.436 0.516 0.437 0.516 0.438 0.518 0.439 0.519 0.439 0.52 0.44 0.522 0.44 0.523 0.439 0.524 0.439 0.526 0.438 0.526 0.437 0.527 0.436 0.529 0.438 0.53 0.438 0.531 0.438 0.533 0.438 0.534 0.438 0.535 0.438 0.538 0.436 0.538 0.435 0.539 0.434 0.539 0.433 0.538 0.432 0.538 0.431 0.535 0.43 0.534 0.43 0.533 0.429
0 0.55 0.422 0.549 0.423 0.548 0.423 0.546 0.424 0.546 0.425 0.545 0.426 0.545 0.427 0.546 0.428 0.546 0.429 0.548 0.43 0.549 0.43 0.55 0.431 0.55 0.432 0.549 0.433 0.548 0.433 0.546 0.434 0.546 0.435 0.545 0.436 0.545 0.438 0.546 0.438 0.546 0.439 0.548 0.441 0.549 0.441 0.55 0.441 0.552 0.441 0.553 0.441 0.554 0.441 0.556 0.439 0.556 0.438 0.557 0.438 0.557 0.436 0.556 0.435 0.556 0.434 0.554 0.433 0.553 0.433 0.552 0.432 0.552 0.431 0.553 0.43 0.554 0.43 0.556 0.429 0.556 0.428 0.557 0.427 0.557 0.426 0.556 0.425 0.556 0.424 0.554 0.423 0.553 0.423 0.552 0.422
0 0.756 0.42 0.755 0.421 0.754 0.421 0.753 0.422 0.752 0.422 0.749 0.424 0.749 0.425 0.748 0.426 0.748 0.427 0.747 0.428 0.747 0.433 0.748 0.434 0.748 0.435 0.749 0.436 0.749 0.437 0.752 0.439 0.753 0.439 0.754 0.44 0.755 0.44 0.756 0.441 0.761 0.441 0.762 0.44 0.765 0.44 0.766 0.439 0.767 0.439 0.77 0.437 0.77 0.436 0.771 0.435 0.771 0.434 0.772 0.433 0.772 0.428 0.771 0.427 0.771 0.426 0.77 0.425 0.77 0.424 0.767 0.422 0.766 0.422 0.765 0.421 0.762 0.421 0.761 0.42
0 0.355 0.413 0.354 0.414 0.353 0.414 0.352 0.415 0.351 0.415 0.348 0.417 0.348 0.418 0.347 0.419 0.347 0.42 0.346 0.42 0.346 0.424 0.348 0.426 0.348 0.427 0.351 0.429 0.352 0.429 0.353 0.43 0.354 0.43 0.355 0.43 0.36 0.43 0.362 0.429 0.364 0.429 0.367 0.427 0.367 0.426 0.369 0.424 0.369 0.42 0.368 0.42 0.368 0.419 0.367 0.418 0.367 0.417 0.364 0.415 0.362 0.415 0.36 0.413
0 0.377 0.412 0.376 0.413 0.375 0.413 0.373 0.415 0.373 0.416 0.372 0.416 0.372 0.418 0.373 0.419 0.373 0.42 0.375 0.421 0.376 0.421 0.377 0.422 0.379 0.422 0.38 0.421 0.381 0.421 0.383 0.42 0.383 0.419 0.384 0.418 0.384 0.416 0.383 0.416 0.383 0.415 0.381 0.413 0.38 0.413 0.379 0.412
0 0.618 0.409 0.617 0.41 0.616 0.41 0.611 0.413 0.611 0.414 0.61 0.415 0.61 0.42 0.611 0.42 0.611 0.421 0.616 0.424 0.617 0.424 0.618 0.425 0.619 0.425 0.62 0.426 0.619 0.427 0.618 0.427 0.616 0.428 0.616 0.429 0.615 0.43 0.615 0.431 0.616 0.432 0.616 0.433 0.618 0.434 0.619 0.434 0.62 0.435 0.622 0.435 0.623 0.434 0.624 0.434 0.626 0.433 0.626 0.432 0.627 0.431 0.627 0.43 0.626 0.429 0.626 0.428 0.624 0.427 0.623 0.427 0.622 0.426 0.623 0.425 0.624 0.425 0.626 0.423 0.627 0.423 0.63 0.421 0.63 0.42 0.631 0.42 0.631 0.415 0.63 0.414 0.63 0.413 0.627 0.411 0.626 0.411 0.624 0.409
0 0.394 0.407 0.393 0.408 0.392 0.408 0.39 0.409 0.39 0.41 0.389 0.411 0.389 0.412 0.39 0.413 0.39 0.414 0.392 0.416 0.393 0.416 0.394 0.416 0.394 0.417 0.393 0.418 0.392 0.418 0.39 0.42 0.39 0.42 0.389 0.421 0.389 0.423 0.39 0.423 0.39 0.424 0.392 0.426 0.393 0.426 0.394 0.427 0.396 0.427 0.397 0.426 0.398 0.426 0.4 0.424 0.4 0.423 0.401 0.423 0.401 0.421 0.4 0.42 0.4 0.42 0.398 0.418 0.397 0.418 0.396 0.417 0.396 0.416 0.397 0.416 0.398 0.416 0.4 0.414 0.4 0.413 0.401 0.412 0.401 0.411 0.4 0.41 0.4 0.409 0.398 0.408 0.397 0.408 0.396 0.407
0 0.438 0.402 0.436 0.402 0.435 0.402 0.433 0.404 0.433 0.405 0.431 0.406 0.428 0.404 0.425 0.404 0.424 0.403 0.422 0.403 0.421 0.404 0.419 0.404 0.415 0.407 0.415 0.409 0.414 0.409 0.414 0.412 0.415 0.412 0.415 0.414 0.418 0.416 0.421 0.416 0.422 0.417 0.424 0.417 0.425 0.416 0.428 0.416 0.431 0.414 0.431 0.412 0.432 0.412 0.432 0.409 0.433 0.409 0.435 0.41 0.436 0.41 0.438 0.411 0.44 0.411 0.441 0.41 0.442 0.41 0.444 0.409 0.444 0.408 0.445 0.407 0.445 0.405 0.444 0.405 0.444 0.404 0.442 0.402 0.441 0.402 0.44 0.402
0 0.658 0.401 0.657 0.402 0.656 0.402 0.655 0.402 0.654 0.402 0.651 0.405 0.651 0.405 0.65 0.406 0.65 0.407 0.649 0.408 0.649 0.412 0.651 0.413 0.651 0.414 0.65 0.415 0.649 0.415 0.648 0.414 0.646 0.414 0.645 0.415 0.644 0.415 0.642 0.416 0.642 0.417 0.641 0.418 0.641 0.42 0.642 0.42 0.642 0.421 0.644 0.423 0.645 0.423 0.646 0.423 0.648 0.423 0.649 0.423 0.65 0.423 0.652 0.421 0.652 0.42 0.653 0.42 0.653 0.418 0.652 0.417 0.652 0.416 0.653 0.416 0.654 0.416 0.655 0.416 0.656 0.417 0.657 0.417 0.658 0.418 0.664 0.418 0.666 0.416 0.667 0.416 0.67 0.414 0.67 0.413 0.672 0.412 0.672 0.408 0.671 0.407 0.671 0.406 0.67 0.405 0.67 0.405 0.667 0.402 0.666 0.402 0.664 0.401
0 0.457 0.4 0.456 0.401 0.455 0.401 0.453 0.402 0.453 0.403 0.452 0.404 0.452 0.405 0.453 0.406 0.453 0.407 0.455 0.409 0.456 0.409 0.457 0.409 0.459 0.409 0.46 0.409 0.461 0.409 0.464 0.407 0.464 0.406 0.465 0.405 0.465 0.404 0.464 0.403 0.464 0.402 0.461 0.401 0.46 0.401 0.459 0.4
0 0.48 0.398 0.479 0.399 0.478 0.399 0.476 0.401 0.476 0.402 0.475 0.402 0.475 0.404 0.476 0.405 0.476 0.405 0.475 0.406 0.474 0.405 0.473 0.405 0.472 0.405 0.47 0.405 0.469 0.405 0.468 0.405 0.466 0.407 0.466 0.408 0.465 0.409 0.465 0.41 0.466 0.411 0.466 0.412 0.468 0.413 0.469 0.413 0.47 0.414 0.472 0.414 0.473 0.413 0.474 0.413 0.476 0.412 0.476 0.411 0.477 0.41 0.477 0.409 0.476 0.408 0.476 0.407 0.477 0.406 0.478 0.407 0.479 0.407 0.48 0.408 0.482 0.408 0.483 0.407 0.484 0.407 0.486 0.405 0.486 0.405 0.488 0.404 0.488 0.402 0.486 0.402 0.486 0.401 0.484 0.399 0.483 0.399 0.482 0.398
0 0.547 0.391 0.546 0.391 0.545 0.391 0.543 0.393 0.543 0.394 0.542 0.395 0.542 0.396 0.543 0.397 0.543 0.398 0.545 0.399 0.546 0.399 0.547 0.4 0.549 0.4 0.55 0.399 0.551 0.399 0.553 0.398 0.553 0.397 0.554 0.396 0.554 0.395 0.553 0.394 0.553 0.393 0.551 0.391 0.55 0.391 0.549 0.391
0 0.532 0.39 0.531 0.391 0.53 0.391 0.528 0.392 0.528 0.393 0.526 0.395 0.525 0.394 0.525 0.393 0.523 0.391 0.522 0.391 0.521 0.391 0.519 0.391 0.518 0.391 0.517 0.391 0.514 0.394 0.511 0.394 0.51 0.395 0.509 0.395 0.506 0.397 0.505 0.397 0.504 0.396 0.502 0.396 0.501 0.397 0.5 0.397 0.498 0.398 0.498 0.399 0.497 0.4 0.497 0.402 0.498 0.402 0.498 0.403 0.5 0.405 0.501 0.405 0.502 0.405 0.504 0.405 0.505 0.405 0.506 0.405 0.509 0.402 0.51 0.402 0.511 0.403 0.514 0.403 0.515 0.402 0.516 0.402 0.519 0.4 0.521 0.4 0.522 0.399 0.523 0.399 0.525 0.398 0.525 0.397 0.527 0.395 0.528 0.396 0.528 0.397 0.53 0.398 0.531 0.398 0.532 0.399 0.534 0.399 0.535 0.398 0.536 0.398 0.539 0.397 0.539 0.396 0.54 0.395 0.54 0.394 0.539 0.393 0.539 0.392 0.536 0.391 0.535 0.391 0.534 0.39
0 0.392 0.386 0.391 0.387 0.39 0.387 0.389 0.388 0.388 0.388 0.384 0.39 0.384 0.391 0.383 0.391 0.383 0.392 0.382 0.393 0.382 0.397 0.384 0.398 0.384 0.399 0.388 0.402 0.389 0.402 0.39 0.402 0.391 0.402 0.392 0.403 0.397 0.403 0.399 0.402 0.4 0.402 0.403 0.399 0.403 0.398 0.405 0.397 0.405 0.393 0.404 0.392 0.404 0.391 0.403 0.391 0.403 0.39 0.4 0.388 0.399 0.388 0.397 0.386
0 0.446 0.379 0.445 0.38 0.444 0.38 0.443 0.38 0.442 0.38 0.439 0.383 0.439 0.384 0.438 0.384 0.438 0.385 0.436 0.386 0.436 0.39 0.439 0.391 0.439 0.392 0.442 0.395 0.443 0.395 0.444 0.395 0.445 0.395 0.446 0.396 0.451 0.396 0.453 0.395 0.454 0.395 0.457 0.392 0.457 0.391 0.459 0.39 0.459 0.386 0.458 0.385 0.458 0.384 0.457 0.384 0.457 0.383 0.454 0.38 0.453 0.38 0.451 0.379
0 0.577 0.376 0.576 0.377 0.575 0.377 0.574 0.377 0.573 0.377 0.57 0.38 0.57 0.38 0.569 0.381 0.569 0.382 0.568 0.383 0.568 0.385 0.567 0.386 0.566 0.385 0.565 0.385 0.564 0.384 0.561 0.384 0.56 0.385 0.559 0.385 0.557 0.387 0.557 0.388 0.556 0.388 0.556 0.39 0.557 0.391 0.557 0.391 0.559 0.393 0.56 0.393 0.561 0.394 0.564 0.394 0.565 0.393 0.566 0.393 0.568 0.391 0.568 0.391 0.57 0.389 0.573 0.391 0.574 0.391 0.575 0.392 0.576 0.392 0.577 0.393 0.582 0.393 0.584 0.391 0.585 0.391 0.589 0.389 0.589 0.388 0.591 0.387 0.591 0.383 0.59 0.382 0.59 0.381 0.589 0.38 0.589 0.38 0.585 0.377 0.584 0.377 0.582 0.376
0 0.486 0.373 0.485 0.373 0.484 0.373 0.483 0.374 0.482 0.374 0.479 0.377 0.479 0.377 0.478 0.378 0.478 0.379 0.477 0.38 0.477 0.384 0.479 0.385 0.479 0.386 0.482 0.388 0.483 0.388 0.484 0.389 0.485 0.389 0.486 0.39 0.492 0.39 0.494 0.388 0.495 0.388 0.498 0.386 0.498 0.385 0.5 0.384 0.5 0.38 0.499 0.379 0.499 0.378 0.498 0.377 0.498 0.377 0.495 0.374 0.494 0.374 0.492 0.373
0 0.325 0.371 0.324 0.372 0.322 0.372 0.321 0.373 0.32 0.373 0.315 0.377 0.315 0.377 0.314 0.378 0.314 0.38 0.312 0.38 0.312 0.384 0.314 0.385 0.314 0.386 0.315 0.387 0.315 0.388 0.32 0.391 0.321 0.391 0.322 0.392 0.324 0.392 0.325 0.393 0.33 0.393 0.331 0.392 0.332 0.392 0.333 0.391 0.334 0.391 0.34 0.388 0.34 0.387 0.341 0.386 0.341 0.385 0.342 0.384 0.342 0.38 0.341 0.38 0.341 0.378 0.34 0.377 0.34 0.377 0.334 0.373 0.333 0.373 0.332 0.372 0.331 0.372 0.33 0.371
0 0.51 0.37 0.509 0.371 0.507 0.371 0.503 0.374 0.503 0.376 0.502 0.377 0.502 0.379 0.503 0.38 0.503 0.381 0.506 0.384 0.509 0.384 0.51 0.384 0.512 0.384 0.514 0.384 0.517 0.384 0.52 0.381 0.52 0.38 0.521 0.379 0.523 0.379 0.524 0.38 0.526 0.38 0.527 0.379 0.528 0.379 0.53 0.377 0.53 0.377 0.531 0.376 0.531 0.374 0.53 0.373 0.53 0.373 0.528 0.371 0.527 0.371 0.526 0.37 0.524 0.37 0.523 0.371 0.522 0.371 0.52 0.373 0.519 0.373 0.517 0.371 0.514 0.371 0.512 0.37
0 0.642 0.366 0.641 0.367 0.64 0.367 0.639 0.368 0.638 0.368 0.634 0.37 0.634 0.371 0.633 0.372 0.633 0.373 0.632 0.374 0.632 0.379 0.633 0.38 0.633 0.381 0.634 0.382 0.634 0.383 0.638 0.385 0.639 0.385 0.64 0.386 0.641 0.386 0.642 0.387 0.647 0.387 0.648 0.386 0.65 0.386 0.651 0.385 0.652 0.385 0.655 0.383 0.655 0.382 0.656 0.381 0.656 0.38 0.657 0.379 0.657 0.374 0.656 0.373 0.656 0.372 0.655 0.371 0.655 0.37 0.652 0.368 0.651 0.368 0.65 0.367 0.648 0.367 0.647 0.366
0 0.606 0.361 0.605 0.362 0.604 0.362 0.6 0.365 0.6 0.366 0.599 0.366 0.599 0.371 0.6 0.372 0.6 0.373 0.604 0.376 0.605 0.376 0.606 0.377 0.612 0.377 0.615 0.375 0.616 0.375 0.619 0.373 0.619 0.372 0.62 0.371 0.62 0.366 0.619 0.366 0.619 0.365 0.616 0.362 0.615 0.362 0.612 0.361
0 0.684 0.359 0.683 0.36 0.682 0.36 0.681 0.361 0.68 0.361 0.677 0.363 0.677 0.364 0.676 0.365 0.676 0.366 0.675 0.367 0.675 0.372 0.676 0.373 0.676 0.374 0.677 0.375 0.677 0.376 0.68 0.378 0.681 0.378 0.682 0.379 0.683 0.379 0.684 0.38 0.69 0.38 0.691 0.379 0.693 0.379 0.694 0.378 0.695 0.378 0.698 0.376 0.698 0.375 0.699 0.374 0.699 0.373 0.7 0.372 0.7 0.367 0.699 0.366 0.699 0.365 0.698 0.364 0.698 0.363 0.695 0.361 0.694 0.361 0.693 0.36 0.691 0.36 0.69 0.359
0 0.368 0.359 0.367 0.359 0.366 0.359 0.365 0.36 0.364 0.36 0.36 0.362 0.36 0.363 0.359 0.364 0.359 0.365 0.358 0.366 0.358 0.37 0.36 0.371 0.36 0.372 0.364 0.374 0.365 0.374 0.366 0.375 0.367 0.375 0.368 0.376 0.373 0.376 0.375 0.374 0.376 0.374 0.379 0.372 0.379 0.371 0.381 0.37 0.381 0.366 0.38 0.365 0.38 0.364 0.379 0.363 0.379 0.362 0.376 0.36 0.375 0.36 0.373 0.359
0 0.547 0.355 0.546 0.355 0.545 0.355 0.544 0.356 0.543 0.356 0.54 0.359 0.54 0.359 0.539 0.36 0.539 0.361 0.538 0.362 0.538 0.366 0.54 0.367 0.54 0.368 0.543 0.37 0.544 0.37 0.545 0.371 0.546 0.371 0.547 0.372 0.552 0.372 0.554 0.37 0.555 0.37 0.558 0.368 0.558 0.367 0.56 0.366 0.56 0.362 0.559 0.361 0.559 0.36 0.558 0.359 0.558 0.359 0.555 0.356 0.554 0.356 0.552 0.355
0 0.538 0.337 0.536 0.338 0.535 0.338 0.534 0.338 0.533 0.338 0.53 0.341 0.53 0.341 0.529 0.342 0.529 0.343 0.528 0.344 0.528 0.348 0.53 0.349 0.53 0.35 0.533 0.352 0.534 0.352 0.535 0.353 0.536 0.353 0.538 0.354 0.543 0.354 0.545 0.352 0.546 0.352 0.549 0.35 0.549 0.349 0.551 0.348 0.551 0.344 0.55 0.343 0.55 0.342 0.549 0.341 0.549 0.341 0.546 0.338 0.545 0.338 0.543 0.337
0 0.601 0.331 0.6 0.332 0.599 0.332 0.598 0.333 0.597 0.333 0.594 0.335 0.594 0.336 0.593 0.337 0.593 0.338 0.592 0.339 0.592 0.344 0.593 0.345 0.593 0.346 0.594 0.347 0.594 0.348 0.597 0.35 0.598 0.35 0.599 0.351 0.6 0.351 0.601 0.352 0.606 0.352 0.607 0.351 0.609 0.351 0.61 0.35 0.611 0.35 0.615 0.348 0.615 0.347 0.616 0.346 0.616 0.345 0.617 0.344 0.617 0.339 0.616 0.338 0.616 0.337 0.615 0.336 0.615 0.335 0.611 0.333 0.61 0.333 0.609 0.332 0.607 0.332 0.606 0.331
0 0.562 0.321 0.561 0.322 0.56 0.322 0.559 0.323 0.558 0.323 0.555 0.325 0.555 0.326 0.554 0.327 0.554 0.328 0.553 0.329 0.553 0.334 0.554 0.334 0.554 0.336 0.555 0.337 0.555 0.338 0.558 0.34 0.559 0.34 0.56 0.341 0.561 0.341 0.562 0.341 0.568 0.341 0.569 0.341 0.571 0.341 0.572 0.34 0.573 0.34 0.576 0.338 0.576 0.337 0.577 0.336 0.577 0.334 0.578 0.334 0.578 0.329 0.577 0.328 0.577 0.327 0.576 0.326 0.576 0.325 0.573 0.323 0.572 0.323 0.571 0.322 0.569 0.322 0.568 0.321
0 0.519 0.319 0.518 0.32 0.517 0.32 0.516 0.32 0.515 0.32 0.511 0.323 0.511 0.323 0.51 0.324 0.51 0.326 0.509 0.327 0.509 0.331 0.51 0.332 0.51 0.334 0.511 0.334 0.511 0.335 0.515 0.338 0.516 0.338 0.517 0.338 0.518 0.338 0.519 0.339 0.524 0.339 0.525 0.338 0.527 0.338 0.528 0.338 0.529 0.338 0.532 0.335 0.532 0.334 0.533 0.334 0.533 0.332 0.534 0.331 0.534 0.327 0.533 0.326 0.533 0.324 0.532 0.323 0.532 0.323 0.529 0.32 0.528 0.32 0.527 0.32 0.525 0.32 0.524 0.319
