6 0.261 0.791 0.26 0.792 0.258 0.792 0.254 0.795 0.254 0.797 0.253 0.798 0.253 0.8 0.254 0.801 0.254 0.802 0.257 0.805 0.26 0.805 0.261 0.805 0.264 0.805 0.265 0.805 0.268 0.805 0.271 0.802 0.271 0.801 0.272 0.8 0.272 0.798 0.271 0.797 0.271 0.795 0.268 0.792 0.265 0.792 0.264 0.791
6 0.372 0.729 0.371 0.73 0.369 0.73 0.365 0.733 0.365 0.734 0.364 0.735 0.364 0.738 0.365 0.738 0.365 0.74 0.368 0.742 0.371 0.742 0.372 0.743 0.374 0.743 0.375 0.742 0.378 0.742 0.381 0.74 0.381 0.738 0.382 0.738 0.382 0.735 0.381 0.734 0.381 0.732 0.378 0.73 0.375 0.73 0.374 0.729
6 0.617 0.686 0.616 0.687 0.614 0.687 0.609 0.69 0.609 0.691 0.608 0.692 0.608 0.695 0.609 0.695 0.609 0.697 0.612 0.699 0.616 0.699 0.617 0.7 0.619 0.7 0.62 0.699 0.623 0.699 0.626 0.697 0.626 0.695 0.627 0.695 0.627 0.692 0.626 0.691 0.626 0.689 0.623 0.687 0.62 0.687 0.619 0.686
6 0.485 0.656 0.484 0.657 0.482 0.657 0.478 0.66 0.478 0.662 0.477 0.662 0.477 0.665 0.478 0.666 0.478 0.667 0.481 0.67 0.484 0.67 0.485 0.67 0.488 0.67 0.489 0.67 0.492 0.67 0.495 0.667 0.495 0.666 0.496 0.665 0.496 0.662 0.495 0.662 0.495 0.659 0.492 0.657 0.489 0.657 0.488 0.656
6 0.67 0.646 0.669 0.647 0.667 0.647 0.662 0.65 0.662 0.652 0.661 0.652 0.661 0.655 0.662 0.655 0.662 0.657 0.666 0.659 0.669 0.659 0.67 0.66 0.672 0.66 0.673 0.659 0.676 0.659 0.679 0.657 0.679 0.655 0.68 0.655 0.68 0.652 0.679 0.652 0.679 0.649 0.676 0.647 0.673 0.647 0.672 0.646
6 0.695 0.634 0.694 0.634 0.692 0.634 0.688 0.638 0.688 0.639 0.686 0.64 0.686 0.642 0.688 0.643 0.688 0.645 0.691 0.647 0.694 0.647 0.695 0.648 0.697 0.648 0.698 0.647 0.701 0.647 0.704 0.645 0.704 0.643 0.705 0.642 0.705 0.64 0.704 0.639 0.704 0.637 0.701 0.634 0.698 0.634 0.697 0.634
6 0.407 0.627 0.406 0.627 0.404 0.627 0.4 0.63 0.4 0.632 0.399 0.633 0.399 0.635 0.4 0.636 0.4 0.638 0.403 0.64 0.406 0.64 0.407 0.641 0.409 0.641 0.41 0.64 0.414 0.64 0.417 0.638 0.417 0.636 0.418 0.635 0.418 0.633 0.417 0.632 0.417 0.63 0.414 0.627 0.41 0.627 0.409 0.627
6 0.393 0.615 0.392 0.616 0.39 0.616 0.385 0.619 0.385 0.62 0.384 0.621 0.384 0.623 0.385 0.624 0.385 0.626 0.389 0.628 0.392 0.628 0.393 0.629 0.395 0.629 0.396 0.628 0.399 0.628 0.402 0.626 0.402 0.624 0.403 0.623 0.403 0.621 0.402 0.62 0.402 0.618 0.399 0.616 0.396 0.616 0.395 0.615
6 0.538 0.598 0.536 0.599 0.534 0.599 0.53 0.602 0.53 0.604 0.529 0.605 0.529 0.607 0.53 0.608 0.53 0.609 0.533 0.612 0.536 0.612 0.538 0.612 0.54 0.612 0.541 0.612 0.544 0.612 0.547 0.609 0.547 0.608 0.548 0.607 0.548 0.605 0.547 0.604 0.547 0.602 0.544 0.599 0.541 0.599 0.54 0.598
6 0.251 0.597 0.25 0.598 0.248 0.598 0.244 0.601 0.244 0.602 0.243 0.603 0.243 0.605 0.244 0.606 0.244 0.608 0.247 0.61 0.25 0.61 0.251 0.611 0.253 0.611 0.254 0.61 0.257 0.61 0.26 0.608 0.26 0.606 0.261 0.605 0.261 0.603 0.26 0.602 0.26 0.6 0.257 0.598 0.254 0.598 0.253 0.597
6 0.118 0.595 0.117 0.596 0.115 0.596 0.11 0.599 0.11 0.601 0.109 0.602 0.109 0.604 0.11 0.605 0.11 0.606 0.114 0.609 0.117 0.609 0.118 0.609 0.12 0.609 0.121 0.609 0.124 0.609 0.127 0.606 0.127 0.605 0.128 0.604 0.128 0.602 0.127 0.601 0.127 0.598 0.124 0.596 0.121 0.596 0.12 0.595
6 0.424 0.588 0.423 0.589 0.421 0.589 0.417 0.592 0.417 0.594 0.416 0.595 0.416 0.597 0.417 0.598 0.417 0.599 0.42 0.602 0.423 0.602 0.424 0.602 0.426 0.602 0.427 0.602 0.43 0.602 0.433 0.599 0.433 0.598 0.434 0.597 0.434 0.595 0.433 0.594 0.433 0.591 0.43 0.589 0.427 0.589 0.426 0.588
6 0.368 0.582 0.367 0.583 0.365 0.583 0.36 0.586 0.36 0.588 0.359 0.588 0.359 0.591 0.36 0.591 0.36 0.593 0.364 0.595 0.367 0.595 0.368 0.596 0.37 0.596 0.371 0.595 0.374 0.595 0.377 0.593 0.377 0.591 0.378 0.591 0.378 0.588 0.377 0.588 0.377 0.585 0.374 0.583 0.371 0.583 0.37 0.582
6 0.343 0.577 0.342 0.577 0.34 0.577 0.335 0.58 0.335 0.582 0.334 0.583 0.334 0.585 0.333 0.586 0.332 0.585 0.332 0.583 0.329 0.58 0.326 0.58 0.325 0.58 0.323 0.58 0.322 0.58 0.32 0.58 0.316 0.584 0.316 0.585 0.315 0.586 0.315 0.588 0.316 0.589 0.316 0.591 0.319 0.593 0.322 0.593 0.323 0.594 0.325 0.594 0.326 0.593 0.329 0.593 0.332 0.591 0.332 0.589 0.333 0.588 0.333 0.586 0.334 0.585 0.335 0.586 0.335 0.588 0.339 0.59 0.342 0.59 0.343 0.591 0.345 0.591 0.346 0.59 0.349 0.59 0.352 0.588 0.352 0.586 0.353 0.585 0.353 0.583 0.352 0.582 0.352 0.58 0.349 0.577 0.346 0.577 0.345 0.577
6 0.57 0.57 0.569 0.57 0.567 0.57 0.562 0.573 0.562 0.575 0.561 0.576 0.561 0.578 0.562 0.579 0.562 0.58 0.566 0.583 0.569 0.583 0.57 0.584 0.572 0.584 0.573 0.583 0.576 0.583 0.579 0.58 0.579 0.579 0.58 0.578 0.58 0.576 0.579 0.575 0.579 0.573 0.576 0.57 0.573 0.57 0.572 0.57
6 0.248 0.555 0.247 0.556 0.245 0.556 0.241 0.559 0.241 0.561 0.24 0.562 0.24 0.564 0.241 0.565 0.241 0.566 0.244 0.569 0.247 0.569 0.248 0.57 0.25 0.57 0.251 0.569 0.254 0.569 0.257 0.566 0.257 0.565 0.258 0.564 0.258 0.562 0.257 0.561 0.257 0.559 0.254 0.556 0.251 0.556 0.25 0.555
6 0.277 0.544 0.276 0.545 0.274 0.545 0.27 0.548 0.27 0.549 0.269 0.55 0.269 0.552 0.27 0.553 0.27 0.555 0.273 0.557 0.276 0.557 0.277 0.558 0.279 0.558 0.28 0.557 0.283 0.557 0.286 0.555 0.286 0.553 0.288 0.552 0.288 0.55 0.286 0.549 0.286 0.547 0.283 0.545 0.28 0.545 0.279 0.544
6 0.251 0.537 0.25 0.538 0.248 0.538 0.244 0.541 0.244 0.542 0.243 0.543 0.243 0.545 0.244 0.546 0.244 0.548 0.247 0.55 0.25 0.55 0.251 0.551 0.253 0.551 0.254 0.55 0.257 0.55 0.26 0.548 0.26 0.546 0.261 0.545 0.261 0.543 0.26 0.542 0.26 0.54 0.257 0.538 0.254 0.538 0.253 0.537
6 0.465 0.534 0.464 0.535 0.461 0.535 0.457 0.538 0.457 0.54 0.456 0.541 0.456 0.543 0.457 0.544 0.457 0.545 0.46 0.548 0.464 0.548 0.465 0.548 0.467 0.548 0.468 0.548 0.471 0.548 0.474 0.545 0.474 0.544 0.475 0.543 0.475 0.541 0.474 0.54 0.474 0.538 0.471 0.535 0.468 0.535 0.467 0.534
6 0.378 0.515 0.377 0.516 0.375 0.516 0.371 0.519 0.371 0.52 0.37 0.521 0.37 0.523 0.371 0.524 0.371 0.526 0.374 0.528 0.377 0.528 0.378 0.529 0.38 0.529 0.381 0.528 0.384 0.528 0.388 0.526 0.388 0.524 0.389 0.523 0.389 0.521 0.388 0.52 0.388 0.518 0.384 0.516 0.381 0.516 0.38 0.515
6 0.135 0.51 0.134 0.511 0.132 0.511 0.128 0.514 0.128 0.516 0.127 0.516 0.127 0.519 0.128 0.52 0.128 0.521 0.131 0.523 0.134 0.523 0.135 0.524 0.138 0.524 0.139 0.523 0.142 0.523 0.145 0.521 0.145 0.52 0.146 0.519 0.146 0.516 0.145 0.516 0.145 0.513 0.142 0.511 0.139 0.511 0.138 0.51
6 0.301 0.495 0.3 0.495 0.298 0.495 0.294 0.498 0.294 0.5 0.293 0.501 0.293 0.503 0.294 0.504 0.294 0.505 0.297 0.508 0.3 0.508 0.301 0.509 0.303 0.509 0.304 0.508 0.307 0.508 0.31 0.505 0.31 0.504 0.311 0.503 0.311 0.501 0.31 0.5 0.31 0.498 0.307 0.495 0.304 0.495 0.303 0.495
6 0.398 0.492 0.397 0.493 0.395 0.493 0.391 0.496 0.391 0.498 0.39 0.498 0.39 0.5 0.389 0.501 0.388 0.5 0.384 0.5 0.383 0.499 0.381 0.499 0.38 0.5 0.378 0.5 0.374 0.503 0.374 0.505 0.373 0.505 0.373 0.508 0.374 0.509 0.374 0.51 0.377 0.512 0.38 0.512 0.381 0.513 0.383 0.513 0.384 0.512 0.388 0.512 0.391 0.51 0.391 0.509 0.392 0.508 0.392 0.505 0.393 0.505 0.394 0.505 0.397 0.505 0.398 0.506 0.4 0.506 0.401 0.505 0.404 0.505 0.407 0.503 0.407 0.502 0.408 0.501 0.408 0.498 0.407 0.498 0.407 0.495 0.404 0.493 0.401 0.493 0.4 0.492
6 0.336 0.487 0.335 0.488 0.333 0.488 0.329 0.491 0.329 0.492 0.328 0.493 0.328 0.495 0.329 0.496 0.329 0.498 0.332 0.5 0.335 0.5 0.336 0.501 0.339 0.501 0.34 0.5 0.343 0.5 0.346 0.498 0.346 0.496 0.347 0.495 0.347 0.493 0.346 0.492 0.346 0.49 0.343 0.488 0.34 0.488 0.339 0.487
6 0.532 0.481 0.531 0.482 0.529 0.482 0.525 0.485 0.525 0.487 0.524 0.488 0.524 0.49 0.525 0.491 0.525 0.492 0.528 0.495 0.531 0.495 0.532 0.495 0.534 0.495 0.535 0.495 0.539 0.495 0.542 0.492 0.542 0.491 0.543 0.49 0.543 0.488 0.542 0.487 0.542 0.484 0.539 0.482 0.535 0.482 0.534 0.481
6 0.484 0.481 0.483 0.482 0.481 0.482 0.477 0.485 0.477 0.487 0.476 0.488 0.476 0.49 0.477 0.491 0.477 0.492 0.48 0.495 0.483 0.495 0.484 0.495 0.486 0.495 0.488 0.495 0.491 0.495 0.492 0.494 0.493 0.495 0.493 0.495 0.494 0.496 0.494 0.498 0.497 0.5 0.5 0.5 0.501 0.501 0.503 0.501 0.504 0.5 0.507 0.5 0.51 0.498 0.51 0.496 0.511 0.495 0.511 0.493 0.51 0.492 0.51 0.49 0.507 0.488 0.504 0.488 0.503 0.487 0.501 0.487 0.5 0.488 0.498 0.488 0.496 0.489 0.495 0.488 0.495 0.488 0.494 0.487 0.494 0.484 0.491 0.482 0.488 0.482 0.486 0.481
6 0.367 0.48 0.366 0.481 0.364 0.481 0.359 0.484 0.359 0.486 0.358 0.487 0.358 0.489 0.359 0.49 0.359 0.491 0.362 0.494 0.366 0.494 0.367 0.495 0.369 0.495 0.37 0.494 0.373 0.494 0.376 0.491 0.376 0.49 0.377 0.489 0.377 0.487 0.376 0.486 0.376 0.484 0.373 0.481 0.37 0.481 0.369 0.48
6 0.464 0.45 0.462 0.451 0.46 0.451 0.456 0.454 0.456 0.455 0.455 0.456 0.455 0.459 0.456 0.459 0.456 0.461 0.459 0.463 0.462 0.463 0.464 0.464 0.466 0.464 0.467 0.463 0.47 0.463 0.473 0.461 0.473 0.459 0.474 0.459 0.474 0.456 0.473 0.455 0.473 0.453 0.47 0.451 0.467 0.451 0.466 0.45
6 0.414 0.448 0.412 0.449 0.41 0.449 0.407 0.452 0.406 0.451 0.403 0.451 0.402 0.45 0.4 0.45 0.399 0.451 0.397 0.451 0.393 0.454 0.393 0.455 0.392 0.456 0.392 0.459 0.393 0.459 0.393 0.461 0.396 0.463 0.399 0.463 0.4 0.464 0.402 0.464 0.403 0.463 0.406 0.463 0.408 0.462 0.412 0.462 0.414 0.462 0.416 0.462 0.417 0.462 0.42 0.462 0.423 0.459 0.423 0.458 0.424 0.457 0.424 0.455 0.423 0.454 0.423 0.452 0.42 0.449 0.417 0.449 0.416 0.448
6 0.35 0.439 0.349 0.44 0.347 0.44 0.343 0.443 0.343 0.445 0.342 0.445 0.342 0.448 0.343 0.448 0.343 0.45 0.346 0.452 0.349 0.452 0.35 0.453 0.352 0.453 0.353 0.452 0.356 0.452 0.359 0.45 0.359 0.448 0.36 0.448 0.36 0.445 0.359 0.445 0.359 0.442 0.356 0.44 0.353 0.44 0.352 0.439
6 0.449 0.436 0.448 0.437 0.446 0.437 0.442 0.44 0.442 0.441 0.441 0.442 0.441 0.445 0.442 0.445 0.442 0.447 0.445 0.449 0.448 0.449 0.449 0.45 0.451 0.45 0.452 0.449 0.455 0.449 0.458 0.447 0.458 0.445 0.459 0.445 0.459 0.442 0.458 0.441 0.458 0.439 0.455 0.437 0.452 0.437 0.451 0.436
6 0.375 0.425 0.374 0.426 0.372 0.426 0.368 0.429 0.368 0.43 0.367 0.431 0.367 0.434 0.368 0.434 0.368 0.436 0.371 0.438 0.374 0.438 0.375 0.439 0.377 0.439 0.378 0.438 0.381 0.438 0.384 0.436 0.384 0.434 0.385 0.434 0.385 0.431 0.384 0.43 0.384 0.428 0.381 0.426 0.378 0.426 0.377 0.425
6 0.252 0.411 0.251 0.412 0.249 0.412 0.245 0.415 0.245 0.416 0.244 0.417 0.244 0.42 0.245 0.42 0.245 0.422 0.248 0.424 0.251 0.424 0.252 0.425 0.254 0.425 0.255 0.424 0.258 0.424 0.261 0.422 0.261 0.42 0.262 0.42 0.262 0.417 0.261 0.416 0.261 0.414 0.258 0.412 0.255 0.412 0.254 0.411
6 0.295 0.408 0.294 0.409 0.292 0.409 0.288 0.412 0.288 0.413 0.286 0.414 0.286 0.416 0.288 0.417 0.288 0.419 0.291 0.421 0.294 0.421 0.295 0.422 0.297 0.422 0.298 0.421 0.301 0.421 0.304 0.419 0.304 0.417 0.305 0.416 0.305 0.414 0.304 0.413 0.304 0.411 0.301 0.409 0.298 0.409 0.297 0.408
6 0.49 0.392 0.489 0.393 0.486 0.393 0.482 0.396 0.482 0.398 0.481 0.398 0.481 0.401 0.482 0.402 0.482 0.403 0.485 0.405 0.489 0.405 0.49 0.406 0.492 0.406 0.493 0.405 0.496 0.405 0.499 0.403 0.499 0.402 0.5 0.401 0.5 0.398 0.499 0.398 0.499 0.395 0.496 0.393 0.493 0.393 0.492 0.392
6 0.254 0.392 0.253 0.393 0.251 0.393 0.247 0.396 0.247 0.398 0.246 0.398 0.246 0.401 0.247 0.402 0.247 0.403 0.25 0.405 0.253 0.405 0.254 0.406 0.256 0.406 0.257 0.405 0.26 0.405 0.264 0.403 0.264 0.402 0.265 0.401 0.265 0.398 0.264 0.398 0.264 0.395 0.26 0.393 0.257 0.393 0.256 0.392
6 0.433 0.371 0.432 0.372 0.43 0.372 0.426 0.375 0.426 0.377 0.425 0.377 0.425 0.38 0.426 0.38 0.426 0.382 0.429 0.384 0.432 0.384 0.433 0.385 0.435 0.385 0.436 0.384 0.44 0.384 0.443 0.382 0.443 0.38 0.444 0.38 0.444 0.377 0.443 0.377 0.443 0.374 0.44 0.372 0.436 0.372 0.435 0.371
