7 0.467 0.737 0.466 0.738 0.464 0.738 0.461 0.739 0.46 0.739 0.456 0.742 0.455 0.742 0.455 0.743 0.454 0.744 0.454 0.745 0.453 0.745 0.453 0.746 0.452 0.747 0.452 0.748 0.451 0.749 0.451 0.755 0.452 0.756 0.452 0.758 0.453 0.759 0.453 0.759 0.454 0.76 0.454 0.761 0.455 0.762 0.455 0.762 0.456 0.763 0.457 0.763 0.46 0.766 0.461 0.766 0.464 0.767 0.466 0.767 0.467 0.768 0.474 0.768 0.475 0.767 0.477 0.767 0.478 0.766 0.48 0.766 0.481 0.766 0.482 0.766 0.483 0.765 0.483 0.764 0.484 0.763 0.485 0.763 0.486 0.762 0.486 0.762 0.488 0.761 0.488 0.76 0.489 0.759 0.489 0.759 0.49 0.758 0.49 0.756 0.491 0.755 0.491 0.749 0.49 0.748 0.49 0.747 0.489 0.746 0.489 0.745 0.488 0.745 0.488 0.744 0.486 0.743 0.486 0.742 0.485 0.742 0.483 0.741 0.483 0.74 0.482 0.739 0.481 0.739 0.48 0.738 0.478 0.738 0.477 0.738 0.475 0.738 0.474 0.737
7 0.371 0.684 0.37 0.685 0.368 0.685 0.366 0.687 0.365 0.687 0.36 0.69 0.359 0.69 0.359 0.691 0.358 0.691 0.358 0.692 0.357 0.693 0.357 0.694 0.356 0.695 0.356 0.696 0.355 0.697 0.355 0.703 0.356 0.704 0.356 0.705 0.357 0.706 0.357 0.707 0.358 0.708 0.358 0.709 0.359 0.709 0.359 0.71 0.36 0.711 0.361 0.711 0.365 0.713 0.366 0.713 0.368 0.715 0.37 0.715 0.371 0.716 0.378 0.716 0.379 0.715 0.381 0.715 0.382 0.714 0.384 0.714 0.385 0.713 0.386 0.713 0.388 0.712 0.388 0.712 0.389 0.711 0.39 0.711 0.391 0.71 0.391 0.709 0.392 0.709 0.392 0.708 0.393 0.707 0.393 0.706 0.394 0.705 0.394 0.704 0.395 0.703 0.395 0.697 0.394 0.696 0.394 0.695 0.393 0.694 0.393 0.693 0.392 0.692 0.392 0.691 0.391 0.691 0.391 0.69 0.39 0.69 0.388 0.688 0.388 0.688 0.386 0.687 0.385 0.687 0.384 0.686 0.382 0.686 0.381 0.685 0.379 0.685 0.378 0.684
7 0.284 0.666 0.283 0.666 0.281 0.666 0.279 0.668 0.278 0.668 0.274 0.671 0.273 0.671 0.273 0.672 0.272 0.673 0.272 0.673 0.271 0.674 0.271 0.675 0.27 0.676 0.27 0.677 0.269 0.678 0.269 0.684 0.27 0.685 0.27 0.687 0.271 0.688 0.271 0.688 0.272 0.689 0.272 0.69 0.273 0.691 0.273 0.691 0.274 0.692 0.275 0.692 0.278 0.695 0.279 0.695 0.281 0.696 0.283 0.696 0.284 0.697 0.292 0.697 0.293 0.696 0.295 0.696 0.296 0.695 0.298 0.695 0.299 0.695 0.3 0.695 0.301 0.694 0.301 0.693 0.302 0.692 0.303 0.692 0.304 0.691 0.304 0.691 0.305 0.69 0.305 0.689 0.306 0.688 0.306 0.688 0.307 0.687 0.307 0.685 0.308 0.684 0.308 0.678 0.307 0.677 0.307 0.676 0.306 0.675 0.306 0.674 0.305 0.673 0.305 0.673 0.304 0.672 0.304 0.671 0.303 0.671 0.301 0.67 0.301 0.669 0.3 0.668 0.299 0.668 0.298 0.667 0.296 0.667 0.295 0.666 0.293 0.666 0.292 0.666
7 0.581 0.598 0.58 0.599 0.579 0.599 0.578 0.6 0.577 0.6 0.575 0.602 0.575 0.602 0.574 0.603 0.574 0.604 0.573 0.605 0.573 0.609 0.574 0.61 0.574 0.611 0.576 0.612 0.576 0.613 0.577 0.614 0.578 0.614 0.579 0.615 0.58 0.615 0.581 0.616 0.585 0.616 0.586 0.615 0.588 0.615 0.589 0.614 0.59 0.614 0.591 0.613 0.591 0.612 0.593 0.611 0.593 0.61 0.594 0.609 0.594 0.605 0.593 0.604 0.593 0.603 0.592 0.602 0.592 0.602 0.59 0.6 0.589 0.6 0.588 0.599 0.586 0.599 0.585 0.598
7 0.672 0.595 0.671 0.595 0.67 0.595 0.669 0.596 0.668 0.596 0.666 0.598 0.666 0.598 0.665 0.599 0.665 0.6 0.664 0.601 0.664 0.605 0.665 0.606 0.665 0.607 0.667 0.609 0.667 0.609 0.668 0.61 0.669 0.61 0.67 0.611 0.671 0.611 0.672 0.612 0.676 0.612 0.677 0.611 0.678 0.611 0.679 0.61 0.68 0.61 0.681 0.609 0.681 0.609 0.683 0.607 0.683 0.606 0.684 0.605 0.684 0.601 0.683 0.6 0.683 0.599 0.682 0.598 0.682 0.598 0.68 0.596 0.679 0.596 0.678 0.595 0.677 0.595 0.676 0.595
7 0.525 0.59 0.524 0.591 0.523 0.591 0.522 0.591 0.521 0.591 0.519 0.593 0.519 0.594 0.518 0.595 0.518 0.595 0.517 0.596 0.517 0.601 0.518 0.602 0.518 0.602 0.52 0.604 0.52 0.605 0.521 0.605 0.522 0.605 0.523 0.606 0.524 0.606 0.525 0.607 0.529 0.607 0.53 0.606 0.531 0.606 0.532 0.605 0.533 0.605 0.534 0.605 0.534 0.604 0.536 0.602 0.536 0.602 0.538 0.601 0.538 0.596 0.536 0.595 0.536 0.595 0.535 0.594 0.535 0.593 0.533 0.591 0.532 0.591 0.531 0.591 0.53 0.591 0.529 0.59
7 0.588 0.58 0.586 0.581 0.585 0.581 0.584 0.582 0.583 0.582 0.581 0.584 0.581 0.584 0.58 0.585 0.58 0.586 0.579 0.587 0.579 0.591 0.58 0.592 0.58 0.593 0.582 0.595 0.582 0.595 0.583 0.596 0.584 0.596 0.585 0.597 0.586 0.597 0.588 0.598 0.592 0.598 0.593 0.597 0.594 0.597 0.595 0.596 0.596 0.596 0.597 0.595 0.597 0.595 0.599 0.593 0.599 0.592 0.6 0.591 0.6 0.587 0.599 0.586 0.599 0.585 0.598 0.584 0.598 0.584 0.596 0.582 0.595 0.582 0.594 0.581 0.593 0.581 0.592 0.58
7 0.729 0.572 0.728 0.573 0.727 0.573 0.726 0.573 0.725 0.573 0.723 0.575 0.723 0.576 0.722 0.577 0.722 0.577 0.721 0.578 0.721 0.583 0.722 0.584 0.722 0.584 0.724 0.586 0.724 0.587 0.725 0.588 0.726 0.588 0.727 0.588 0.728 0.588 0.729 0.589 0.733 0.589 0.734 0.588 0.735 0.588 0.736 0.588 0.738 0.588 0.739 0.587 0.739 0.586 0.741 0.584 0.741 0.584 0.742 0.583 0.742 0.578 0.741 0.577 0.741 0.577 0.74 0.576 0.74 0.575 0.738 0.573 0.736 0.573 0.735 0.573 0.734 0.573 0.733 0.572
7 0.647 0.572 0.646 0.573 0.645 0.573 0.644 0.573 0.643 0.573 0.641 0.575 0.641 0.576 0.64 0.577 0.64 0.577 0.639 0.578 0.639 0.583 0.64 0.584 0.64 0.584 0.642 0.586 0.642 0.587 0.643 0.588 0.644 0.588 0.645 0.588 0.646 0.588 0.647 0.589 0.651 0.589 0.652 0.588 0.653 0.588 0.654 0.588 0.655 0.588 0.656 0.587 0.656 0.586 0.658 0.584 0.658 0.584 0.659 0.583 0.659 0.578 0.658 0.577 0.658 0.577 0.657 0.576 0.657 0.575 0.655 0.573 0.654 0.573 0.653 0.573 0.652 0.573 0.651 0.572
7 0.519 0.572 0.518 0.573 0.517 0.573 0.516 0.573 0.515 0.573 0.512 0.575 0.512 0.576 0.511 0.577 0.511 0.577 0.51 0.578 0.51 0.583 0.511 0.584 0.511 0.584 0.514 0.586 0.514 0.587 0.515 0.588 0.516 0.588 0.517 0.588 0.518 0.588 0.519 0.589 0.523 0.589 0.524 0.588 0.525 0.588 0.526 0.588 0.527 0.588 0.528 0.587 0.528 0.586 0.53 0.584 0.53 0.584 0.531 0.583 0.531 0.578 0.53 0.577 0.53 0.577 0.529 0.576 0.529 0.575 0.527 0.573 0.526 0.573 0.525 0.573 0.524 0.573 0.523 0.572
7 0.677 0.566 0.676 0.567 0.675 0.567 0.674 0.568 0.673 0.568 0.671 0.57 0.671 0.57 0.67 0.571 0.67 0.572 0.669 0.573 0.669 0.577 0.67 0.578 0.67 0.579 0.672 0.58 0.672 0.581 0.673 0.582 0.674 0.582 0.675 0.583 0.676 0.583 0.677 0.584 0.681 0.584 0.682 0.583 0.683 0.583 0.684 0.582 0.685 0.582 0.686 0.581 0.686 0.58 0.689 0.579 0.689 0.578 0.69 0.577 0.69 0.573 0.689 0.572 0.689 0.571 0.688 0.57 0.688 0.57 0.685 0.568 0.684 0.568 0.683 0.567 0.682 0.567 0.681 0.566
7 0.484 0.563 0.483 0.564 0.482 0.564 0.481 0.565 0.48 0.565 0.478 0.566 0.478 0.567 0.477 0.568 0.477 0.569 0.476 0.57 0.476 0.574 0.477 0.575 0.477 0.576 0.479 0.577 0.479 0.578 0.48 0.579 0.481 0.579 0.482 0.58 0.483 0.58 0.484 0.58 0.489 0.58 0.49 0.58 0.491 0.58 0.492 0.579 0.493 0.579 0.494 0.578 0.494 0.577 0.496 0.576 0.496 0.575 0.497 0.574 0.497 0.57 0.496 0.569 0.496 0.568 0.495 0.567 0.495 0.566 0.493 0.565 0.492 0.565 0.491 0.564 0.49 0.564 0.489 0.563
7 0.585 0.562 0.584 0.562 0.583 0.562 0.582 0.563 0.581 0.563 0.579 0.565 0.579 0.566 0.578 0.566 0.578 0.567 0.577 0.568 0.577 0.573 0.578 0.573 0.578 0.574 0.58 0.576 0.58 0.577 0.581 0.577 0.582 0.577 0.583 0.578 0.584 0.578 0.585 0.579 0.59 0.579 0.591 0.578 0.592 0.578 0.593 0.577 0.594 0.577 0.595 0.577 0.595 0.576 0.597 0.574 0.597 0.573 0.598 0.573 0.598 0.568 0.597 0.567 0.597 0.566 0.596 0.566 0.596 0.565 0.594 0.563 0.593 0.563 0.592 0.562 0.591 0.562 0.59 0.562
7 0.665 0.549 0.664 0.55 0.662 0.55 0.661 0.551 0.66 0.551 0.658 0.552 0.658 0.553 0.657 0.554 0.657 0.555 0.656 0.555 0.656 0.56 0.657 0.561 0.657 0.562 0.659 0.563 0.659 0.564 0.66 0.565 0.661 0.565 0.662 0.566 0.664 0.566 0.665 0.566 0.669 0.566 0.67 0.566 0.671 0.566 0.672 0.565 0.673 0.565 0.674 0.564 0.674 0.563 0.676 0.562 0.676 0.561 0.677 0.56 0.677 0.555 0.676 0.555 0.676 0.554 0.675 0.553 0.675 0.552 0.673 0.551 0.672 0.551 0.671 0.55 0.67 0.55 0.669 0.549
7 0.548 0.549 0.547 0.55 0.546 0.55 0.545 0.551 0.544 0.551 0.542 0.552 0.542 0.553 0.541 0.554 0.541 0.555 0.54 0.555 0.54 0.56 0.541 0.561 0.541 0.562 0.54 0.563 0.539 0.563 0.538 0.564 0.536 0.564 0.534 0.566 0.534 0.566 0.533 0.567 0.533 0.568 0.532 0.569 0.532 0.573 0.533 0.574 0.533 0.575 0.535 0.577 0.535 0.577 0.536 0.578 0.538 0.578 0.539 0.579 0.54 0.579 0.541 0.58 0.545 0.58 0.546 0.579 0.547 0.579 0.548 0.578 0.549 0.578 0.55 0.577 0.55 0.577 0.552 0.575 0.553 0.576 0.553 0.577 0.552 0.577 0.552 0.578 0.551 0.579 0.551 0.584 0.552 0.584 0.552 0.585 0.554 0.587 0.554 0.588 0.555 0.588 0.556 0.588 0.557 0.589 0.558 0.589 0.559 0.59 0.564 0.59 0.565 0.589 0.566 0.589 0.567 0.588 0.568 0.588 0.569 0.588 0.569 0.587 0.571 0.585 0.571 0.584 0.572 0.584 0.572 0.579 0.571 0.578 0.571 0.577 0.57 0.577 0.57 0.576 0.568 0.574 0.567 0.574 0.566 0.573 0.565 0.573 0.564 0.573 0.559 0.573 0.558 0.573 0.557 0.573 0.556 0.574 0.555 0.574 0.553 0.576 0.552 0.575 0.552 0.574 0.553 0.573 0.553 0.569 0.552 0.568 0.552 0.566 0.553 0.566 0.554 0.566 0.555 0.565 0.556 0.565 0.557 0.564 0.557 0.563 0.559 0.562 0.559 0.561 0.56 0.56 0.56 0.555 0.559 0.555 0.559 0.554 0.558 0.553 0.558 0.552 0.556 0.551 0.555 0.551 0.554 0.55 0.553 0.55 0.552 0.549
7 0.575 0.543 0.574 0.544 0.573 0.544 0.572 0.545 0.571 0.545 0.569 0.546 0.569 0.547 0.568 0.548 0.568 0.548 0.567 0.549 0.567 0.554 0.568 0.555 0.568 0.555 0.57 0.557 0.57 0.558 0.571 0.559 0.572 0.559 0.573 0.559 0.574 0.559 0.575 0.56 0.579 0.56 0.58 0.559 0.581 0.559 0.582 0.559 0.583 0.559 0.584 0.558 0.584 0.557 0.586 0.555 0.586 0.555 0.588 0.554 0.588 0.549 0.586 0.548 0.586 0.548 0.585 0.547 0.585 0.546 0.583 0.545 0.582 0.545 0.581 0.544 0.58 0.544 0.579 0.543
7 0.73 0.538 0.729 0.538 0.728 0.538 0.727 0.539 0.726 0.539 0.724 0.541 0.724 0.541 0.723 0.542 0.723 0.543 0.722 0.544 0.722 0.548 0.723 0.549 0.723 0.55 0.725 0.552 0.725 0.552 0.726 0.553 0.727 0.553 0.728 0.554 0.729 0.554 0.73 0.555 0.734 0.555 0.735 0.554 0.736 0.554 0.738 0.553 0.739 0.553 0.74 0.552 0.74 0.552 0.742 0.55 0.742 0.549 0.743 0.548 0.743 0.544 0.742 0.543 0.742 0.542 0.741 0.541 0.741 0.541 0.739 0.539 0.738 0.539 0.736 0.538 0.735 0.538 0.734 0.538
7 0.693 0.535 0.692 0.536 0.691 0.536 0.69 0.537 0.689 0.537 0.686 0.538 0.686 0.539 0.685 0.54 0.685 0.541 0.684 0.541 0.684 0.546 0.685 0.547 0.685 0.548 0.688 0.549 0.688 0.55 0.689 0.551 0.69 0.551 0.691 0.552 0.692 0.552 0.693 0.552 0.697 0.552 0.698 0.552 0.699 0.552 0.7 0.552 0.699 0.553 0.699 0.558 0.7 0.559 0.7 0.559 0.702 0.561 0.702 0.562 0.703 0.562 0.704 0.562 0.705 0.563 0.706 0.563 0.707 0.564 0.711 0.564 0.712 0.563 0.714 0.563 0.715 0.562 0.716 0.562 0.717 0.562 0.717 0.561 0.719 0.559 0.719 0.559 0.72 0.558 0.72 0.553 0.719 0.552 0.719 0.552 0.718 0.551 0.718 0.55 0.716 0.548 0.715 0.548 0.714 0.548 0.712 0.548 0.711 0.547 0.707 0.547 0.706 0.548 0.705 0.548 0.704 0.547 0.705 0.546 0.705 0.541 0.704 0.541 0.704 0.54 0.703 0.539 0.703 0.538 0.701 0.537 0.7 0.537 0.699 0.536 0.698 0.536 0.697 0.535
7 0.65 0.533 0.649 0.534 0.648 0.534 0.647 0.534 0.646 0.534 0.644 0.536 0.644 0.537 0.643 0.538 0.643 0.538 0.642 0.539 0.642 0.544 0.643 0.545 0.643 0.545 0.645 0.547 0.645 0.548 0.646 0.548 0.647 0.548 0.648 0.549 0.649 0.549 0.65 0.55 0.654 0.55 0.655 0.549 0.656 0.549 0.657 0.548 0.658 0.548 0.659 0.548 0.659 0.547 0.661 0.545 0.661 0.545 0.662 0.544 0.662 0.539 0.661 0.538 0.661 0.538 0.66 0.537 0.66 0.536 0.658 0.534 0.657 0.534 0.656 0.534 0.655 0.534 0.654 0.533
7 0.468 0.532 0.467 0.533 0.466 0.533 0.465 0.534 0.464 0.534 0.461 0.535 0.461 0.536 0.46 0.537 0.46 0.538 0.459 0.538 0.459 0.543 0.46 0.544 0.46 0.545 0.462 0.546 0.462 0.547 0.464 0.548 0.465 0.548 0.466 0.548 0.467 0.548 0.468 0.549 0.472 0.549 0.473 0.548 0.474 0.548 0.475 0.548 0.476 0.548 0.477 0.547 0.477 0.546 0.479 0.545 0.479 0.544 0.48 0.543 0.48 0.538 0.479 0.538 0.479 0.537 0.478 0.536 0.478 0.535 0.476 0.534 0.475 0.534 0.474 0.533 0.473 0.533 0.472 0.532
7 0.842 0.53 0.841 0.53 0.839 0.53 0.836 0.532 0.835 0.532 0.831 0.535 0.83 0.535 0.83 0.536 0.829 0.537 0.829 0.538 0.828 0.538 0.828 0.539 0.827 0.54 0.827 0.541 0.826 0.542 0.826 0.548 0.827 0.549 0.827 0.551 0.828 0.552 0.828 0.552 0.829 0.553 0.829 0.554 0.83 0.555 0.83 0.555 0.831 0.556 0.832 0.556 0.835 0.559 0.836 0.559 0.839 0.56 0.841 0.56 0.842 0.561 0.849 0.561 0.85 0.56 0.852 0.56 0.853 0.559 0.855 0.559 0.856 0.559 0.857 0.559 0.858 0.558 0.858 0.557 0.859 0.556 0.86 0.556 0.861 0.555 0.861 0.555 0.862 0.554 0.862 0.553 0.864 0.552 0.864 0.552 0.865 0.551 0.865 0.549 0.866 0.548 0.866 0.542 0.865 0.541 0.865 0.54 0.864 0.539 0.864 0.538 0.862 0.538 0.862 0.537 0.861 0.536 0.861 0.535 0.86 0.535 0.858 0.534 0.858 0.533 0.857 0.532 0.856 0.532 0.855 0.531 0.853 0.531 0.852 0.53 0.85 0.53 0.849 0.53
7 0.885 0.517 0.884 0.518 0.882 0.518 0.88 0.52 0.879 0.52 0.875 0.523 0.874 0.523 0.874 0.523 0.873 0.524 0.873 0.525 0.872 0.526 0.872 0.527 0.871 0.527 0.871 0.529 0.87 0.53 0.87 0.536 0.871 0.537 0.871 0.538 0.872 0.539 0.872 0.54 0.873 0.541 0.873 0.541 0.874 0.542 0.874 0.543 0.875 0.544 0.876 0.544 0.879 0.546 0.88 0.546 0.882 0.548 0.884 0.548 0.885 0.548 0.893 0.548 0.894 0.548 0.896 0.548 0.897 0.547 0.899 0.547 0.9 0.546 0.901 0.546 0.902 0.545 0.902 0.545 0.903 0.544 0.904 0.544 0.905 0.543 0.905 0.542 0.906 0.541 0.906 0.541 0.907 0.54 0.907 0.539 0.908 0.538 0.908 0.537 0.909 0.536 0.909 0.53 0.908 0.529 0.908 0.527 0.907 0.527 0.907 0.526 0.906 0.525 0.906 0.524 0.905 0.523 0.905 0.523 0.904 0.523 0.902 0.521 0.902 0.52 0.901 0.52 0.9 0.52 0.899 0.519 0.897 0.519 0.896 0.518 0.894 0.518 0.893 0.517
7 0.547 0.514 0.546 0.515 0.545 0.515 0.544 0.516 0.543 0.516 0.541 0.517 0.541 0.518 0.54 0.519 0.54 0.52 0.539 0.52 0.539 0.525 0.54 0.526 0.54 0.527 0.542 0.528 0.542 0.529 0.543 0.53 0.544 0.53 0.545 0.53 0.546 0.53 0.547 0.531 0.551 0.531 0.552 0.53 0.553 0.53 0.554 0.53 0.555 0.53 0.556 0.529 0.556 0.528 0.558 0.527 0.558 0.526 0.559 0.525 0.559 0.52 0.558 0.52 0.558 0.519 0.557 0.518 0.557 0.517 0.555 0.516 0.554 0.516 0.553 0.515 0.552 0.515 0.551 0.514
7 0.851 0.489 0.85 0.49 0.848 0.49 0.846 0.491 0.845 0.491 0.841 0.495 0.84 0.495 0.84 0.495 0.839 0.496 0.839 0.497 0.838 0.498 0.838 0.498 0.836 0.499 0.836 0.501 0.835 0.502 0.835 0.508 0.836 0.509 0.836 0.51 0.838 0.511 0.838 0.512 0.839 0.512 0.839 0.513 0.84 0.514 0.84 0.515 0.841 0.516 0.842 0.516 0.845 0.518 0.846 0.518 0.848 0.52 0.85 0.52 0.851 0.52 0.858 0.52 0.859 0.52 0.861 0.52 0.862 0.519 0.865 0.519 0.866 0.518 0.867 0.518 0.868 0.517 0.868 0.516 0.869 0.516 0.87 0.516 0.871 0.515 0.871 0.514 0.872 0.513 0.872 0.512 0.873 0.512 0.873 0.511 0.874 0.51 0.874 0.509 0.875 0.508 0.875 0.502 0.874 0.501 0.874 0.499 0.873 0.498 0.873 0.498 0.872 0.497 0.872 0.496 0.871 0.495 0.871 0.495 0.87 0.495 0.868 0.493 0.868 0.492 0.867 0.491 0.866 0.491 0.865 0.491 0.862 0.491 0.861 0.49 0.859 0.49 0.858 0.489
7 0.2 0.466 0.199 0.467 0.197 0.467 0.195 0.469 0.194 0.469 0.19 0.472 0.189 0.472 0.189 0.473 0.188 0.473 0.188 0.474 0.186 0.475 0.186 0.476 0.185 0.477 0.185 0.478 0.184 0.479 0.184 0.485 0.185 0.486 0.185 0.488 0.186 0.488 0.186 0.489 0.188 0.49 0.188 0.491 0.189 0.491 0.189 0.492 0.19 0.493 0.191 0.493 0.194 0.495 0.195 0.495 0.197 0.497 0.199 0.497 0.2 0.498 0.207 0.498 0.208 0.497 0.21 0.497 0.211 0.496 0.214 0.496 0.215 0.495 0.216 0.495 0.217 0.495 0.217 0.494 0.218 0.493 0.219 0.493 0.22 0.492 0.22 0.491 0.221 0.491 0.221 0.49 0.222 0.489 0.222 0.488 0.223 0.488 0.223 0.486 0.224 0.485 0.224 0.479 0.223 0.478 0.223 0.477 0.222 0.476 0.222 0.475 0.221 0.474 0.221 0.473 0.22 0.473 0.22 0.472 0.219 0.472 0.217 0.47 0.217 0.47 0.216 0.469 0.215 0.469 0.214 0.468 0.211 0.468 0.21 0.467 0.208 0.467 0.207 0.466
7 0.706 0.441 0.705 0.441 0.703 0.441 0.701 0.443 0.7 0.443 0.696 0.446 0.695 0.446 0.695 0.447 0.694 0.448 0.694 0.448 0.693 0.449 0.693 0.45 0.692 0.451 0.692 0.452 0.691 0.453 0.691 0.459 0.692 0.46 0.692 0.462 0.693 0.462 0.693 0.463 0.694 0.464 0.694 0.465 0.695 0.466 0.695 0.466 0.696 0.467 0.697 0.467 0.7 0.47 0.701 0.47 0.703 0.471 0.705 0.471 0.706 0.472 0.714 0.472 0.715 0.471 0.717 0.471 0.718 0.47 0.72 0.47 0.721 0.47 0.722 0.47 0.723 0.469 0.723 0.468 0.724 0.467 0.725 0.467 0.726 0.466 0.726 0.466 0.727 0.465 0.727 0.464 0.728 0.463 0.728 0.462 0.729 0.462 0.729 0.46 0.73 0.459 0.73 0.453 0.729 0.452 0.729 0.451 0.728 0.45 0.728 0.449 0.727 0.448 0.727 0.448 0.726 0.447 0.726 0.446 0.725 0.446 0.723 0.445 0.723 0.444 0.722 0.443 0.721 0.443 0.72 0.442 0.718 0.442 0.717 0.441 0.715 0.441 0.714 0.441
7 0.798 0.438 0.797 0.439 0.795 0.439 0.793 0.441 0.792 0.441 0.788 0.444 0.786 0.444 0.786 0.445 0.785 0.445 0.785 0.446 0.784 0.447 0.784 0.448 0.783 0.448 0.783 0.45 0.782 0.451 0.782 0.457 0.783 0.458 0.783 0.459 0.784 0.46 0.784 0.461 0.785 0.462 0.785 0.462 0.786 0.463 0.786 0.464 0.788 0.465 0.789 0.465 0.792 0.467 0.793 0.467 0.795 0.469 0.797 0.469 0.798 0.47 0.805 0.47 0.806 0.469 0.808 0.469 0.809 0.468 0.811 0.468 0.812 0.467 0.814 0.467 0.815 0.466 0.815 0.466 0.816 0.465 0.817 0.465 0.818 0.464 0.818 0.463 0.819 0.462 0.819 0.462 0.82 0.461 0.82 0.46 0.821 0.459 0.821 0.458 0.822 0.457 0.822 0.451 0.821 0.45 0.821 0.448 0.82 0.448 0.82 0.447 0.819 0.446 0.819 0.445 0.818 0.445 0.818 0.444 0.817 0.444 0.815 0.442 0.815 0.441 0.814 0.441 0.812 0.441 0.811 0.44 0.809 0.44 0.808 0.439 0.806 0.439 0.805 0.438
7 0.719 0.385 0.718 0.386 0.716 0.386 0.714 0.388 0.712 0.388 0.708 0.391 0.707 0.391 0.707 0.391 0.706 0.392 0.706 0.393 0.705 0.394 0.705 0.395 0.704 0.395 0.704 0.397 0.703 0.398 0.703 0.404 0.704 0.405 0.704 0.406 0.705 0.407 0.705 0.408 0.706 0.409 0.706 0.409 0.707 0.41 0.707 0.411 0.708 0.412 0.709 0.412 0.712 0.414 0.714 0.414 0.716 0.416 0.718 0.416 0.719 0.416 0.726 0.416 0.727 0.416 0.729 0.416 0.73 0.415 0.732 0.415 0.733 0.414 0.734 0.414 0.735 0.413 0.735 0.412 0.736 0.412 0.738 0.412 0.739 0.411 0.739 0.41 0.74 0.409 0.74 0.409 0.741 0.408 0.741 0.407 0.742 0.406 0.742 0.405 0.743 0.404 0.743 0.398 0.742 0.397 0.742 0.395 0.741 0.395 0.741 0.394 0.74 0.393 0.74 0.392 0.739 0.391 0.739 0.391 0.738 0.391 0.735 0.389 0.735 0.388 0.734 0.388 0.733 0.388 0.732 0.387 0.73 0.387 0.729 0.386 0.727 0.386 0.726 0.385
7 0.596 0.367 0.595 0.368 0.593 0.368 0.591 0.37 0.59 0.37 0.585 0.373 0.584 0.373 0.584 0.373 0.583 0.374 0.583 0.375 0.582 0.376 0.582 0.377 0.581 0.377 0.581 0.379 0.58 0.38 0.58 0.386 0.581 0.387 0.581 0.388 0.582 0.389 0.582 0.39 0.583 0.391 0.583 0.391 0.584 0.392 0.584 0.393 0.585 0.394 0.586 0.394 0.59 0.396 0.591 0.396 0.593 0.398 0.595 0.398 0.596 0.398 0.603 0.398 0.604 0.398 0.606 0.398 0.607 0.397 0.609 0.397 0.61 0.396 0.611 0.396 0.612 0.395 0.612 0.395 0.614 0.394 0.615 0.394 0.616 0.393 0.616 0.392 0.617 0.391 0.617 0.391 0.618 0.39 0.618 0.389 0.619 0.388 0.619 0.387 0.62 0.386 0.62 0.38 0.619 0.379 0.619 0.377 0.618 0.377 0.618 0.376 0.617 0.375 0.617 0.374 0.616 0.373 0.616 0.373 0.615 0.373 0.612 0.371 0.612 0.37 0.611 0.37 0.61 0.37 0.609 0.369 0.607 0.369 0.606 0.368 0.604 0.368 0.603 0.367
7 0.456 0.289 0.455 0.29 0.453 0.29 0.451 0.291 0.45 0.291 0.446 0.295 0.445 0.295 0.445 0.295 0.444 0.296 0.444 0.297 0.443 0.298 0.443 0.298 0.442 0.299 0.442 0.301 0.441 0.302 0.441 0.308 0.442 0.309 0.442 0.31 0.443 0.311 0.443 0.312 0.444 0.312 0.444 0.313 0.445 0.314 0.445 0.315 0.446 0.316 0.447 0.316 0.45 0.318 0.451 0.318 0.453 0.32 0.455 0.32 0.456 0.32 0.464 0.32 0.465 0.32 0.467 0.32 0.468 0.319 0.47 0.319 0.471 0.318 0.472 0.318 0.473 0.317 0.473 0.316 0.474 0.316 0.475 0.316 0.476 0.315 0.476 0.314 0.477 0.313 0.477 0.312 0.478 0.312 0.478 0.311 0.479 0.31 0.479 0.309 0.48 0.308 0.48 0.302 0.479 0.301 0.479 0.299 0.478 0.298 0.478 0.298 0.477 0.297 0.477 0.296 0.476 0.295 0.476 0.295 0.475 0.295 0.473 0.293 0.473 0.292 0.472 0.291 0.471 0.291 0.47 0.291 0.468 0.291 0.467 0.29 0.465 0.29 0.464 0.289
