6 0.402 0.783 0.401 0.784 0.4 0.784 0.399 0.784 0.398 0.784 0.395 0.787 0.395 0.788 0.394 0.788 0.394 0.789 0.393 0.79 0.393 0.794 0.395 0.795 0.395 0.796 0.398 0.798 0.399 0.798 0.4 0.799 0.401 0.799 0.402 0.8 0.407 0.8 0.409 0.798 0.41 0.798 0.414 0.796 0.414 0.795 0.416 0.794 0.416 0.79 0.415 0.789 0.415 0.788 0.414 0.788 0.414 0.787 0.41 0.784 0.409 0.784 0.407 0.783
6 0.449 0.756 0.448 0.757 0.447 0.757 0.446 0.758 0.445 0.758 0.442 0.76 0.442 0.761 0.441 0.762 0.441 0.762 0.44 0.763 0.44 0.767 0.442 0.769 0.442 0.77 0.445 0.772 0.446 0.772 0.447 0.773 0.448 0.773 0.449 0.773 0.454 0.773 0.456 0.772 0.457 0.772 0.46 0.77 0.46 0.769 0.462 0.767 0.462 0.763 0.461 0.762 0.461 0.762 0.46 0.761 0.46 0.76 0.457 0.758 0.456 0.758 0.454 0.756
6 0.49 0.741 0.489 0.742 0.488 0.742 0.486 0.743 0.485 0.743 0.482 0.745 0.482 0.746 0.481 0.747 0.481 0.748 0.48 0.748 0.48 0.752 0.482 0.754 0.482 0.755 0.485 0.757 0.486 0.757 0.488 0.758 0.489 0.758 0.49 0.759 0.495 0.759 0.497 0.757 0.498 0.757 0.501 0.755 0.501 0.754 0.503 0.752 0.503 0.748 0.502 0.748 0.502 0.747 0.501 0.746 0.501 0.745 0.498 0.743 0.497 0.743 0.495 0.741
6 0.414 0.733 0.412 0.734 0.411 0.734 0.41 0.734 0.409 0.734 0.406 0.737 0.406 0.738 0.405 0.738 0.405 0.739 0.404 0.74 0.404 0.744 0.406 0.745 0.406 0.746 0.409 0.748 0.41 0.748 0.411 0.749 0.412 0.749 0.414 0.75 0.419 0.75 0.421 0.748 0.422 0.748 0.425 0.746 0.425 0.745 0.427 0.744 0.427 0.74 0.426 0.739 0.426 0.738 0.425 0.738 0.425 0.737 0.422 0.734 0.421 0.734 0.419 0.733
6 0.302 0.731 0.301 0.732 0.3 0.732 0.299 0.733 0.298 0.733 0.295 0.735 0.295 0.736 0.294 0.737 0.294 0.738 0.293 0.738 0.293 0.742 0.295 0.744 0.295 0.745 0.298 0.747 0.299 0.747 0.3 0.748 0.301 0.748 0.302 0.748 0.307 0.748 0.309 0.747 0.31 0.747 0.314 0.745 0.314 0.744 0.316 0.742 0.316 0.738 0.315 0.738 0.315 0.737 0.314 0.736 0.314 0.735 0.31 0.733 0.309 0.733 0.307 0.731
6 0.353 0.72 0.352 0.72 0.351 0.72 0.35 0.721 0.349 0.721 0.346 0.723 0.346 0.724 0.345 0.725 0.345 0.726 0.344 0.727 0.344 0.73 0.346 0.732 0.346 0.733 0.349 0.735 0.35 0.735 0.351 0.736 0.352 0.736 0.353 0.737 0.355 0.737 0.356 0.738 0.355 0.738 0.355 0.742 0.357 0.744 0.357 0.745 0.36 0.747 0.361 0.747 0.362 0.748 0.364 0.748 0.365 0.748 0.37 0.748 0.372 0.747 0.373 0.747 0.376 0.745 0.376 0.744 0.378 0.742 0.378 0.738 0.377 0.738 0.377 0.737 0.376 0.736 0.376 0.735 0.373 0.733 0.372 0.733 0.37 0.731 0.368 0.731 0.367 0.73 0.367 0.727 0.366 0.726 0.366 0.725 0.365 0.724 0.365 0.723 0.361 0.721 0.36 0.721 0.358 0.72
6 0.433 0.708 0.432 0.709 0.431 0.709 0.43 0.709 0.429 0.709 0.426 0.712 0.426 0.712 0.425 0.713 0.425 0.714 0.424 0.715 0.424 0.719 0.426 0.72 0.426 0.721 0.429 0.723 0.43 0.723 0.431 0.724 0.432 0.724 0.433 0.725 0.439 0.725 0.441 0.723 0.442 0.723 0.445 0.721 0.445 0.72 0.447 0.719 0.447 0.715 0.446 0.714 0.446 0.713 0.445 0.712 0.445 0.712 0.442 0.709 0.441 0.709 0.439 0.708
6 0.317 0.695 0.316 0.695 0.315 0.695 0.314 0.696 0.312 0.696 0.309 0.698 0.309 0.699 0.308 0.7 0.308 0.701 0.307 0.702 0.307 0.705 0.309 0.707 0.309 0.708 0.312 0.71 0.314 0.71 0.315 0.711 0.316 0.711 0.317 0.712 0.322 0.712 0.324 0.71 0.325 0.71 0.328 0.708 0.328 0.707 0.33 0.705 0.33 0.702 0.329 0.701 0.329 0.7 0.328 0.699 0.328 0.698 0.325 0.696 0.324 0.696 0.322 0.695
6 0.739 0.691 0.738 0.691 0.736 0.691 0.735 0.692 0.734 0.692 0.731 0.695 0.731 0.695 0.73 0.696 0.73 0.697 0.729 0.698 0.729 0.702 0.731 0.703 0.731 0.704 0.734 0.706 0.735 0.706 0.736 0.707 0.738 0.707 0.739 0.708 0.744 0.708 0.746 0.706 0.747 0.706 0.75 0.704 0.75 0.703 0.752 0.702 0.752 0.698 0.751 0.697 0.751 0.696 0.75 0.695 0.75 0.695 0.747 0.692 0.746 0.692 0.744 0.691
6 0.497 0.689 0.496 0.69 0.495 0.69 0.494 0.691 0.493 0.691 0.49 0.693 0.49 0.694 0.489 0.695 0.489 0.695 0.488 0.696 0.488 0.7 0.49 0.702 0.49 0.702 0.493 0.705 0.494 0.705 0.495 0.705 0.496 0.705 0.497 0.706 0.502 0.706 0.504 0.705 0.505 0.705 0.508 0.702 0.508 0.702 0.51 0.7 0.51 0.696 0.509 0.695 0.509 0.695 0.508 0.694 0.508 0.693 0.505 0.691 0.504 0.691 0.502 0.689
6 0.614 0.672 0.612 0.673 0.611 0.673 0.61 0.673 0.609 0.673 0.606 0.676 0.606 0.677 0.605 0.677 0.605 0.678 0.604 0.679 0.604 0.683 0.606 0.684 0.606 0.685 0.609 0.688 0.61 0.688 0.611 0.688 0.612 0.688 0.614 0.689 0.619 0.689 0.621 0.688 0.622 0.688 0.625 0.685 0.625 0.684 0.627 0.683 0.627 0.679 0.626 0.678 0.626 0.677 0.625 0.677 0.625 0.676 0.622 0.673 0.621 0.673 0.619 0.672
6 0.176 0.67 0.175 0.671 0.174 0.671 0.173 0.672 0.172 0.672 0.169 0.674 0.169 0.675 0.168 0.676 0.168 0.677 0.167 0.677 0.167 0.681 0.169 0.683 0.169 0.684 0.172 0.686 0.173 0.686 0.174 0.687 0.175 0.687 0.176 0.688 0.181 0.688 0.183 0.686 0.184 0.686 0.188 0.684 0.188 0.683 0.19 0.681 0.19 0.677 0.189 0.677 0.189 0.676 0.188 0.675 0.188 0.674 0.184 0.672 0.183 0.672 0.181 0.67
6 0.699 0.666 0.698 0.667 0.697 0.667 0.696 0.668 0.695 0.668 0.692 0.67 0.692 0.671 0.691 0.672 0.691 0.673 0.69 0.673 0.69 0.677 0.692 0.679 0.692 0.68 0.695 0.682 0.696 0.682 0.697 0.683 0.698 0.683 0.699 0.684 0.704 0.684 0.706 0.682 0.707 0.682 0.71 0.68 0.71 0.679 0.712 0.677 0.712 0.673 0.711 0.673 0.711 0.672 0.71 0.671 0.71 0.67 0.707 0.668 0.706 0.668 0.704 0.666
6 0.471 0.659 0.47 0.659 0.469 0.659 0.468 0.66 0.467 0.66 0.464 0.662 0.464 0.663 0.462 0.664 0.462 0.665 0.461 0.666 0.461 0.67 0.464 0.671 0.464 0.672 0.467 0.674 0.468 0.674 0.469 0.675 0.47 0.675 0.471 0.676 0.476 0.676 0.478 0.674 0.479 0.674 0.482 0.672 0.482 0.671 0.484 0.67 0.484 0.666 0.483 0.665 0.483 0.664 0.482 0.663 0.482 0.662 0.479 0.66 0.478 0.66 0.476 0.659
6 0.523 0.648 0.522 0.648 0.521 0.648 0.52 0.649 0.519 0.649 0.516 0.652 0.516 0.652 0.515 0.653 0.515 0.654 0.514 0.655 0.514 0.659 0.516 0.66 0.516 0.661 0.519 0.663 0.52 0.663 0.521 0.664 0.522 0.664 0.523 0.665 0.528 0.665 0.53 0.663 0.531 0.663 0.534 0.661 0.534 0.66 0.536 0.659 0.536 0.655 0.535 0.654 0.535 0.653 0.534 0.652 0.534 0.652 0.531 0.649 0.53 0.649 0.528 0.648
6 0.561 0.63 0.56 0.631 0.559 0.631 0.558 0.632 0.557 0.632 0.554 0.634 0.554 0.635 0.553 0.636 0.553 0.637 0.552 0.638 0.552 0.641 0.554 0.643 0.554 0.644 0.557 0.646 0.558 0.646 0.559 0.647 0.56 0.647 0.561 0.648 0.567 0.648 0.569 0.646 0.57 0.646 0.573 0.644 0.573 0.643 0.575 0.641 0.575 0.638 0.574 0.637 0.574 0.636 0.573 0.635 0.573 0.634 0.57 0.632 0.569 0.632 0.567 0.63
6 0.447 0.615 0.446 0.616 0.445 0.616 0.444 0.616 0.443 0.616 0.44 0.619 0.44 0.62 0.439 0.62 0.439 0.621 0.438 0.622 0.438 0.626 0.44 0.627 0.44 0.628 0.443 0.63 0.444 0.63 0.445 0.631 0.446 0.631 0.447 0.632 0.452 0.632 0.454 0.63 0.455 0.63 0.458 0.628 0.458 0.627 0.46 0.626 0.46 0.622 0.459 0.621 0.459 0.62 0.458 0.62 0.458 0.619 0.455 0.616 0.454 0.616 0.452 0.615
6 0.669 0.614 0.668 0.615 0.667 0.615 0.666 0.616 0.665 0.616 0.661 0.618 0.661 0.619 0.66 0.62 0.66 0.62 0.659 0.621 0.659 0.625 0.661 0.627 0.661 0.627 0.665 0.63 0.666 0.63 0.667 0.63 0.668 0.63 0.669 0.631 0.674 0.631 0.676 0.63 0.677 0.63 0.68 0.627 0.68 0.627 0.682 0.625 0.682 0.621 0.681 0.62 0.681 0.62 0.68 0.619 0.68 0.618 0.677 0.616 0.676 0.616 0.674 0.614
6 0.5 0.601 0.499 0.602 0.498 0.602 0.497 0.602 0.496 0.602 0.493 0.605 0.493 0.605 0.492 0.606 0.492 0.607 0.491 0.608 0.491 0.612 0.493 0.613 0.493 0.614 0.496 0.616 0.497 0.616 0.498 0.617 0.499 0.617 0.5 0.618 0.505 0.618 0.507 0.616 0.508 0.616 0.511 0.614 0.511 0.613 0.514 0.612 0.514 0.608 0.512 0.607 0.512 0.606 0.511 0.605 0.511 0.605 0.508 0.602 0.507 0.602 0.505 0.601
6 0.746 0.6 0.745 0.601 0.744 0.601 0.743 0.602 0.742 0.602 0.739 0.604 0.739 0.605 0.738 0.605 0.738 0.606 0.736 0.607 0.736 0.611 0.739 0.612 0.739 0.613 0.742 0.616 0.743 0.616 0.744 0.616 0.745 0.616 0.746 0.617 0.751 0.617 0.753 0.616 0.754 0.616 0.757 0.613 0.757 0.612 0.759 0.611 0.759 0.607 0.758 0.606 0.758 0.605 0.757 0.605 0.757 0.604 0.754 0.602 0.753 0.602 0.751 0.6
6 0.315 0.597 0.314 0.598 0.312 0.598 0.311 0.598 0.31 0.598 0.307 0.601 0.307 0.602 0.306 0.602 0.306 0.603 0.305 0.604 0.305 0.608 0.307 0.609 0.307 0.61 0.31 0.612 0.311 0.612 0.312 0.613 0.314 0.613 0.315 0.614 0.32 0.614 0.322 0.612 0.323 0.612 0.326 0.61 0.326 0.609 0.328 0.608 0.328 0.604 0.327 0.603 0.327 0.602 0.326 0.602 0.326 0.601 0.323 0.598 0.322 0.598 0.32 0.597
6 0.549 0.592 0.548 0.593 0.547 0.593 0.546 0.594 0.545 0.594 0.542 0.596 0.542 0.597 0.541 0.598 0.541 0.598 0.54 0.599 0.54 0.603 0.542 0.605 0.542 0.605 0.545 0.608 0.546 0.608 0.547 0.609 0.548 0.609 0.549 0.609 0.554 0.609 0.556 0.608 0.557 0.608 0.56 0.605 0.56 0.605 0.562 0.603 0.562 0.599 0.561 0.598 0.561 0.598 0.56 0.597 0.56 0.596 0.557 0.594 0.556 0.594 0.554 0.592
6 0.215 0.588 0.214 0.589 0.212 0.589 0.211 0.59 0.21 0.59 0.207 0.592 0.207 0.593 0.206 0.594 0.206 0.595 0.205 0.595 0.205 0.599 0.207 0.601 0.207 0.602 0.21 0.604 0.211 0.604 0.212 0.605 0.214 0.605 0.215 0.605 0.22 0.605 0.222 0.604 0.223 0.604 0.226 0.602 0.226 0.601 0.228 0.599 0.228 0.595 0.227 0.595 0.227 0.594 0.226 0.593 0.226 0.592 0.223 0.59 0.222 0.59 0.22 0.588
6 0.148 0.588 0.147 0.588 0.146 0.588 0.145 0.589 0.144 0.589 0.141 0.591 0.141 0.592 0.14 0.593 0.14 0.594 0.139 0.595 0.139 0.598 0.141 0.6 0.141 0.601 0.144 0.603 0.145 0.603 0.146 0.604 0.147 0.604 0.148 0.605 0.153 0.605 0.155 0.603 0.156 0.603 0.159 0.601 0.159 0.6 0.161 0.598 0.161 0.595 0.16 0.594 0.16 0.593 0.159 0.592 0.159 0.591 0.156 0.589 0.155 0.589 0.153 0.588
6 0.572 0.585 0.571 0.586 0.57 0.586 0.569 0.587 0.568 0.587 0.565 0.589 0.565 0.59 0.564 0.591 0.564 0.591 0.562 0.592 0.562 0.596 0.565 0.598 0.565 0.598 0.568 0.601 0.569 0.601 0.57 0.602 0.571 0.602 0.572 0.602 0.577 0.602 0.579 0.601 0.58 0.601 0.583 0.598 0.583 0.598 0.585 0.596 0.585 0.592 0.584 0.591 0.584 0.591 0.583 0.59 0.583 0.589 0.58 0.587 0.579 0.587 0.577 0.585
6 0.52 0.582 0.519 0.583 0.518 0.583 0.517 0.584 0.516 0.584 0.512 0.586 0.512 0.587 0.511 0.588 0.511 0.588 0.51 0.589 0.51 0.593 0.512 0.595 0.512 0.595 0.516 0.598 0.517 0.598 0.518 0.598 0.519 0.598 0.52 0.599 0.525 0.599 0.527 0.598 0.528 0.598 0.531 0.595 0.531 0.595 0.533 0.593 0.533 0.589 0.532 0.588 0.532 0.588 0.531 0.587 0.531 0.586 0.528 0.584 0.527 0.584 0.525 0.582
6 0.117 0.579 0.116 0.58 0.115 0.58 0.114 0.58 0.112 0.58 0.109 0.583 0.109 0.584 0.108 0.584 0.108 0.585 0.107 0.586 0.107 0.59 0.109 0.591 0.109 0.592 0.112 0.595 0.114 0.595 0.115 0.595 0.116 0.595 0.117 0.596 0.122 0.596 0.124 0.595 0.125 0.595 0.128 0.592 0.128 0.591 0.13 0.59 0.13 0.586 0.129 0.585 0.129 0.584 0.128 0.584 0.128 0.583 0.125 0.58 0.124 0.58 0.122 0.579
6 0.532 0.561 0.531 0.562 0.53 0.562 0.529 0.562 0.528 0.562 0.525 0.565 0.525 0.566 0.524 0.566 0.524 0.567 0.523 0.568 0.523 0.572 0.525 0.573 0.525 0.574 0.528 0.577 0.529 0.577 0.53 0.577 0.531 0.577 0.532 0.578 0.538 0.578 0.54 0.577 0.541 0.577 0.544 0.574 0.544 0.573 0.546 0.572 0.546 0.568 0.545 0.567 0.545 0.566 0.544 0.566 0.544 0.565 0.541 0.562 0.54 0.562 0.538 0.561
6 0.566 0.554 0.565 0.555 0.564 0.555 0.562 0.555 0.561 0.555 0.558 0.558 0.558 0.559 0.557 0.559 0.557 0.56 0.556 0.561 0.556 0.565 0.558 0.566 0.558 0.567 0.561 0.57 0.562 0.57 0.564 0.57 0.565 0.57 0.566 0.571 0.571 0.571 0.573 0.57 0.574 0.57 0.577 0.567 0.577 0.566 0.579 0.565 0.579 0.561 0.578 0.56 0.578 0.559 0.577 0.559 0.577 0.558 0.574 0.555 0.573 0.555 0.571 0.554
6 0.468 0.548 0.467 0.548 0.466 0.548 0.465 0.549 0.464 0.549 0.46 0.552 0.46 0.552 0.459 0.553 0.459 0.554 0.458 0.555 0.458 0.559 0.46 0.56 0.46 0.561 0.464 0.563 0.465 0.563 0.466 0.564 0.467 0.564 0.468 0.565 0.473 0.565 0.475 0.563 0.476 0.563 0.479 0.561 0.479 0.56 0.481 0.559 0.481 0.555 0.48 0.554 0.48 0.553 0.479 0.552 0.479 0.552 0.476 0.549 0.475 0.549 0.473 0.548
6 0.795 0.527 0.794 0.528 0.793 0.528 0.792 0.529 0.791 0.529 0.788 0.531 0.788 0.532 0.786 0.533 0.786 0.534 0.785 0.534 0.785 0.538 0.788 0.54 0.788 0.541 0.791 0.543 0.792 0.543 0.793 0.544 0.794 0.544 0.795 0.545 0.8 0.545 0.802 0.543 0.803 0.543 0.806 0.541 0.806 0.54 0.808 0.538 0.808 0.534 0.807 0.534 0.807 0.533 0.806 0.532 0.806 0.531 0.803 0.529 0.802 0.529 0.8 0.527
6 0.581 0.521 0.58 0.522 0.579 0.522 0.578 0.523 0.577 0.523 0.574 0.525 0.574 0.526 0.573 0.527 0.573 0.527 0.572 0.528 0.572 0.532 0.574 0.534 0.574 0.534 0.577 0.537 0.578 0.537 0.579 0.538 0.58 0.538 0.581 0.538 0.586 0.538 0.589 0.537 0.59 0.537 0.593 0.534 0.593 0.534 0.595 0.532 0.595 0.528 0.594 0.527 0.594 0.527 0.593 0.526 0.593 0.525 0.59 0.523 0.589 0.523 0.586 0.521
6 0.334 0.506 0.333 0.507 0.332 0.507 0.331 0.508 0.33 0.508 0.327 0.51 0.327 0.511 0.326 0.512 0.326 0.512 0.325 0.513 0.325 0.517 0.327 0.519 0.327 0.52 0.33 0.522 0.331 0.522 0.332 0.523 0.333 0.523 0.334 0.523 0.34 0.523 0.342 0.522 0.343 0.522 0.346 0.52 0.346 0.519 0.348 0.517 0.348 0.513 0.347 0.512 0.347 0.512 0.346 0.511 0.346 0.51 0.343 0.508 0.342 0.508 0.34 0.506
6 0.394 0.498 0.393 0.499 0.392 0.499 0.391 0.5 0.39 0.5 0.386 0.502 0.386 0.503 0.385 0.504 0.385 0.505 0.384 0.505 0.384 0.509 0.386 0.511 0.386 0.512 0.39 0.514 0.391 0.514 0.392 0.515 0.393 0.515 0.394 0.516 0.399 0.516 0.401 0.514 0.402 0.514 0.405 0.512 0.405 0.511 0.407 0.509 0.407 0.505 0.406 0.505 0.406 0.504 0.405 0.503 0.405 0.502 0.402 0.5 0.401 0.5 0.399 0.498
6 0.745 0.496 0.744 0.497 0.743 0.497 0.742 0.498 0.741 0.498 0.738 0.5 0.738 0.501 0.736 0.502 0.736 0.502 0.735 0.503 0.735 0.507 0.738 0.509 0.738 0.509 0.741 0.512 0.742 0.512 0.743 0.512 0.744 0.512 0.745 0.513 0.75 0.513 0.752 0.512 0.753 0.512 0.756 0.509 0.756 0.509 0.758 0.507 0.758 0.503 0.757 0.502 0.757 0.502 0.756 0.501 0.756 0.5 0.753 0.498 0.752 0.498 0.75 0.496
6 0.286 0.496 0.285 0.497 0.284 0.497 0.283 0.498 0.282 0.498 0.279 0.5 0.279 0.501 0.278 0.502 0.278 0.502 0.277 0.503 0.277 0.507 0.279 0.509 0.279 0.509 0.282 0.512 0.283 0.512 0.284 0.512 0.285 0.512 0.286 0.513 0.292 0.513 0.294 0.512 0.295 0.512 0.298 0.509 0.298 0.509 0.3 0.507 0.3 0.503 0.299 0.502 0.299 0.502 0.298 0.501 0.298 0.5 0.295 0.498 0.294 0.498 0.292 0.496
6 0.44 0.495 0.439 0.495 0.438 0.495 0.436 0.496 0.435 0.496 0.432 0.498 0.432 0.499 0.431 0.5 0.431 0.501 0.43 0.502 0.43 0.505 0.432 0.507 0.432 0.508 0.435 0.51 0.436 0.51 0.438 0.511 0.439 0.511 0.44 0.512 0.445 0.512 0.447 0.51 0.448 0.51 0.451 0.508 0.451 0.507 0.453 0.505 0.453 0.502 0.452 0.501 0.452 0.5 0.451 0.499 0.451 0.498 0.448 0.496 0.447 0.496 0.445 0.495
6 0.32 0.484 0.319 0.484 0.318 0.484 0.317 0.485 0.316 0.485 0.312 0.488 0.312 0.488 0.311 0.489 0.311 0.49 0.31 0.491 0.31 0.495 0.312 0.496 0.312 0.497 0.316 0.499 0.317 0.499 0.318 0.5 0.319 0.5 0.32 0.501 0.325 0.501 0.327 0.499 0.328 0.499 0.331 0.497 0.331 0.496 0.332 0.495 0.335 0.498 0.335 0.498 0.339 0.501 0.34 0.501 0.341 0.502 0.342 0.502 0.343 0.502 0.348 0.502 0.35 0.501 0.351 0.501 0.354 0.498 0.354 0.498 0.356 0.496 0.356 0.492 0.355 0.491 0.355 0.491 0.354 0.49 0.354 0.489 0.351 0.487 0.35 0.487 0.348 0.485 0.343 0.485 0.342 0.486 0.341 0.486 0.34 0.487 0.339 0.487 0.335 0.489 0.335 0.49 0.334 0.491 0.333 0.491 0.332 0.49 0.332 0.489 0.331 0.488 0.331 0.488 0.328 0.485 0.327 0.485 0.325 0.484
6 0.605 0.477 0.604 0.478 0.603 0.478 0.602 0.479 0.601 0.479 0.598 0.481 0.598 0.482 0.597 0.483 0.597 0.484 0.596 0.484 0.596 0.488 0.598 0.49 0.598 0.491 0.601 0.493 0.602 0.493 0.603 0.494 0.604 0.494 0.605 0.495 0.61 0.495 0.612 0.493 0.614 0.493 0.617 0.491 0.617 0.49 0.619 0.488 0.619 0.484 0.618 0.484 0.618 0.483 0.617 0.482 0.617 0.481 0.614 0.479 0.612 0.479 0.61 0.477
6 0.671 0.473 0.67 0.473 0.669 0.473 0.668 0.474 0.667 0.474 0.664 0.477 0.664 0.477 0.662 0.478 0.662 0.479 0.661 0.48 0.661 0.484 0.664 0.485 0.664 0.486 0.667 0.488 0.668 0.488 0.669 0.489 0.67 0.489 0.671 0.49 0.676 0.49 0.678 0.488 0.679 0.488 0.682 0.486 0.682 0.485 0.684 0.484 0.684 0.48 0.683 0.479 0.683 0.478 0.682 0.477 0.682 0.477 0.679 0.474 0.678 0.474 0.676 0.473
6 0.145 0.469 0.144 0.47 0.143 0.47 0.142 0.47 0.141 0.47 0.138 0.473 0.138 0.473 0.136 0.474 0.136 0.475 0.135 0.476 0.135 0.48 0.138 0.481 0.138 0.482 0.141 0.484 0.142 0.484 0.143 0.485 0.144 0.485 0.145 0.486 0.15 0.486 0.152 0.484 0.153 0.484 0.156 0.482 0.156 0.481 0.158 0.48 0.158 0.476 0.157 0.475 0.157 0.474 0.156 0.473 0.156 0.473 0.153 0.47 0.152 0.47 0.15 0.469
6 0.502 0.468 0.501 0.469 0.5 0.469 0.499 0.47 0.498 0.47 0.495 0.472 0.495 0.473 0.494 0.473 0.494 0.474 0.493 0.475 0.493 0.479 0.495 0.48 0.495 0.481 0.498 0.484 0.499 0.484 0.5 0.484 0.501 0.484 0.502 0.485 0.507 0.485 0.509 0.484 0.51 0.484 0.514 0.481 0.514 0.48 0.516 0.479 0.516 0.475 0.515 0.474 0.515 0.473 0.514 0.473 0.514 0.472 0.51 0.47 0.509 0.47 0.507 0.468
6 0.37 0.463 0.369 0.464 0.368 0.464 0.367 0.465 0.366 0.465 0.362 0.467 0.362 0.468 0.361 0.469 0.361 0.47 0.36 0.47 0.36 0.474 0.362 0.476 0.362 0.477 0.366 0.479 0.367 0.479 0.368 0.48 0.369 0.48 0.37 0.48 0.375 0.48 0.377 0.479 0.378 0.479 0.379 0.48 0.379 0.48 0.378 0.481 0.378 0.482 0.377 0.483 0.377 0.487 0.379 0.488 0.379 0.489 0.382 0.491 0.383 0.491 0.384 0.492 0.385 0.492 0.386 0.493 0.392 0.493 0.394 0.491 0.395 0.491 0.398 0.489 0.398 0.488 0.4 0.487 0.4 0.483 0.399 0.482 0.399 0.481 0.398 0.48 0.398 0.48 0.395 0.477 0.394 0.477 0.392 0.476 0.386 0.476 0.385 0.477 0.384 0.477 0.383 0.477 0.382 0.477 0.381 0.477 0.381 0.476 0.383 0.474 0.383 0.47 0.382 0.47 0.382 0.469 0.381 0.468 0.381 0.467 0.378 0.465 0.377 0.465 0.375 0.463
6 0.73 0.456 0.729 0.457 0.728 0.457 0.727 0.458 0.726 0.458 0.723 0.46 0.723 0.461 0.722 0.462 0.722 0.462 0.721 0.463 0.721 0.467 0.723 0.469 0.723 0.47 0.726 0.472 0.727 0.472 0.728 0.473 0.729 0.473 0.73 0.473 0.735 0.473 0.738 0.472 0.739 0.472 0.742 0.47 0.742 0.469 0.744 0.467 0.744 0.463 0.743 0.462 0.743 0.462 0.742 0.461 0.742 0.46 0.739 0.458 0.738 0.458 0.735 0.456
6 0.416 0.445 0.415 0.445 0.414 0.445 0.412 0.446 0.411 0.446 0.408 0.448 0.408 0.449 0.407 0.45 0.407 0.451 0.406 0.452 0.406 0.455 0.408 0.457 0.408 0.458 0.411 0.46 0.412 0.46 0.414 0.461 0.415 0.461 0.416 0.462 0.421 0.462 0.423 0.46 0.424 0.46 0.427 0.458 0.427 0.457 0.429 0.455 0.429 0.452 0.428 0.451 0.428 0.45 0.427 0.449 0.427 0.448 0.424 0.446 0.423 0.446 0.421 0.445
6 0.19 0.441 0.189 0.442 0.188 0.442 0.186 0.443 0.185 0.443 0.182 0.445 0.182 0.446 0.181 0.447 0.181 0.448 0.18 0.448 0.18 0.452 0.182 0.454 0.182 0.455 0.185 0.457 0.186 0.457 0.188 0.458 0.189 0.458 0.19 0.459 0.195 0.459 0.197 0.457 0.198 0.457 0.201 0.455 0.201 0.454 0.203 0.452 0.203 0.448 0.202 0.448 0.202 0.447 0.201 0.446 0.201 0.445 0.198 0.443 0.197 0.443 0.195 0.441
6 0.142 0.426 0.141 0.427 0.14 0.427 0.139 0.427 0.138 0.427 0.134 0.43 0.134 0.43 0.133 0.431 0.133 0.432 0.132 0.433 0.132 0.437 0.134 0.438 0.134 0.439 0.138 0.441 0.139 0.441 0.14 0.442 0.141 0.442 0.142 0.443 0.147 0.443 0.149 0.441 0.15 0.441 0.153 0.439 0.153 0.438 0.155 0.437 0.155 0.433 0.154 0.432 0.154 0.431 0.153 0.43 0.153 0.43 0.15 0.427 0.149 0.427 0.147 0.426
6 0.643 0.422 0.642 0.423 0.641 0.423 0.64 0.423 0.639 0.423 0.635 0.426 0.635 0.427 0.634 0.427 0.634 0.428 0.633 0.429 0.633 0.433 0.635 0.434 0.635 0.435 0.639 0.438 0.64 0.438 0.641 0.438 0.642 0.438 0.643 0.439 0.648 0.439 0.65 0.438 0.651 0.438 0.654 0.435 0.654 0.434 0.656 0.433 0.656 0.429 0.655 0.428 0.655 0.427 0.654 0.427 0.654 0.426 0.651 0.423 0.65 0.423 0.648 0.422
6 0.711 0.421 0.71 0.422 0.709 0.422 0.708 0.423 0.707 0.423 0.704 0.425 0.704 0.426 0.703 0.427 0.703 0.427 0.702 0.428 0.702 0.432 0.704 0.434 0.704 0.434 0.707 0.437 0.708 0.437 0.709 0.438 0.71 0.438 0.711 0.438 0.717 0.438 0.719 0.437 0.72 0.437 0.723 0.434 0.723 0.434 0.725 0.432 0.725 0.428 0.724 0.427 0.724 0.427 0.723 0.426 0.723 0.425 0.72 0.423 0.719 0.423 0.717 0.421
6 0.67 0.42 0.669 0.42 0.668 0.42 0.667 0.421 0.666 0.421 0.662 0.423 0.662 0.424 0.661 0.425 0.661 0.426 0.66 0.427 0.66 0.43 0.662 0.432 0.662 0.433 0.666 0.435 0.667 0.435 0.668 0.436 0.669 0.436 0.67 0.437 0.675 0.437 0.677 0.435 0.678 0.435 0.681 0.433 0.681 0.432 0.683 0.43 0.683 0.427 0.682 0.426 0.682 0.425 0.681 0.424 0.681 0.423 0.678 0.421 0.677 0.421 0.675 0.42
6 0.503 0.413 0.502 0.414 0.501 0.414 0.5 0.415 0.499 0.415 0.496 0.417 0.496 0.418 0.495 0.419 0.495 0.42 0.494 0.42 0.494 0.424 0.496 0.426 0.496 0.427 0.499 0.429 0.5 0.429 0.501 0.43 0.502 0.43 0.503 0.43 0.508 0.43 0.51 0.429 0.511 0.429 0.515 0.427 0.515 0.426 0.517 0.424 0.517 0.42 0.516 0.42 0.516 0.419 0.515 0.418 0.515 0.417 0.511 0.415 0.51 0.415 0.508 0.413
6 0.462 0.409 0.461 0.41 0.46 0.41 0.459 0.411 0.458 0.411 0.455 0.413 0.455 0.414 0.454 0.415 0.454 0.416 0.453 0.416 0.453 0.42 0.455 0.422 0.455 0.423 0.458 0.425 0.459 0.425 0.46 0.426 0.461 0.426 0.462 0.427 0.468 0.427 0.47 0.425 0.471 0.425 0.474 0.423 0.474 0.422 0.476 0.42 0.476 0.416 0.475 0.416 0.475 0.415 0.474 0.414 0.474 0.413 0.471 0.411 0.47 0.411 0.468 0.409
6 0.332 0.407 0.331 0.408 0.33 0.408 0.329 0.409 0.328 0.409 0.325 0.411 0.325 0.412 0.324 0.412 0.324 0.413 0.323 0.414 0.323 0.418 0.325 0.42 0.325 0.42 0.328 0.423 0.329 0.423 0.33 0.423 0.331 0.423 0.332 0.424 0.338 0.424 0.34 0.423 0.341 0.423 0.344 0.42 0.344 0.42 0.346 0.418 0.346 0.414 0.345 0.413 0.345 0.412 0.344 0.412 0.344 0.411 0.341 0.409 0.34 0.409 0.338 0.407
6 0.701 0.393 0.7 0.394 0.699 0.394 0.698 0.395 0.697 0.395 0.694 0.397 0.694 0.398 0.693 0.398 0.693 0.399 0.692 0.4 0.692 0.404 0.694 0.405 0.694 0.406 0.695 0.407 0.695 0.408 0.694 0.409 0.693 0.409 0.692 0.409 0.691 0.409 0.688 0.412 0.688 0.412 0.686 0.413 0.686 0.414 0.685 0.415 0.685 0.419 0.688 0.42 0.688 0.421 0.691 0.423 0.692 0.423 0.693 0.424 0.694 0.424 0.695 0.425 0.7 0.425 0.702 0.423 0.703 0.423 0.706 0.421 0.706 0.42 0.708 0.419 0.708 0.415 0.707 0.414 0.707 0.413 0.706 0.412 0.706 0.412 0.705 0.411 0.708 0.409 0.709 0.409 0.712 0.406 0.712 0.405 0.715 0.404 0.715 0.4 0.714 0.399 0.714 0.398 0.712 0.398 0.712 0.397 0.709 0.395 0.708 0.395 0.706 0.393
6 0.46 0.385 0.459 0.386 0.458 0.386 0.457 0.387 0.456 0.387 0.453 0.389 0.453 0.39 0.452 0.391 0.452 0.391 0.451 0.392 0.451 0.396 0.453 0.398 0.453 0.398 0.456 0.401 0.457 0.401 0.458 0.402 0.459 0.402 0.46 0.402 0.466 0.402 0.468 0.401 0.469 0.401 0.472 0.398 0.472 0.398 0.474 0.396 0.474 0.392 0.473 0.391 0.473 0.391 0.472 0.39 0.472 0.389 0.469 0.387 0.468 0.387 0.466 0.385
6 0.201 0.385 0.2 0.386 0.199 0.386 0.198 0.387 0.197 0.387 0.194 0.389 0.194 0.39 0.193 0.391 0.193 0.391 0.192 0.392 0.192 0.396 0.194 0.398 0.194 0.398 0.197 0.401 0.198 0.401 0.199 0.402 0.2 0.402 0.201 0.402 0.206 0.402 0.208 0.401 0.209 0.401 0.212 0.398 0.212 0.398 0.215 0.396 0.215 0.392 0.214 0.391 0.214 0.391 0.212 0.39 0.212 0.389 0.209 0.387 0.208 0.387 0.206 0.385
6 0.416 0.375 0.415 0.376 0.414 0.376 0.412 0.377 0.411 0.377 0.408 0.379 0.408 0.38 0.407 0.38 0.407 0.381 0.406 0.382 0.406 0.386 0.408 0.388 0.408 0.388 0.411 0.391 0.412 0.391 0.414 0.391 0.415 0.391 0.416 0.392 0.421 0.392 0.423 0.391 0.424 0.391 0.427 0.388 0.427 0.388 0.429 0.386 0.429 0.382 0.428 0.381 0.428 0.38 0.427 0.38 0.427 0.379 0.424 0.377 0.423 0.377 0.421 0.375
6 0.803 0.367 0.802 0.368 0.801 0.368 0.8 0.369 0.799 0.369 0.796 0.371 0.796 0.372 0.795 0.373 0.795 0.373 0.794 0.374 0.794 0.378 0.796 0.38 0.796 0.38 0.799 0.383 0.8 0.383 0.801 0.384 0.802 0.384 0.803 0.384 0.807 0.384 0.808 0.385 0.808 0.386 0.807 0.387 0.807 0.391 0.809 0.392 0.809 0.393 0.812 0.395 0.814 0.395 0.815 0.396 0.816 0.396 0.817 0.397 0.822 0.397 0.824 0.395 0.825 0.395 0.828 0.393 0.828 0.392 0.83 0.391 0.83 0.387 0.829 0.386 0.829 0.385 0.828 0.384 0.828 0.384 0.825 0.381 0.824 0.381 0.822 0.38 0.817 0.38 0.816 0.379 0.817 0.378 0.817 0.374 0.816 0.373 0.816 0.373 0.815 0.372 0.815 0.371 0.811 0.369 0.81 0.369 0.808 0.367
6 0.632 0.365 0.631 0.366 0.63 0.366 0.629 0.366 0.628 0.366 0.625 0.369 0.625 0.37 0.624 0.37 0.624 0.371 0.623 0.372 0.623 0.376 0.625 0.377 0.625 0.378 0.628 0.38 0.629 0.38 0.63 0.381 0.631 0.381 0.632 0.382 0.638 0.382 0.64 0.38 0.641 0.38 0.644 0.378 0.644 0.377 0.646 0.376 0.646 0.372 0.645 0.371 0.645 0.37 0.644 0.37 0.644 0.369 0.641 0.366 0.64 0.366 0.638 0.365
6 0.591 0.356 0.59 0.357 0.589 0.357 0.588 0.358 0.586 0.358 0.583 0.36 0.583 0.361 0.582 0.362 0.582 0.362 0.581 0.363 0.581 0.367 0.583 0.369 0.583 0.37 0.586 0.372 0.588 0.372 0.589 0.373 0.59 0.373 0.591 0.373 0.596 0.373 0.598 0.372 0.599 0.372 0.602 0.37 0.602 0.369 0.604 0.367 0.604 0.363 0.603 0.362 0.603 0.362 0.602 0.361 0.602 0.36 0.599 0.358 0.598 0.358 0.596 0.356
6 0.311 0.355 0.31 0.356 0.309 0.356 0.308 0.357 0.307 0.357 0.304 0.359 0.304 0.36 0.303 0.361 0.303 0.362 0.302 0.362 0.302 0.366 0.304 0.368 0.304 0.369 0.307 0.371 0.308 0.371 0.309 0.372 0.31 0.372 0.311 0.373 0.317 0.373 0.319 0.371 0.32 0.371 0.323 0.369 0.323 0.368 0.325 0.366 0.325 0.362 0.324 0.362 0.324 0.361 0.323 0.36 0.323 0.359 0.32 0.357 0.319 0.357 0.317 0.355
6 0.243 0.354 0.242 0.355 0.241 0.355 0.24 0.355 0.239 0.355 0.235 0.358 0.235 0.359 0.234 0.359 0.234 0.36 0.233 0.361 0.233 0.365 0.235 0.366 0.235 0.367 0.239 0.37 0.24 0.37 0.241 0.37 0.242 0.37 0.243 0.371 0.248 0.371 0.25 0.37 0.251 0.37 0.254 0.367 0.254 0.366 0.256 0.365 0.256 0.361 0.255 0.36 0.255 0.359 0.254 0.359 0.254 0.358 0.251 0.355 0.25 0.355 0.248 0.354
6 0.589 0.336 0.588 0.337 0.586 0.337 0.585 0.338 0.584 0.338 0.581 0.34 0.581 0.341 0.58 0.341 0.58 0.342 0.579 0.343 0.579 0.347 0.581 0.348 0.581 0.349 0.584 0.352 0.585 0.352 0.586 0.352 0.588 0.352 0.589 0.353 0.594 0.353 0.596 0.352 0.597 0.352 0.6 0.349 0.6 0.348 0.602 0.347 0.602 0.343 0.601 0.342 0.601 0.341 0.6 0.341 0.6 0.34 0.597 0.338 0.596 0.338 0.594 0.336
6 0.532 0.277 0.531 0.277 0.53 0.277 0.529 0.278 0.528 0.278 0.525 0.28 0.525 0.281 0.524 0.282 0.524 0.283 0.523 0.284 0.523 0.288 0.525 0.289 0.525 0.29 0.528 0.292 0.529 0.292 0.53 0.293 0.531 0.293 0.532 0.294 0.538 0.294 0.54 0.292 0.541 0.292 0.544 0.29 0.544 0.289 0.546 0.288 0.546 0.284 0.545 0.283 0.545 0.282 0.544 0.281 0.544 0.28 0.541 0.278 0.54 0.278 0.538 0.277
