0 0.574 0.82 0.573 0.821 0.571 0.821 0.57 0.822 0.569 0.822 0.564 0.826 0.564 0.827 0.562 0.827 0.562 0.829 0.561 0.83 0.561 0.834 0.562 0.834 0.562 0.835 0.564 0.836 0.561 0.838 0.56 0.838 0.555 0.841 0.555 0.842 0.554 0.843 0.554 0.845 0.553 0.845 0.553 0.849 0.554 0.85 0.554 0.851 0.555 0.852 0.555 0.852 0.56 0.856 0.561 0.856 0.562 0.857 0.565 0.857 0.566 0.858 0.571 0.858 0.572 0.857 0.573 0.857 0.574 0.856 0.575 0.856 0.58 0.852 0.58 0.852 0.581 0.851 0.581 0.85 0.582 0.849 0.582 0.845 0.581 0.845 0.581 0.843 0.58 0.842 0.582 0.841 0.583 0.841 0.589 0.837 0.589 0.836 0.59 0.835 0.59 0.834 0.591 0.834 0.591 0.83 0.59 0.829 0.59 0.827 0.589 0.827 0.589 0.826 0.583 0.822 0.582 0.822 0.581 0.821 0.58 0.821 0.579 0.82
0 0.512 0.817 0.511 0.818 0.509 0.818 0.508 0.819 0.507 0.819 0.502 0.823 0.502 0.823 0.501 0.824 0.501 0.826 0.5 0.827 0.5 0.83 0.501 0.831 0.501 0.832 0.502 0.833 0.502 0.834 0.507 0.838 0.508 0.838 0.509 0.838 0.511 0.838 0.512 0.839 0.518 0.839 0.519 0.838 0.52 0.838 0.521 0.838 0.522 0.838 0.527 0.834 0.527 0.833 0.528 0.832 0.528 0.831 0.529 0.83 0.529 0.827 0.528 0.826 0.528 0.824 0.527 0.823 0.527 0.823 0.522 0.819 0.521 0.819 0.52 0.818 0.519 0.818 0.518 0.817
0 0.45 0.79 0.449 0.791 0.447 0.791 0.446 0.791 0.445 0.791 0.44 0.795 0.44 0.796 0.439 0.797 0.439 0.798 0.438 0.799 0.438 0.803 0.439 0.804 0.439 0.805 0.44 0.805 0.44 0.806 0.445 0.81 0.446 0.81 0.447 0.811 0.449 0.811 0.45 0.812 0.455 0.812 0.456 0.811 0.457 0.811 0.458 0.81 0.459 0.81 0.465 0.806 0.465 0.805 0.466 0.805 0.466 0.804 0.467 0.803 0.467 0.799 0.466 0.798 0.466 0.797 0.465 0.796 0.465 0.795 0.459 0.791 0.458 0.791 0.457 0.791 0.456 0.791 0.455 0.79
0 0.529 0.787 0.528 0.788 0.526 0.788 0.525 0.788 0.524 0.788 0.519 0.792 0.519 0.793 0.518 0.794 0.518 0.795 0.517 0.796 0.517 0.8 0.518 0.801 0.518 0.802 0.519 0.802 0.519 0.803 0.521 0.805 0.521 0.805 0.52 0.806 0.52 0.81 0.521 0.811 0.521 0.812 0.522 0.812 0.522 0.813 0.527 0.817 0.528 0.817 0.529 0.818 0.531 0.818 0.532 0.819 0.538 0.819 0.539 0.818 0.54 0.818 0.541 0.817 0.542 0.817 0.547 0.813 0.547 0.812 0.548 0.812 0.548 0.811 0.549 0.81 0.549 0.806 0.548 0.805 0.548 0.804 0.547 0.803 0.547 0.802 0.545 0.801 0.546 0.8 0.546 0.796 0.545 0.795 0.545 0.794 0.544 0.793 0.544 0.792 0.539 0.788 0.538 0.788 0.536 0.788 0.535 0.788 0.534 0.787
0 0.458 0.762 0.457 0.763 0.455 0.763 0.454 0.764 0.453 0.764 0.448 0.768 0.448 0.769 0.447 0.77 0.447 0.771 0.446 0.772 0.446 0.776 0.447 0.777 0.447 0.777 0.448 0.778 0.448 0.779 0.453 0.783 0.454 0.783 0.455 0.784 0.457 0.784 0.458 0.784 0.464 0.784 0.465 0.784 0.466 0.784 0.467 0.783 0.468 0.783 0.473 0.779 0.473 0.778 0.474 0.777 0.474 0.777 0.475 0.776 0.475 0.772 0.474 0.771 0.474 0.77 0.473 0.769 0.473 0.768 0.468 0.764 0.467 0.764 0.466 0.763 0.465 0.763 0.464 0.762
0 0.553 0.744 0.552 0.745 0.55 0.745 0.549 0.745 0.548 0.745 0.543 0.749 0.543 0.75 0.542 0.751 0.542 0.752 0.541 0.753 0.541 0.757 0.542 0.758 0.542 0.759 0.543 0.759 0.543 0.76 0.548 0.764 0.549 0.764 0.55 0.765 0.552 0.765 0.553 0.766 0.558 0.766 0.559 0.765 0.56 0.765 0.561 0.764 0.562 0.764 0.564 0.763 0.566 0.765 0.566 0.766 0.567 0.766 0.567 0.767 0.572 0.771 0.573 0.771 0.574 0.772 0.576 0.772 0.577 0.773 0.582 0.773 0.583 0.772 0.584 0.772 0.585 0.771 0.586 0.771 0.592 0.767 0.592 0.766 0.593 0.766 0.593 0.765 0.594 0.764 0.594 0.76 0.593 0.759 0.593 0.758 0.592 0.757 0.592 0.756 0.586 0.752 0.585 0.752 0.584 0.752 0.583 0.752 0.582 0.751 0.577 0.751 0.576 0.752 0.574 0.752 0.573 0.752 0.572 0.752 0.571 0.753 0.57 0.753 0.569 0.752 0.569 0.751 0.568 0.75 0.568 0.749 0.562 0.745 0.561 0.745 0.56 0.745 0.559 0.745 0.558 0.744
0 0.744 0.738 0.743 0.739 0.741 0.739 0.74 0.74 0.739 0.74 0.733 0.744 0.733 0.745 0.732 0.745 0.732 0.747 0.731 0.748 0.731 0.752 0.732 0.752 0.732 0.753 0.733 0.754 0.733 0.755 0.739 0.759 0.74 0.759 0.741 0.759 0.743 0.759 0.744 0.76 0.749 0.76 0.75 0.759 0.751 0.759 0.752 0.759 0.753 0.759 0.758 0.755 0.758 0.754 0.759 0.753 0.759 0.752 0.76 0.752 0.76 0.748 0.759 0.747 0.759 0.745 0.758 0.745 0.758 0.744 0.753 0.74 0.752 0.74 0.751 0.739 0.75 0.739 0.749 0.738
0 0.2 0.727 0.199 0.728 0.197 0.728 0.196 0.729 0.195 0.729 0.19 0.733 0.19 0.734 0.189 0.734 0.189 0.736 0.188 0.737 0.188 0.741 0.189 0.741 0.189 0.742 0.19 0.743 0.19 0.744 0.195 0.748 0.196 0.748 0.197 0.748 0.199 0.748 0.2 0.749 0.205 0.749 0.206 0.748 0.207 0.748 0.208 0.748 0.209 0.748 0.215 0.744 0.215 0.743 0.216 0.742 0.216 0.741 0.217 0.741 0.217 0.737 0.216 0.736 0.216 0.734 0.215 0.734 0.215 0.733 0.209 0.729 0.208 0.729 0.207 0.728 0.206 0.728 0.205 0.727
0 0.6 0.724 0.595 0.728 0.595 0.729 0.594 0.73 0.594 0.734 0.595 0.735 0.595 0.736 0.6 0.74 0.606 0.74 0.611 0.736 0.611 0.735 0.612 0.734 0.612 0.73 0.611 0.729 0.611 0.728 0.606 0.724
0 0.796 0.713 0.795 0.714 0.793 0.714 0.792 0.715 0.791 0.715 0.785 0.719 0.785 0.72 0.784 0.72 0.784 0.722 0.783 0.723 0.783 0.727 0.784 0.727 0.784 0.728 0.785 0.729 0.785 0.73 0.791 0.734 0.792 0.734 0.793 0.734 0.795 0.734 0.796 0.735 0.801 0.735 0.802 0.734 0.803 0.734 0.804 0.734 0.805 0.734 0.81 0.73 0.81 0.729 0.811 0.728 0.811 0.727 0.812 0.727 0.812 0.723 0.811 0.722 0.811 0.72 0.81 0.72 0.81 0.719 0.805 0.715 0.804 0.715 0.803 0.714 0.802 0.714 0.801 0.713
0 0.417 0.707 0.416 0.708 0.414 0.708 0.412 0.709 0.411 0.709 0.406 0.712 0.406 0.713 0.405 0.714 0.405 0.716 0.404 0.716 0.404 0.72 0.405 0.721 0.405 0.722 0.406 0.723 0.406 0.723 0.411 0.727 0.412 0.727 0.414 0.728 0.416 0.728 0.417 0.729 0.422 0.729 0.423 0.728 0.424 0.728 0.425 0.727 0.426 0.727 0.431 0.723 0.431 0.723 0.432 0.722 0.432 0.721 0.433 0.72 0.433 0.716 0.432 0.716 0.432 0.714 0.431 0.713 0.431 0.712 0.426 0.709 0.425 0.709 0.424 0.708 0.423 0.708 0.422 0.707
0 0.575 0.695 0.57 0.699 0.57 0.7 0.569 0.701 0.569 0.705 0.57 0.706 0.57 0.707 0.572 0.709 0.571 0.709 0.569 0.709 0.568 0.71 0.566 0.71 0.565 0.711 0.564 0.711 0.558 0.715 0.558 0.716 0.557 0.716 0.557 0.718 0.556 0.719 0.556 0.723 0.557 0.723 0.557 0.724 0.558 0.725 0.558 0.726 0.564 0.73 0.565 0.73 0.566 0.73 0.568 0.73 0.569 0.731 0.574 0.731 0.575 0.73 0.576 0.73 0.577 0.73 0.578 0.73 0.583 0.726 0.583 0.725 0.584 0.724 0.584 0.723 0.585 0.723 0.585 0.719 0.584 0.718 0.584 0.716 0.583 0.716 0.583 0.715 0.579 0.712 0.58 0.711 0.581 0.711 0.583 0.709 0.584 0.71 0.584 0.711 0.585 0.712 0.585 0.712 0.591 0.716 0.597 0.716 0.602 0.712 0.602 0.712 0.603 0.711 0.603 0.706 0.602 0.705 0.602 0.705 0.597 0.701 0.591 0.701 0.589 0.702 0.588 0.702 0.588 0.701 0.586 0.7 0.586 0.699 0.581 0.695
0 0.314 0.691 0.312 0.692 0.31 0.692 0.309 0.693 0.308 0.693 0.303 0.697 0.303 0.698 0.302 0.698 0.302 0.7 0.301 0.701 0.301 0.705 0.302 0.705 0.302 0.706 0.303 0.707 0.303 0.708 0.308 0.712 0.309 0.712 0.31 0.712 0.312 0.712 0.314 0.713 0.319 0.713 0.32 0.712 0.321 0.712 0.322 0.712 0.323 0.712 0.328 0.708 0.328 0.707 0.329 0.706 0.329 0.705 0.33 0.705 0.33 0.701 0.329 0.7 0.329 0.698 0.328 0.698 0.328 0.697 0.323 0.693 0.322 0.693 0.321 0.692 0.32 0.692 0.319 0.691
0 0.695 0.691 0.694 0.691 0.692 0.691 0.691 0.692 0.69 0.692 0.684 0.696 0.684 0.697 0.683 0.698 0.683 0.699 0.682 0.7 0.682 0.704 0.683 0.705 0.683 0.705 0.684 0.706 0.684 0.707 0.69 0.711 0.691 0.711 0.692 0.712 0.694 0.712 0.695 0.712 0.7 0.712 0.701 0.712 0.702 0.712 0.703 0.711 0.704 0.711 0.709 0.707 0.709 0.706 0.71 0.705 0.71 0.705 0.711 0.704 0.711 0.7 0.71 0.699 0.71 0.698 0.709 0.697 0.709 0.696 0.704 0.692 0.703 0.692 0.702 0.691 0.701 0.691 0.7 0.691
0 0.741 0.688 0.74 0.688 0.738 0.688 0.736 0.689 0.735 0.689 0.73 0.693 0.73 0.694 0.729 0.695 0.729 0.696 0.728 0.697 0.728 0.701 0.729 0.702 0.729 0.702 0.73 0.703 0.73 0.704 0.735 0.708 0.736 0.708 0.738 0.709 0.74 0.709 0.741 0.709 0.746 0.709 0.747 0.709 0.748 0.709 0.749 0.708 0.75 0.708 0.755 0.704 0.755 0.703 0.756 0.702 0.756 0.702 0.757 0.701 0.757 0.697 0.756 0.696 0.756 0.695 0.755 0.694 0.755 0.693 0.75 0.689 0.749 0.689 0.748 0.688 0.747 0.688 0.746 0.688
0 0.554 0.687 0.549 0.691 0.549 0.691 0.547 0.693 0.541 0.693 0.535 0.697 0.535 0.698 0.534 0.698 0.534 0.703 0.535 0.704 0.535 0.705 0.541 0.709 0.547 0.709 0.552 0.705 0.552 0.704 0.554 0.702 0.56 0.702 0.566 0.698 0.566 0.698 0.567 0.697 0.567 0.692 0.566 0.691 0.566 0.691 0.56 0.687
0 0.503 0.681 0.502 0.682 0.501 0.682 0.5 0.683 0.499 0.683 0.496 0.685 0.496 0.686 0.495 0.687 0.495 0.688 0.494 0.688 0.494 0.693 0.495 0.694 0.495 0.695 0.493 0.696 0.492 0.696 0.491 0.697 0.49 0.697 0.486 0.699 0.486 0.7 0.485 0.701 0.485 0.702 0.484 0.702 0.484 0.707 0.485 0.708 0.485 0.709 0.486 0.709 0.486 0.71 0.49 0.712 0.491 0.712 0.492 0.713 0.493 0.713 0.494 0.714 0.492 0.716 0.492 0.716 0.491 0.717 0.491 0.718 0.49 0.719 0.49 0.723 0.491 0.724 0.491 0.725 0.492 0.726 0.492 0.727 0.495 0.729 0.496 0.729 0.497 0.73 0.498 0.73 0.499 0.73 0.505 0.73 0.506 0.73 0.507 0.73 0.508 0.729 0.509 0.729 0.51 0.73 0.51 0.733 0.511 0.734 0.511 0.734 0.517 0.738 0.517 0.739 0.512 0.742 0.512 0.743 0.511 0.744 0.511 0.745 0.51 0.746 0.51 0.75 0.511 0.751 0.511 0.752 0.512 0.752 0.512 0.753 0.518 0.757 0.519 0.757 0.52 0.758 0.522 0.758 0.523 0.759 0.528 0.759 0.529 0.758 0.53 0.758 0.531 0.757 0.532 0.757 0.538 0.753 0.538 0.752 0.539 0.752 0.539 0.751 0.54 0.75 0.54 0.746 0.539 0.745 0.539 0.744 0.538 0.743 0.538 0.742 0.532 0.738 0.531 0.738 0.53 0.738 0.529 0.738 0.528 0.737 0.527 0.737 0.526 0.736 0.528 0.734 0.528 0.734 0.529 0.733 0.533 0.736 0.54 0.736 0.545 0.732 0.545 0.731 0.546 0.73 0.546 0.726 0.545 0.725 0.545 0.724 0.54 0.72 0.533 0.72 0.528 0.724 0.528 0.725 0.527 0.726 0.523 0.723 0.517 0.723 0.516 0.723 0.515 0.723 0.515 0.719 0.514 0.718 0.514 0.717 0.512 0.716 0.514 0.716 0.517 0.716 0.518 0.715 0.519 0.715 0.52 0.714 0.521 0.714 0.524 0.712 0.524 0.711 0.525 0.71 0.525 0.709 0.526 0.709 0.526 0.704 0.525 0.703 0.525 0.702 0.524 0.702 0.524 0.701 0.521 0.698 0.52 0.698 0.519 0.698 0.518 0.698 0.517 0.697 0.517 0.695 0.518 0.695 0.518 0.694 0.519 0.693 0.519 0.688 0.518 0.688 0.518 0.687 0.517 0.686 0.517 0.685 0.514 0.683 0.512 0.683 0.511 0.682 0.51 0.682 0.509 0.681
0 0.289 0.678 0.288 0.679 0.285 0.679 0.284 0.68 0.283 0.68 0.278 0.684 0.278 0.684 0.277 0.685 0.277 0.687 0.276 0.688 0.276 0.691 0.277 0.692 0.277 0.693 0.278 0.694 0.278 0.695 0.283 0.698 0.284 0.698 0.285 0.699 0.288 0.699 0.289 0.7 0.294 0.7 0.295 0.699 0.296 0.699 0.297 0.698 0.298 0.698 0.303 0.695 0.303 0.694 0.304 0.693 0.304 0.692 0.305 0.691 0.305 0.688 0.304 0.687 0.304 0.685 0.303 0.684 0.303 0.684 0.298 0.68 0.297 0.68 0.296 0.679 0.295 0.679 0.294 0.678
0 0.795 0.673 0.794 0.673 0.792 0.673 0.791 0.674 0.79 0.674 0.784 0.678 0.784 0.679 0.783 0.68 0.783 0.681 0.782 0.682 0.782 0.686 0.783 0.687 0.783 0.688 0.784 0.688 0.784 0.689 0.79 0.693 0.791 0.693 0.792 0.694 0.794 0.694 0.795 0.695 0.8 0.695 0.801 0.694 0.802 0.694 0.803 0.693 0.804 0.693 0.809 0.689 0.809 0.688 0.81 0.688 0.81 0.687 0.811 0.686 0.811 0.682 0.81 0.681 0.81 0.68 0.809 0.679 0.809 0.678 0.804 0.674 0.803 0.674 0.802 0.673 0.801 0.673 0.8 0.673
0 0.538 0.67 0.532 0.673 0.532 0.674 0.531 0.675 0.531 0.68 0.532 0.68 0.532 0.681 0.538 0.685 0.544 0.685 0.549 0.681 0.549 0.68 0.55 0.68 0.55 0.675 0.549 0.674 0.549 0.673 0.544 0.67
0 0.583 0.666 0.582 0.667 0.581 0.667 0.58 0.668 0.579 0.668 0.576 0.67 0.576 0.671 0.575 0.672 0.575 0.673 0.574 0.673 0.574 0.678 0.575 0.679 0.575 0.68 0.576 0.68 0.576 0.681 0.579 0.684 0.58 0.684 0.581 0.684 0.582 0.684 0.583 0.685 0.59 0.685 0.591 0.684 0.592 0.684 0.593 0.684 0.594 0.684 0.597 0.681 0.597 0.68 0.598 0.68 0.598 0.679 0.599 0.678 0.599 0.673 0.598 0.673 0.598 0.672 0.597 0.671 0.597 0.67 0.594 0.668 0.593 0.668 0.592 0.667 0.591 0.667 0.59 0.666
0 0.62 0.666 0.619 0.666 0.618 0.666 0.617 0.667 0.616 0.667 0.612 0.67 0.612 0.67 0.611 0.671 0.611 0.672 0.61 0.673 0.61 0.677 0.611 0.678 0.611 0.679 0.612 0.68 0.612 0.68 0.616 0.683 0.617 0.683 0.618 0.684 0.619 0.684 0.62 0.684 0.626 0.684 0.627 0.684 0.628 0.684 0.629 0.683 0.63 0.683 0.633 0.68 0.633 0.68 0.634 0.679 0.634 0.678 0.635 0.677 0.635 0.673 0.634 0.672 0.634 0.671 0.633 0.67 0.633 0.67 0.63 0.667 0.629 0.667 0.628 0.666 0.627 0.666 0.626 0.666
0 0.66 0.662 0.659 0.662 0.658 0.662 0.657 0.663 0.656 0.663 0.653 0.666 0.647 0.666 0.646 0.666 0.645 0.666 0.644 0.667 0.643 0.667 0.64 0.67 0.64 0.67 0.639 0.671 0.639 0.672 0.638 0.673 0.638 0.677 0.639 0.678 0.639 0.679 0.64 0.68 0.64 0.68 0.643 0.683 0.644 0.683 0.645 0.684 0.646 0.684 0.647 0.684 0.646 0.685 0.64 0.685 0.634 0.689 0.634 0.69 0.633 0.691 0.63 0.688 0.624 0.688 0.619 0.692 0.619 0.693 0.618 0.694 0.618 0.698 0.619 0.699 0.619 0.7 0.624 0.704 0.63 0.704 0.635 0.7 0.635 0.699 0.636 0.698 0.64 0.701 0.646 0.701 0.651 0.697 0.651 0.696 0.652 0.695 0.652 0.691 0.651 0.69 0.651 0.689 0.646 0.685 0.647 0.684 0.653 0.684 0.654 0.684 0.655 0.684 0.656 0.683 0.657 0.683 0.66 0.68 0.667 0.68 0.668 0.68 0.669 0.68 0.67 0.679 0.671 0.679 0.674 0.677 0.674 0.676 0.675 0.675 0.675 0.674 0.676 0.673 0.676 0.669 0.675 0.668 0.675 0.667 0.674 0.666 0.674 0.666 0.671 0.663 0.67 0.663 0.669 0.662 0.668 0.662 0.667 0.662
0 0.833 0.659 0.832 0.659 0.83 0.659 0.829 0.66 0.828 0.66 0.823 0.664 0.823 0.665 0.822 0.666 0.822 0.667 0.821 0.668 0.821 0.672 0.822 0.673 0.822 0.673 0.823 0.674 0.823 0.675 0.828 0.679 0.829 0.679 0.83 0.68 0.832 0.68 0.833 0.68 0.839 0.68 0.84 0.68 0.841 0.68 0.842 0.679 0.843 0.679 0.848 0.675 0.848 0.674 0.849 0.673 0.849 0.673 0.85 0.672 0.85 0.668 0.849 0.667 0.849 0.666 0.848 0.665 0.848 0.664 0.843 0.66 0.842 0.66 0.841 0.659 0.84 0.659 0.839 0.659
0 0.385 0.654 0.384 0.655 0.383 0.655 0.382 0.655 0.381 0.655 0.378 0.658 0.378 0.659 0.377 0.659 0.377 0.66 0.376 0.661 0.376 0.666 0.377 0.666 0.377 0.667 0.378 0.668 0.378 0.669 0.381 0.671 0.382 0.671 0.383 0.672 0.384 0.672 0.385 0.673 0.392 0.673 0.393 0.672 0.394 0.672 0.395 0.671 0.396 0.671 0.398 0.67 0.399 0.67 0.4 0.67 0.4 0.671 0.401 0.672 0.401 0.673 0.404 0.675 0.405 0.675 0.406 0.676 0.407 0.676 0.409 0.677 0.404 0.681 0.404 0.682 0.403 0.683 0.403 0.684 0.402 0.685 0.402 0.689 0.403 0.69 0.403 0.691 0.404 0.691 0.404 0.692 0.409 0.696 0.41 0.696 0.411 0.697 0.414 0.697 0.415 0.698 0.42 0.698 0.421 0.697 0.422 0.697 0.423 0.696 0.424 0.696 0.429 0.692 0.429 0.691 0.43 0.691 0.43 0.69 0.431 0.689 0.431 0.685 0.43 0.684 0.43 0.683 0.429 0.682 0.429 0.681 0.424 0.677 0.423 0.677 0.422 0.677 0.421 0.677 0.419 0.675 0.422 0.673 0.422 0.672 0.423 0.671 0.423 0.67 0.424 0.67 0.424 0.665 0.423 0.664 0.423 0.663 0.422 0.662 0.422 0.662 0.419 0.659 0.418 0.659 0.417 0.659 0.416 0.659 0.415 0.658 0.408 0.658 0.407 0.659 0.406 0.659 0.405 0.659 0.404 0.659 0.402 0.661 0.401 0.661 0.4 0.66 0.4 0.659 0.399 0.659 0.399 0.658 0.396 0.655 0.395 0.655 0.394 0.655 0.393 0.655 0.392 0.654
0 0.699 0.651 0.698 0.652 0.697 0.652 0.696 0.652 0.695 0.652 0.692 0.655 0.692 0.655 0.691 0.656 0.691 0.657 0.69 0.658 0.69 0.661 0.691 0.662 0.691 0.662 0.692 0.663 0.692 0.664 0.695 0.666 0.696 0.666 0.697 0.667 0.698 0.667 0.699 0.668 0.705 0.668 0.706 0.667 0.708 0.667 0.712 0.664 0.712 0.663 0.714 0.662 0.714 0.662 0.715 0.661 0.715 0.658 0.714 0.657 0.714 0.656 0.712 0.655 0.712 0.655 0.708 0.652 0.706 0.652 0.705 0.651
0 0.552 0.648 0.547 0.652 0.547 0.653 0.546 0.654 0.546 0.659 0.547 0.659 0.547 0.66 0.552 0.664 0.558 0.664 0.56 0.662 0.561 0.662 0.567 0.666 0.573 0.666 0.578 0.662 0.578 0.662 0.579 0.661 0.579 0.656 0.578 0.655 0.578 0.655 0.573 0.651 0.567 0.651 0.565 0.652 0.564 0.652 0.558 0.648
0 0.592 0.644 0.586 0.648 0.586 0.648 0.585 0.649 0.585 0.654 0.586 0.655 0.586 0.655 0.592 0.659 0.598 0.659 0.603 0.655 0.603 0.655 0.604 0.654 0.604 0.649 0.603 0.648 0.603 0.648 0.598 0.644
0 0.357 0.64 0.356 0.641 0.355 0.641 0.354 0.641 0.353 0.641 0.35 0.644 0.35 0.645 0.349 0.645 0.349 0.646 0.348 0.647 0.348 0.652 0.349 0.652 0.349 0.653 0.35 0.654 0.35 0.655 0.353 0.657 0.354 0.657 0.355 0.658 0.356 0.658 0.357 0.659 0.364 0.659 0.365 0.658 0.366 0.658 0.367 0.657 0.368 0.657 0.371 0.655 0.371 0.654 0.372 0.653 0.372 0.652 0.373 0.652 0.373 0.647 0.372 0.646 0.372 0.645 0.371 0.645 0.371 0.644 0.368 0.641 0.367 0.641 0.366 0.641 0.365 0.641 0.364 0.64
0 0.276 0.634 0.271 0.638 0.271 0.639 0.27 0.64 0.269 0.64 0.266 0.638 0.259 0.638 0.254 0.641 0.254 0.642 0.253 0.643 0.253 0.648 0.254 0.648 0.254 0.649 0.259 0.653 0.266 0.653 0.271 0.649 0.271 0.648 0.272 0.648 0.273 0.648 0.276 0.65 0.282 0.65 0.288 0.646 0.288 0.645 0.289 0.645 0.289 0.64 0.288 0.639 0.288 0.638 0.282 0.634
0 0.731 0.63 0.73 0.63 0.729 0.63 0.728 0.631 0.727 0.631 0.724 0.634 0.724 0.634 0.723 0.635 0.723 0.636 0.722 0.637 0.722 0.64 0.723 0.641 0.723 0.641 0.724 0.642 0.724 0.643 0.727 0.645 0.728 0.645 0.729 0.646 0.73 0.646 0.731 0.647 0.738 0.647 0.739 0.646 0.741 0.646 0.742 0.647 0.743 0.647 0.744 0.648 0.745 0.648 0.746 0.648 0.752 0.648 0.753 0.648 0.755 0.648 0.759 0.645 0.759 0.644 0.76 0.643 0.76 0.642 0.761 0.641 0.761 0.638 0.76 0.638 0.76 0.637 0.759 0.636 0.759 0.635 0.755 0.632 0.753 0.632 0.752 0.631 0.746 0.631 0.745 0.632 0.743 0.632 0.741 0.63 0.739 0.63 0.738 0.63
0 0.497 0.625 0.492 0.629 0.492 0.63 0.491 0.63 0.491 0.635 0.492 0.636 0.492 0.637 0.497 0.641 0.503 0.641 0.505 0.639 0.506 0.64 0.506 0.645 0.507 0.645 0.507 0.646 0.509 0.648 0.508 0.648 0.503 0.648 0.498 0.652 0.498 0.653 0.497 0.654 0.497 0.659 0.498 0.659 0.498 0.66 0.503 0.664 0.509 0.664 0.515 0.66 0.515 0.659 0.516 0.659 0.517 0.659 0.521 0.662 0.527 0.662 0.532 0.658 0.532 0.657 0.533 0.656 0.533 0.652 0.532 0.651 0.532 0.65 0.527 0.646 0.525 0.646 0.524 0.645 0.525 0.645 0.525 0.64 0.524 0.639 0.524 0.638 0.519 0.634 0.512 0.634 0.51 0.636 0.509 0.635 0.509 0.63 0.508 0.63 0.508 0.629 0.503 0.625
0 0.475 0.624 0.47 0.628 0.47 0.629 0.469 0.63 0.469 0.634 0.47 0.635 0.47 0.636 0.475 0.64 0.477 0.64 0.478 0.641 0.476 0.642 0.476 0.643 0.475 0.644 0.475 0.648 0.476 0.649 0.476 0.65 0.481 0.654 0.488 0.654 0.493 0.65 0.493 0.649 0.494 0.648 0.494 0.644 0.493 0.643 0.493 0.642 0.488 0.638 0.485 0.638 0.484 0.638 0.486 0.636 0.486 0.635 0.488 0.634 0.488 0.63 0.486 0.629 0.486 0.628 0.481 0.624
0 0.556 0.623 0.551 0.627 0.551 0.627 0.55 0.628 0.55 0.633 0.551 0.634 0.551 0.634 0.556 0.638 0.562 0.638 0.568 0.634 0.568 0.634 0.569 0.633 0.569 0.628 0.568 0.627 0.568 0.627 0.562 0.623
0 0.448 0.621 0.443 0.625 0.443 0.626 0.442 0.627 0.435 0.627 0.43 0.63 0.43 0.631 0.429 0.632 0.429 0.637 0.43 0.638 0.43 0.638 0.435 0.642 0.441 0.642 0.442 0.643 0.441 0.644 0.44 0.644 0.436 0.646 0.436 0.647 0.435 0.648 0.435 0.648 0.434 0.649 0.434 0.652 0.435 0.653 0.435 0.654 0.436 0.655 0.436 0.655 0.44 0.658 0.441 0.658 0.442 0.659 0.443 0.659 0.444 0.659 0.45 0.659 0.451 0.659 0.453 0.659 0.457 0.655 0.457 0.655 0.458 0.654 0.458 0.653 0.459 0.652 0.459 0.649 0.458 0.648 0.458 0.648 0.457 0.647 0.457 0.646 0.453 0.643 0.451 0.643 0.45 0.642 0.444 0.642 0.443 0.641 0.447 0.638 0.447 0.638 0.448 0.637 0.454 0.637 0.459 0.633 0.459 0.632 0.46 0.631 0.46 0.627 0.459 0.626 0.459 0.625 0.454 0.621
0 0.701 0.617 0.696 0.621 0.696 0.622 0.695 0.623 0.695 0.623 0.694 0.624 0.689 0.624 0.683 0.628 0.683 0.629 0.682 0.63 0.682 0.634 0.683 0.635 0.683 0.636 0.684 0.637 0.683 0.638 0.677 0.638 0.676 0.638 0.675 0.638 0.674 0.639 0.673 0.639 0.67 0.641 0.67 0.642 0.669 0.643 0.669 0.644 0.668 0.645 0.668 0.648 0.669 0.648 0.669 0.649 0.67 0.65 0.67 0.651 0.673 0.653 0.674 0.653 0.675 0.654 0.676 0.654 0.677 0.655 0.683 0.655 0.684 0.654 0.686 0.654 0.691 0.651 0.691 0.65 0.692 0.649 0.692 0.648 0.693 0.648 0.693 0.645 0.692 0.644 0.692 0.643 0.691 0.642 0.691 0.641 0.69 0.641 0.691 0.64 0.695 0.64 0.7 0.636 0.7 0.635 0.701 0.634 0.701 0.634 0.702 0.633 0.707 0.633 0.712 0.629 0.712 0.628 0.714 0.627 0.714 0.623 0.712 0.622 0.712 0.621 0.707 0.617
0 0.782 0.616 0.781 0.617 0.78 0.617 0.779 0.618 0.778 0.618 0.775 0.62 0.775 0.621 0.774 0.622 0.774 0.623 0.773 0.623 0.773 0.627 0.774 0.627 0.774 0.628 0.775 0.629 0.775 0.63 0.778 0.632 0.779 0.632 0.78 0.633 0.781 0.633 0.782 0.634 0.789 0.634 0.79 0.633 0.792 0.633 0.796 0.63 0.796 0.629 0.797 0.628 0.797 0.627 0.798 0.627 0.798 0.623 0.797 0.623 0.797 0.622 0.796 0.621 0.796 0.62 0.792 0.617 0.79 0.617 0.789 0.616
0 0.607 0.616 0.602 0.62 0.602 0.621 0.601 0.622 0.601 0.627 0.602 0.627 0.602 0.628 0.607 0.632 0.614 0.632 0.619 0.628 0.619 0.627 0.62 0.627 0.621 0.627 0.621 0.631 0.622 0.632 0.622 0.633 0.627 0.637 0.633 0.637 0.638 0.634 0.639 0.634 0.639 0.635 0.638 0.636 0.638 0.641 0.639 0.641 0.639 0.642 0.644 0.646 0.65 0.646 0.655 0.642 0.655 0.641 0.656 0.641 0.656 0.636 0.655 0.635 0.655 0.634 0.65 0.63 0.644 0.63 0.64 0.634 0.639 0.633 0.639 0.632 0.64 0.631 0.64 0.627 0.639 0.626 0.639 0.625 0.633 0.621 0.627 0.621 0.622 0.625 0.622 0.626 0.621 0.627 0.62 0.626 0.62 0.622 0.619 0.621 0.619 0.62 0.614 0.616
0 0.298 0.614 0.293 0.618 0.293 0.619 0.292 0.62 0.292 0.624 0.293 0.625 0.293 0.626 0.298 0.63 0.304 0.63 0.309 0.626 0.309 0.625 0.31 0.624 0.31 0.62 0.309 0.619 0.309 0.618 0.304 0.614
0 0.644 0.61 0.639 0.614 0.639 0.615 0.638 0.616 0.638 0.62 0.639 0.621 0.639 0.622 0.644 0.626 0.65 0.626 0.655 0.622 0.655 0.621 0.656 0.62 0.656 0.616 0.655 0.615 0.655 0.614 0.65 0.61
0 0.525 0.61 0.52 0.614 0.52 0.615 0.519 0.616 0.519 0.62 0.52 0.621 0.52 0.622 0.525 0.626 0.531 0.626 0.536 0.622 0.536 0.621 0.538 0.62 0.538 0.616 0.536 0.615 0.536 0.614 0.531 0.61
0 0.576 0.609 0.571 0.613 0.571 0.614 0.57 0.615 0.57 0.62 0.571 0.62 0.571 0.621 0.576 0.625 0.582 0.625 0.583 0.626 0.58 0.628 0.58 0.629 0.579 0.63 0.579 0.634 0.58 0.635 0.58 0.636 0.585 0.64 0.592 0.64 0.597 0.636 0.597 0.635 0.598 0.634 0.598 0.63 0.597 0.629 0.597 0.628 0.592 0.624 0.585 0.624 0.584 0.623 0.588 0.621 0.588 0.62 0.589 0.62 0.589 0.615 0.588 0.614 0.588 0.613 0.582 0.609
0 0.251 0.604 0.246 0.608 0.246 0.609 0.245 0.609 0.245 0.614 0.246 0.615 0.246 0.616 0.251 0.62 0.257 0.62 0.262 0.616 0.262 0.615 0.264 0.614 0.264 0.609 0.262 0.609 0.262 0.608 0.257 0.604
0 0.386 0.603 0.381 0.607 0.381 0.608 0.38 0.609 0.38 0.611 0.379 0.612 0.374 0.612 0.369 0.616 0.369 0.616 0.368 0.617 0.368 0.622 0.369 0.623 0.369 0.623 0.374 0.627 0.38 0.627 0.384 0.624 0.385 0.624 0.386 0.625 0.386 0.626 0.392 0.63 0.398 0.63 0.403 0.626 0.403 0.625 0.404 0.624 0.404 0.62 0.403 0.619 0.403 0.618 0.398 0.614 0.399 0.613 0.399 0.609 0.398 0.608 0.398 0.607 0.393 0.603
0 0.273 0.601 0.268 0.605 0.268 0.605 0.267 0.606 0.267 0.611 0.268 0.612 0.268 0.612 0.273 0.616 0.279 0.616 0.284 0.612 0.284 0.612 0.285 0.611 0.285 0.606 0.284 0.605 0.284 0.605 0.279 0.601
0 0.671 0.6 0.666 0.604 0.666 0.605 0.665 0.605 0.665 0.61 0.666 0.611 0.666 0.612 0.671 0.616 0.677 0.616 0.682 0.612 0.682 0.611 0.683 0.61 0.683 0.605 0.682 0.605 0.682 0.604 0.677 0.6
0 0.595 0.6 0.59 0.604 0.59 0.605 0.589 0.605 0.589 0.61 0.59 0.611 0.59 0.612 0.595 0.616 0.601 0.616 0.606 0.612 0.606 0.611 0.607 0.61 0.607 0.605 0.606 0.605 0.606 0.604 0.601 0.6
0 0.418 0.598 0.412 0.602 0.412 0.603 0.411 0.604 0.411 0.609 0.412 0.609 0.412 0.61 0.418 0.614 0.421 0.614 0.422 0.615 0.422 0.616 0.423 0.617 0.423 0.618 0.428 0.622 0.434 0.622 0.44 0.618 0.44 0.617 0.441 0.616 0.441 0.612 0.44 0.611 0.44 0.61 0.434 0.606 0.431 0.606 0.43 0.605 0.43 0.604 0.429 0.603 0.429 0.602 0.424 0.598
0 0.746 0.595 0.745 0.596 0.744 0.596 0.743 0.597 0.742 0.597 0.739 0.599 0.739 0.6 0.738 0.601 0.738 0.602 0.736 0.602 0.736 0.607 0.738 0.608 0.738 0.609 0.739 0.609 0.739 0.61 0.742 0.612 0.743 0.612 0.744 0.613 0.745 0.613 0.746 0.614 0.752 0.614 0.753 0.613 0.754 0.613 0.755 0.612 0.756 0.612 0.759 0.61 0.759 0.609 0.76 0.609 0.76 0.608 0.761 0.607 0.761 0.602 0.76 0.602 0.76 0.601 0.759 0.6 0.759 0.599 0.756 0.597 0.755 0.597 0.754 0.596 0.753 0.596 0.752 0.595
0 0.508 0.595 0.503 0.599 0.503 0.6 0.502 0.601 0.502 0.605 0.503 0.606 0.503 0.607 0.508 0.611 0.515 0.611 0.52 0.607 0.52 0.606 0.521 0.605 0.521 0.601 0.52 0.6 0.52 0.599 0.515 0.595
0 0.488 0.594 0.482 0.598 0.482 0.598 0.481 0.599 0.481 0.604 0.482 0.605 0.482 0.605 0.488 0.609 0.494 0.609 0.499 0.605 0.499 0.605 0.5 0.604 0.5 0.599 0.499 0.598 0.499 0.598 0.494 0.594
0 0.17 0.594 0.165 0.598 0.165 0.598 0.164 0.599 0.164 0.604 0.165 0.605 0.165 0.605 0.17 0.609 0.176 0.609 0.179 0.607 0.18 0.608 0.18 0.609 0.181 0.609 0.181 0.61 0.184 0.612 0.184 0.613 0.183 0.614 0.183 0.619 0.184 0.62 0.184 0.62 0.19 0.624 0.196 0.624 0.201 0.62 0.201 0.62 0.202 0.619 0.202 0.615 0.203 0.614 0.205 0.616 0.205 0.616 0.21 0.62 0.217 0.62 0.222 0.616 0.222 0.616 0.223 0.615 0.224 0.616 0.224 0.617 0.225 0.618 0.225 0.619 0.23 0.623 0.236 0.623 0.242 0.619 0.242 0.618 0.243 0.617 0.243 0.612 0.242 0.612 0.242 0.611 0.236 0.607 0.23 0.607 0.225 0.611 0.225 0.612 0.224 0.612 0.223 0.612 0.223 0.61 0.222 0.609 0.222 0.609 0.215 0.603 0.215 0.602 0.209 0.598 0.203 0.598 0.198 0.602 0.193 0.598 0.186 0.598 0.183 0.601 0.182 0.6 0.182 0.599 0.181 0.598 0.181 0.598 0.176 0.594
0 0.456 0.588 0.451 0.591 0.451 0.592 0.45 0.593 0.45 0.598 0.451 0.598 0.451 0.599 0.456 0.603 0.462 0.603 0.468 0.599 0.468 0.598 0.469 0.598 0.469 0.593 0.468 0.592 0.468 0.591 0.462 0.588
0 0.697 0.584 0.696 0.585 0.695 0.585 0.694 0.586 0.693 0.586 0.69 0.588 0.69 0.589 0.689 0.59 0.689 0.591 0.688 0.591 0.688 0.595 0.689 0.595 0.689 0.596 0.69 0.597 0.69 0.598 0.693 0.6 0.694 0.6 0.695 0.601 0.696 0.601 0.697 0.602 0.703 0.602 0.704 0.601 0.706 0.601 0.71 0.598 0.71 0.597 0.711 0.596 0.711 0.595 0.712 0.595 0.712 0.591 0.711 0.591 0.711 0.59 0.71 0.589 0.71 0.588 0.706 0.585 0.704 0.585 0.703 0.584
0 0.278 0.584 0.273 0.588 0.273 0.588 0.272 0.589 0.272 0.594 0.273 0.595 0.273 0.595 0.278 0.599 0.284 0.599 0.29 0.595 0.29 0.595 0.291 0.594 0.291 0.589 0.29 0.588 0.29 0.588 0.284 0.584
0 0.859 0.582 0.858 0.583 0.856 0.583 0.855 0.584 0.854 0.584 0.849 0.588 0.849 0.588 0.848 0.589 0.848 0.591 0.847 0.591 0.847 0.595 0.848 0.596 0.848 0.597 0.849 0.598 0.849 0.598 0.854 0.602 0.855 0.602 0.856 0.603 0.858 0.603 0.859 0.604 0.865 0.604 0.866 0.603 0.867 0.603 0.868 0.602 0.869 0.602 0.874 0.598 0.874 0.598 0.875 0.597 0.875 0.596 0.876 0.595 0.876 0.591 0.875 0.591 0.875 0.589 0.874 0.588 0.874 0.588 0.869 0.584 0.868 0.584 0.867 0.583 0.866 0.583 0.865 0.582
0 0.186 0.581 0.181 0.585 0.181 0.586 0.18 0.587 0.18 0.591 0.181 0.592 0.181 0.593 0.186 0.597 0.193 0.597 0.197 0.594 0.198 0.594 0.202 0.597 0.208 0.597 0.214 0.593 0.214 0.592 0.215 0.591 0.215 0.587 0.214 0.586 0.214 0.585 0.208 0.581 0.202 0.581 0.198 0.584 0.197 0.584 0.193 0.581
0 0.804 0.58 0.803 0.58 0.801 0.58 0.8 0.581 0.799 0.581 0.794 0.585 0.794 0.586 0.793 0.587 0.793 0.588 0.792 0.589 0.792 0.593 0.793 0.594 0.793 0.595 0.794 0.595 0.794 0.596 0.799 0.6 0.8 0.6 0.801 0.601 0.803 0.601 0.804 0.602 0.809 0.602 0.81 0.601 0.811 0.601 0.812 0.6 0.814 0.6 0.819 0.596 0.819 0.595 0.82 0.595 0.82 0.594 0.821 0.593 0.821 0.589 0.82 0.588 0.82 0.587 0.819 0.586 0.819 0.585 0.814 0.581 0.812 0.581 0.811 0.58 0.81 0.58 0.809 0.58
0 0.627 0.565 0.622 0.569 0.622 0.57 0.621 0.57 0.621 0.575 0.622 0.576 0.622 0.577 0.627 0.58 0.632 0.58 0.633 0.581 0.633 0.583 0.634 0.584 0.634 0.584 0.64 0.588 0.646 0.588 0.651 0.584 0.651 0.584 0.652 0.583 0.652 0.578 0.651 0.577 0.651 0.577 0.646 0.573 0.641 0.573 0.64 0.572 0.64 0.57 0.639 0.57 0.639 0.569 0.633 0.565
0 0.695 0.544 0.694 0.545 0.693 0.545 0.692 0.545 0.691 0.545 0.688 0.548 0.688 0.548 0.686 0.549 0.686 0.55 0.684 0.552 0.683 0.551 0.681 0.551 0.68 0.55 0.674 0.55 0.673 0.551 0.672 0.551 0.671 0.552 0.67 0.552 0.667 0.554 0.667 0.555 0.666 0.555 0.666 0.556 0.665 0.557 0.665 0.56 0.666 0.561 0.666 0.562 0.667 0.562 0.667 0.563 0.67 0.566 0.671 0.566 0.672 0.566 0.672 0.567 0.667 0.571 0.667 0.572 0.666 0.573 0.666 0.573 0.662 0.576 0.662 0.577 0.661 0.577 0.661 0.582 0.662 0.583 0.662 0.584 0.668 0.588 0.674 0.588 0.679 0.584 0.679 0.583 0.68 0.582 0.68 0.581 0.683 0.579 0.683 0.578 0.684 0.577 0.684 0.573 0.683 0.572 0.683 0.571 0.679 0.568 0.681 0.566 0.683 0.566 0.688 0.563 0.688 0.562 0.689 0.562 0.689 0.561 0.691 0.559 0.692 0.559 0.693 0.56 0.694 0.56 0.695 0.561 0.701 0.561 0.702 0.56 0.704 0.56 0.708 0.557 0.708 0.556 0.709 0.555 0.709 0.555 0.71 0.554 0.71 0.551 0.709 0.55 0.709 0.549 0.708 0.548 0.708 0.548 0.704 0.545 0.702 0.545 0.701 0.544
0 0.188 0.531 0.186 0.532 0.184 0.532 0.183 0.533 0.182 0.533 0.177 0.537 0.177 0.538 0.176 0.538 0.176 0.54 0.175 0.541 0.175 0.545 0.176 0.545 0.176 0.546 0.177 0.547 0.177 0.548 0.182 0.552 0.183 0.552 0.184 0.552 0.186 0.552 0.188 0.553 0.193 0.553 0.194 0.552 0.195 0.552 0.196 0.552 0.197 0.552 0.202 0.548 0.202 0.547 0.203 0.546 0.203 0.545 0.204 0.545 0.204 0.541 0.203 0.54 0.203 0.538 0.202 0.538 0.202 0.537 0.197 0.533 0.196 0.533 0.195 0.532 0.194 0.532 0.193 0.531
0 0.141 0.521 0.14 0.522 0.138 0.522 0.136 0.523 0.135 0.523 0.13 0.527 0.13 0.527 0.129 0.528 0.129 0.53 0.128 0.53 0.128 0.534 0.129 0.535 0.129 0.536 0.13 0.537 0.13 0.538 0.135 0.541 0.136 0.541 0.138 0.542 0.14 0.542 0.141 0.543 0.146 0.543 0.147 0.542 0.148 0.542 0.149 0.541 0.15 0.541 0.155 0.538 0.155 0.537 0.156 0.536 0.156 0.535 0.157 0.534 0.157 0.53 0.156 0.53 0.156 0.528 0.155 0.527 0.155 0.527 0.15 0.523 0.149 0.523 0.148 0.522 0.147 0.522 0.146 0.521
0 0.251 0.52 0.246 0.523 0.246 0.524 0.245 0.525 0.245 0.53 0.246 0.53 0.246 0.531 0.251 0.535 0.257 0.535 0.262 0.531 0.262 0.53 0.264 0.53 0.264 0.525 0.262 0.524 0.262 0.523 0.257 0.52
0 0.822 0.513 0.821 0.514 0.819 0.514 0.818 0.515 0.817 0.515 0.811 0.519 0.811 0.52 0.81 0.52 0.81 0.522 0.809 0.523 0.809 0.527 0.81 0.527 0.81 0.528 0.811 0.529 0.811 0.53 0.817 0.534 0.818 0.534 0.819 0.534 0.821 0.534 0.822 0.535 0.827 0.535 0.828 0.534 0.829 0.534 0.83 0.534 0.831 0.534 0.836 0.53 0.836 0.529 0.838 0.528 0.838 0.527 0.839 0.527 0.839 0.523 0.838 0.522 0.838 0.52 0.836 0.52 0.836 0.519 0.831 0.515 0.83 0.515 0.829 0.514 0.828 0.514 0.827 0.513
0 0.786 0.505 0.785 0.505 0.783 0.505 0.782 0.506 0.781 0.506 0.776 0.51 0.776 0.511 0.775 0.512 0.775 0.513 0.774 0.514 0.774 0.518 0.775 0.519 0.775 0.52 0.776 0.52 0.776 0.521 0.781 0.525 0.782 0.525 0.783 0.526 0.785 0.526 0.786 0.527 0.792 0.527 0.793 0.526 0.794 0.526 0.795 0.525 0.796 0.525 0.801 0.521 0.801 0.52 0.802 0.52 0.802 0.519 0.803 0.518 0.803 0.514 0.802 0.513 0.802 0.512 0.801 0.511 0.801 0.51 0.796 0.506 0.795 0.506 0.794 0.505 0.793 0.505 0.792 0.505
0 0.084 0.499 0.083 0.5 0.081 0.5 0.08 0.501 0.079 0.501 0.074 0.505 0.074 0.505 0.073 0.506 0.073 0.508 0.072 0.509 0.072 0.512 0.073 0.513 0.073 0.514 0.074 0.515 0.074 0.516 0.079 0.52 0.08 0.52 0.081 0.52 0.083 0.52 0.084 0.521 0.09 0.521 0.091 0.52 0.092 0.52 0.093 0.52 0.094 0.52 0.099 0.516 0.099 0.515 0.1 0.514 0.1 0.513 0.101 0.512 0.101 0.509 0.1 0.508 0.1 0.506 0.099 0.505 0.099 0.505 0.094 0.501 0.093 0.501 0.092 0.5 0.091 0.5 0.09 0.499
0 0.289 0.495 0.283 0.499 0.283 0.5 0.282 0.501 0.282 0.505 0.283 0.506 0.283 0.507 0.289 0.511 0.295 0.511 0.3 0.507 0.3 0.506 0.301 0.505 0.301 0.501 0.3 0.5 0.3 0.499 0.295 0.495
0 0.306 0.479 0.301 0.483 0.301 0.484 0.3 0.484 0.3 0.489 0.301 0.49 0.301 0.491 0.306 0.495 0.312 0.495 0.318 0.491 0.318 0.49 0.319 0.489 0.319 0.484 0.318 0.484 0.318 0.483 0.312 0.479
0 0.121 0.473 0.12 0.473 0.118 0.473 0.117 0.474 0.116 0.474 0.11 0.478 0.11 0.479 0.109 0.48 0.109 0.481 0.108 0.482 0.108 0.486 0.109 0.487 0.109 0.488 0.11 0.488 0.11 0.489 0.116 0.493 0.117 0.493 0.118 0.494 0.12 0.494 0.121 0.495 0.126 0.495 0.127 0.494 0.128 0.494 0.129 0.493 0.13 0.493 0.135 0.489 0.135 0.488 0.136 0.488 0.136 0.487 0.138 0.486 0.138 0.482 0.136 0.481 0.136 0.48 0.135 0.479 0.135 0.478 0.13 0.474 0.129 0.474 0.128 0.473 0.127 0.473 0.126 0.473
0 0.788 0.472 0.786 0.473 0.785 0.473 0.784 0.473 0.783 0.473 0.78 0.476 0.78 0.477 0.779 0.477 0.779 0.478 0.778 0.479 0.778 0.484 0.779 0.484 0.779 0.485 0.78 0.486 0.78 0.487 0.783 0.489 0.784 0.489 0.785 0.49 0.786 0.49 0.788 0.491 0.794 0.491 0.795 0.49 0.796 0.49 0.797 0.489 0.798 0.489 0.801 0.487 0.801 0.486 0.802 0.485 0.802 0.484 0.803 0.484 0.803 0.479 0.802 0.478 0.802 0.477 0.801 0.477 0.801 0.476 0.798 0.473 0.797 0.473 0.796 0.473 0.795 0.473 0.794 0.472
0 0.603 0.47 0.598 0.474 0.598 0.475 0.597 0.476 0.597 0.48 0.598 0.481 0.598 0.482 0.603 0.486 0.609 0.486 0.615 0.482 0.615 0.481 0.616 0.48 0.616 0.476 0.615 0.475 0.615 0.474 0.609 0.47
0 0.751 0.47 0.75 0.47 0.749 0.47 0.748 0.471 0.747 0.471 0.744 0.473 0.744 0.474 0.743 0.475 0.743 0.476 0.742 0.477 0.742 0.48 0.743 0.48 0.743 0.481 0.744 0.482 0.744 0.483 0.747 0.485 0.748 0.485 0.749 0.486 0.75 0.486 0.751 0.487 0.756 0.487 0.757 0.488 0.755 0.489 0.755 0.49 0.754 0.491 0.754 0.491 0.753 0.492 0.753 0.497 0.754 0.498 0.754 0.498 0.755 0.499 0.755 0.5 0.758 0.502 0.759 0.502 0.76 0.503 0.761 0.503 0.762 0.504 0.769 0.504 0.77 0.503 0.771 0.503 0.772 0.502 0.773 0.502 0.776 0.5 0.776 0.499 0.777 0.498 0.777 0.498 0.778 0.497 0.778 0.492 0.777 0.491 0.777 0.491 0.776 0.49 0.776 0.489 0.773 0.487 0.772 0.487 0.771 0.486 0.77 0.486 0.769 0.485 0.764 0.485 0.762 0.484 0.765 0.483 0.765 0.482 0.766 0.481 0.766 0.48 0.767 0.48 0.767 0.477 0.766 0.476 0.766 0.475 0.765 0.474 0.765 0.473 0.76 0.47 0.758 0.47 0.757 0.47
0 0.193 0.466 0.192 0.467 0.19 0.467 0.189 0.468 0.188 0.468 0.182 0.472 0.182 0.473 0.181 0.473 0.181 0.475 0.18 0.476 0.18 0.48 0.181 0.48 0.181 0.481 0.182 0.482 0.182 0.483 0.188 0.487 0.189 0.487 0.19 0.488 0.192 0.488 0.193 0.488 0.198 0.488 0.199 0.488 0.2 0.488 0.201 0.487 0.202 0.487 0.203 0.486 0.204 0.487 0.204 0.488 0.203 0.488 0.203 0.491 0.204 0.492 0.204 0.493 0.205 0.494 0.205 0.495 0.208 0.497 0.209 0.497 0.21 0.498 0.211 0.498 0.212 0.498 0.219 0.498 0.22 0.498 0.222 0.498 0.226 0.495 0.226 0.494 0.227 0.493 0.227 0.492 0.228 0.491 0.228 0.488 0.227 0.488 0.227 0.487 0.226 0.486 0.226 0.485 0.222 0.482 0.22 0.482 0.219 0.481 0.212 0.481 0.211 0.482 0.21 0.482 0.209 0.483 0.208 0.483 0.207 0.482 0.208 0.481 0.208 0.48 0.209 0.48 0.209 0.476 0.208 0.475 0.208 0.473 0.207 0.473 0.207 0.472 0.202 0.468 0.201 0.468 0.2 0.467 0.199 0.467 0.198 0.466
0 0.636 0.466 0.631 0.47 0.631 0.47 0.63 0.471 0.63 0.476 0.631 0.477 0.631 0.477 0.636 0.481 0.643 0.481 0.648 0.477 0.648 0.477 0.649 0.476 0.649 0.471 0.648 0.47 0.648 0.47 0.643 0.466
0 0.697 0.461 0.696 0.462 0.695 0.462 0.694 0.462 0.693 0.462 0.69 0.465 0.69 0.466 0.689 0.466 0.689 0.467 0.686 0.469 0.685 0.468 0.684 0.468 0.683 0.467 0.682 0.467 0.681 0.466 0.675 0.466 0.674 0.467 0.673 0.467 0.672 0.468 0.671 0.468 0.668 0.47 0.668 0.471 0.667 0.472 0.667 0.473 0.666 0.473 0.666 0.478 0.667 0.479 0.667 0.48 0.668 0.48 0.668 0.481 0.671 0.484 0.672 0.484 0.673 0.484 0.674 0.484 0.675 0.485 0.681 0.485 0.682 0.484 0.683 0.484 0.684 0.484 0.685 0.484 0.689 0.481 0.689 0.48 0.69 0.48 0.69 0.479 0.692 0.477 0.693 0.478 0.694 0.478 0.695 0.479 0.696 0.479 0.697 0.48 0.703 0.48 0.704 0.479 0.705 0.479 0.706 0.478 0.707 0.478 0.71 0.476 0.71 0.475 0.711 0.474 0.711 0.473 0.712 0.473 0.712 0.468 0.711 0.467 0.711 0.466 0.71 0.466 0.71 0.465 0.707 0.462 0.706 0.462 0.705 0.462 0.704 0.462 0.703 0.461
0 0.742 0.434 0.736 0.438 0.736 0.439 0.735 0.44 0.735 0.445 0.736 0.445 0.736 0.446 0.742 0.45 0.742 0.453 0.743 0.454 0.743 0.455 0.748 0.459 0.754 0.459 0.759 0.455 0.759 0.454 0.761 0.452 0.767 0.456 0.773 0.456 0.778 0.452 0.778 0.452 0.779 0.451 0.78 0.452 0.78 0.455 0.781 0.456 0.781 0.457 0.782 0.458 0.782 0.459 0.785 0.461 0.786 0.461 0.788 0.462 0.789 0.462 0.79 0.462 0.796 0.462 0.797 0.462 0.798 0.462 0.799 0.462 0.799 0.465 0.8 0.466 0.8 0.466 0.801 0.467 0.801 0.468 0.804 0.47 0.805 0.47 0.806 0.471 0.807 0.471 0.808 0.472 0.815 0.472 0.816 0.471 0.817 0.471 0.818 0.47 0.819 0.47 0.822 0.468 0.822 0.467 0.823 0.466 0.823 0.466 0.824 0.465 0.824 0.462 0.825 0.461 0.828 0.461 0.829 0.46 0.83 0.46 0.831 0.459 0.832 0.459 0.835 0.457 0.835 0.456 0.836 0.455 0.836 0.455 0.838 0.454 0.838 0.449 0.836 0.448 0.836 0.448 0.835 0.447 0.835 0.446 0.832 0.444 0.831 0.444 0.83 0.443 0.829 0.443 0.828 0.442 0.822 0.442 0.821 0.443 0.82 0.443 0.819 0.444 0.818 0.444 0.815 0.446 0.815 0.447 0.814 0.448 0.814 0.448 0.812 0.449 0.812 0.452 0.811 0.453 0.808 0.453 0.807 0.454 0.806 0.454 0.805 0.453 0.805 0.451 0.804 0.45 0.804 0.449 0.803 0.448 0.803 0.448 0.8 0.445 0.799 0.445 0.798 0.445 0.797 0.445 0.796 0.444 0.79 0.444 0.789 0.445 0.788 0.445 0.786 0.445 0.785 0.445 0.782 0.448 0.782 0.448 0.781 0.449 0.781 0.45 0.78 0.451 0.779 0.45 0.779 0.446 0.778 0.445 0.778 0.445 0.773 0.441 0.767 0.441 0.761 0.445 0.761 0.445 0.759 0.447 0.754 0.443 0.754 0.44 0.753 0.439 0.753 0.438 0.748 0.434
0 0.718 0.43 0.712 0.434 0.712 0.435 0.711 0.436 0.711 0.441 0.712 0.441 0.712 0.442 0.718 0.446 0.724 0.446 0.729 0.442 0.729 0.441 0.73 0.441 0.73 0.436 0.729 0.435 0.729 0.434 0.724 0.43
0 0.201 0.426 0.2 0.427 0.199 0.427 0.198 0.427 0.197 0.427 0.194 0.43 0.194 0.43 0.193 0.431 0.193 0.432 0.192 0.433 0.191 0.432 0.189 0.432 0.188 0.431 0.181 0.431 0.18 0.432 0.179 0.432 0.178 0.433 0.177 0.433 0.174 0.435 0.174 0.436 0.173 0.437 0.173 0.438 0.172 0.438 0.172 0.441 0.173 0.442 0.173 0.443 0.174 0.444 0.174 0.445 0.177 0.447 0.178 0.447 0.179 0.448 0.18 0.448 0.181 0.448 0.188 0.448 0.189 0.448 0.191 0.448 0.195 0.445 0.195 0.444 0.196 0.443 0.196 0.442 0.197 0.441 0.198 0.441 0.199 0.442 0.2 0.442 0.201 0.443 0.207 0.443 0.208 0.442 0.21 0.442 0.215 0.439 0.215 0.438 0.216 0.438 0.216 0.437 0.217 0.436 0.217 0.433 0.216 0.432 0.216 0.431 0.215 0.43 0.215 0.43 0.21 0.427 0.208 0.427 0.207 0.426
0 0.311 0.422 0.306 0.426 0.306 0.427 0.305 0.427 0.305 0.432 0.306 0.433 0.306 0.434 0.311 0.438 0.318 0.438 0.323 0.434 0.323 0.433 0.324 0.432 0.324 0.427 0.323 0.427 0.323 0.426 0.318 0.422
0 0.685 0.418 0.68 0.422 0.68 0.423 0.679 0.423 0.679 0.428 0.68 0.429 0.68 0.43 0.685 0.434 0.689 0.434 0.691 0.435 0.691 0.436 0.696 0.44 0.702 0.44 0.707 0.436 0.707 0.435 0.708 0.434 0.708 0.43 0.707 0.429 0.707 0.428 0.702 0.424 0.699 0.424 0.697 0.423 0.697 0.422 0.692 0.418
0 0.816 0.416 0.815 0.417 0.814 0.417 0.812 0.418 0.811 0.418 0.808 0.42 0.808 0.421 0.807 0.422 0.807 0.423 0.806 0.423 0.806 0.428 0.807 0.429 0.807 0.43 0.808 0.43 0.808 0.431 0.811 0.434 0.812 0.434 0.814 0.434 0.815 0.434 0.816 0.435 0.822 0.435 0.823 0.434 0.824 0.434 0.825 0.434 0.826 0.434 0.829 0.431 0.829 0.43 0.83 0.43 0.83 0.429 0.831 0.428 0.831 0.423 0.83 0.423 0.83 0.422 0.829 0.421 0.829 0.42 0.826 0.418 0.825 0.418 0.824 0.417 0.823 0.417 0.822 0.416
0 0.606 0.416 0.601 0.42 0.601 0.421 0.6 0.422 0.6 0.427 0.601 0.427 0.601 0.428 0.606 0.432 0.612 0.432 0.618 0.428 0.618 0.427 0.619 0.427 0.619 0.422 0.618 0.421 0.618 0.42 0.612 0.416
0 0.749 0.41 0.748 0.411 0.747 0.411 0.746 0.412 0.745 0.412 0.742 0.414 0.742 0.415 0.741 0.416 0.741 0.416 0.74 0.417 0.74 0.422 0.741 0.423 0.741 0.423 0.742 0.424 0.742 0.425 0.745 0.427 0.746 0.427 0.747 0.428 0.748 0.428 0.749 0.429 0.755 0.429 0.756 0.428 0.757 0.428 0.758 0.427 0.759 0.427 0.762 0.425 0.762 0.424 0.764 0.423 0.764 0.423 0.765 0.422 0.765 0.417 0.764 0.416 0.764 0.416 0.762 0.415 0.762 0.414 0.759 0.412 0.758 0.412 0.757 0.411 0.756 0.411 0.755 0.41
0 0.719 0.405 0.718 0.406 0.717 0.406 0.716 0.407 0.715 0.407 0.711 0.409 0.711 0.41 0.71 0.411 0.71 0.412 0.709 0.412 0.709 0.417 0.71 0.418 0.71 0.419 0.711 0.42 0.711 0.42 0.715 0.423 0.716 0.423 0.717 0.423 0.718 0.423 0.719 0.424 0.725 0.424 0.726 0.423 0.727 0.423 0.728 0.423 0.729 0.423 0.732 0.42 0.732 0.42 0.733 0.419 0.733 0.418 0.734 0.417 0.734 0.412 0.733 0.412 0.733 0.411 0.732 0.41 0.732 0.409 0.729 0.407 0.728 0.407 0.727 0.406 0.726 0.406 0.725 0.405
0 0.777 0.398 0.776 0.398 0.774 0.398 0.773 0.399 0.772 0.399 0.767 0.403 0.767 0.404 0.766 0.405 0.766 0.406 0.765 0.407 0.765 0.411 0.766 0.412 0.766 0.412 0.767 0.413 0.767 0.414 0.772 0.418 0.773 0.418 0.774 0.419 0.776 0.419 0.777 0.42 0.782 0.42 0.783 0.419 0.784 0.419 0.785 0.418 0.786 0.418 0.792 0.414 0.792 0.413 0.793 0.412 0.793 0.412 0.794 0.411 0.794 0.407 0.793 0.406 0.793 0.405 0.792 0.404 0.792 0.403 0.786 0.399 0.785 0.399 0.784 0.398 0.783 0.398 0.782 0.398
0 0.196 0.395 0.195 0.396 0.193 0.396 0.192 0.397 0.191 0.397 0.185 0.401 0.185 0.402 0.184 0.402 0.184 0.404 0.183 0.405 0.183 0.409 0.184 0.409 0.184 0.41 0.185 0.411 0.185 0.412 0.191 0.416 0.192 0.416 0.193 0.416 0.195 0.416 0.196 0.417 0.201 0.417 0.202 0.416 0.203 0.416 0.204 0.416 0.205 0.416 0.21 0.412 0.21 0.411 0.211 0.41 0.211 0.409 0.212 0.409 0.212 0.405 0.211 0.404 0.211 0.402 0.21 0.402 0.21 0.401 0.205 0.397 0.204 0.397 0.203 0.396 0.202 0.396 0.201 0.395
0 0.669 0.395 0.668 0.395 0.667 0.395 0.666 0.396 0.665 0.396 0.661 0.398 0.661 0.399 0.66 0.4 0.66 0.401 0.659 0.402 0.659 0.406 0.66 0.407 0.66 0.408 0.656 0.411 0.655 0.41 0.655 0.408 0.654 0.407 0.654 0.406 0.649 0.402 0.643 0.402 0.638 0.406 0.638 0.407 0.636 0.408 0.636 0.412 0.638 0.413 0.638 0.414 0.643 0.418 0.649 0.418 0.652 0.416 0.653 0.416 0.653 0.419 0.654 0.42 0.654 0.42 0.659 0.424 0.666 0.424 0.671 0.42 0.671 0.42 0.672 0.419 0.672 0.414 0.673 0.413 0.675 0.413 0.676 0.412 0.677 0.412 0.678 0.412 0.679 0.412 0.682 0.409 0.682 0.409 0.683 0.408 0.683 0.407 0.684 0.406 0.684 0.402 0.683 0.401 0.683 0.4 0.682 0.399 0.682 0.398 0.679 0.396 0.678 0.396 0.677 0.395 0.676 0.395 0.675 0.395
0 0.703 0.388 0.702 0.388 0.701 0.388 0.7 0.389 0.699 0.389 0.696 0.391 0.696 0.392 0.695 0.393 0.695 0.394 0.694 0.395 0.694 0.399 0.695 0.4 0.695 0.401 0.696 0.402 0.696 0.402 0.699 0.405 0.7 0.405 0.701 0.405 0.702 0.405 0.703 0.406 0.709 0.406 0.71 0.405 0.711 0.405 0.712 0.405 0.714 0.405 0.717 0.402 0.717 0.402 0.718 0.401 0.718 0.4 0.719 0.399 0.719 0.395 0.718 0.394 0.718 0.393 0.717 0.392 0.717 0.391 0.714 0.389 0.712 0.389 0.711 0.388 0.71 0.388 0.709 0.388
0 0.317 0.377 0.316 0.377 0.315 0.377 0.314 0.378 0.312 0.378 0.309 0.38 0.309 0.381 0.308 0.382 0.308 0.383 0.307 0.384 0.307 0.387 0.308 0.388 0.308 0.388 0.309 0.389 0.309 0.39 0.312 0.392 0.314 0.392 0.315 0.393 0.316 0.393 0.317 0.394 0.323 0.394 0.324 0.393 0.326 0.393 0.328 0.395 0.328 0.395 0.333 0.399 0.34 0.399 0.345 0.395 0.345 0.395 0.346 0.394 0.346 0.389 0.345 0.388 0.345 0.388 0.34 0.384 0.332 0.384 0.331 0.383 0.331 0.382 0.33 0.381 0.33 0.38 0.326 0.377 0.324 0.377 0.323 0.377
0 0.789 0.375 0.788 0.376 0.785 0.376 0.784 0.377 0.783 0.377 0.778 0.38 0.778 0.381 0.777 0.382 0.777 0.384 0.776 0.384 0.776 0.388 0.777 0.389 0.777 0.39 0.778 0.391 0.778 0.391 0.783 0.395 0.784 0.395 0.785 0.396 0.788 0.396 0.789 0.397 0.794 0.397 0.795 0.396 0.796 0.396 0.797 0.395 0.798 0.395 0.803 0.391 0.803 0.391 0.804 0.39 0.804 0.389 0.805 0.388 0.805 0.384 0.804 0.384 0.804 0.382 0.803 0.381 0.803 0.38 0.798 0.377 0.797 0.377 0.796 0.376 0.795 0.376 0.794 0.375
0 0.742 0.365 0.741 0.366 0.739 0.366 0.738 0.366 0.736 0.366 0.731 0.37 0.731 0.371 0.73 0.372 0.73 0.373 0.729 0.374 0.729 0.378 0.73 0.379 0.73 0.38 0.731 0.38 0.731 0.381 0.736 0.385 0.738 0.385 0.739 0.386 0.741 0.386 0.742 0.387 0.747 0.387 0.748 0.386 0.749 0.386 0.75 0.385 0.751 0.385 0.756 0.381 0.756 0.38 0.757 0.38 0.757 0.379 0.758 0.378 0.758 0.374 0.757 0.373 0.757 0.372 0.756 0.371 0.756 0.37 0.751 0.366 0.75 0.366 0.749 0.366 0.748 0.366 0.747 0.365
0 0.519 0.364 0.514 0.368 0.514 0.369 0.512 0.37 0.512 0.374 0.514 0.375 0.514 0.376 0.519 0.38 0.525 0.38 0.53 0.376 0.53 0.375 0.531 0.374 0.531 0.37 0.53 0.369 0.53 0.368 0.525 0.364
0 0.279 0.357 0.278 0.358 0.276 0.358 0.275 0.359 0.274 0.359 0.269 0.362 0.269 0.363 0.268 0.364 0.268 0.366 0.267 0.366 0.267 0.37 0.268 0.371 0.268 0.372 0.269 0.373 0.269 0.373 0.273 0.377 0.268 0.38 0.268 0.381 0.267 0.382 0.267 0.384 0.266 0.384 0.266 0.388 0.267 0.389 0.267 0.39 0.268 0.391 0.268 0.391 0.273 0.395 0.274 0.395 0.275 0.396 0.277 0.396 0.278 0.397 0.283 0.397 0.284 0.396 0.285 0.396 0.286 0.395 0.288 0.395 0.293 0.391 0.293 0.391 0.294 0.39 0.294 0.389 0.295 0.388 0.295 0.384 0.294 0.384 0.294 0.382 0.293 0.381 0.293 0.38 0.289 0.377 0.294 0.373 0.294 0.373 0.295 0.372 0.295 0.371 0.296 0.37 0.296 0.366 0.295 0.366 0.295 0.364 0.294 0.363 0.294 0.362 0.289 0.359 0.288 0.359 0.286 0.358 0.285 0.358 0.284 0.357
0 0.65 0.355 0.645 0.359 0.645 0.359 0.644 0.36 0.644 0.365 0.645 0.366 0.645 0.366 0.65 0.37 0.656 0.37 0.661 0.366 0.661 0.366 0.662 0.365 0.662 0.36 0.661 0.359 0.661 0.359 0.656 0.355
0 0.685 0.354 0.684 0.355 0.683 0.355 0.682 0.355 0.681 0.355 0.678 0.358 0.678 0.359 0.677 0.359 0.677 0.36 0.676 0.361 0.676 0.366 0.677 0.366 0.677 0.367 0.678 0.368 0.678 0.369 0.681 0.371 0.682 0.371 0.683 0.372 0.684 0.372 0.685 0.373 0.692 0.373 0.693 0.372 0.694 0.372 0.695 0.373 0.695 0.375 0.696 0.376 0.696 0.377 0.697 0.377 0.697 0.378 0.7 0.38 0.701 0.38 0.702 0.381 0.703 0.381 0.704 0.382 0.71 0.382 0.711 0.381 0.712 0.381 0.714 0.38 0.715 0.38 0.718 0.378 0.718 0.377 0.719 0.377 0.719 0.376 0.72 0.375 0.72 0.37 0.719 0.37 0.719 0.369 0.718 0.368 0.718 0.367 0.715 0.365 0.714 0.365 0.712 0.364 0.711 0.364 0.71 0.363 0.704 0.363 0.703 0.364 0.702 0.364 0.701 0.363 0.701 0.361 0.7 0.36 0.7 0.359 0.699 0.359 0.699 0.358 0.696 0.355 0.695 0.355 0.694 0.355 0.693 0.355 0.692 0.354
0 0.786 0.348 0.785 0.348 0.783 0.348 0.782 0.349 0.781 0.349 0.776 0.353 0.776 0.354 0.775 0.355 0.775 0.356 0.774 0.357 0.774 0.361 0.775 0.362 0.775 0.362 0.776 0.363 0.776 0.364 0.781 0.368 0.782 0.368 0.783 0.369 0.785 0.369 0.786 0.37 0.792 0.37 0.793 0.369 0.794 0.369 0.796 0.37 0.796 0.371 0.797 0.372 0.797 0.373 0.802 0.377 0.803 0.377 0.804 0.377 0.806 0.377 0.807 0.378 0.812 0.378 0.814 0.377 0.815 0.377 0.816 0.377 0.817 0.377 0.822 0.373 0.822 0.372 0.823 0.371 0.823 0.37 0.824 0.37 0.824 0.366 0.823 0.365 0.823 0.363 0.822 0.362 0.822 0.362 0.817 0.358 0.816 0.358 0.815 0.357 0.814 0.357 0.812 0.356 0.807 0.356 0.806 0.357 0.803 0.357 0.802 0.356 0.802 0.355 0.801 0.354 0.801 0.353 0.796 0.349 0.795 0.349 0.794 0.348 0.793 0.348 0.792 0.348
0 0.534 0.345 0.529 0.349 0.529 0.35 0.528 0.351 0.528 0.355 0.529 0.356 0.529 0.357 0.534 0.361 0.541 0.361 0.546 0.357 0.546 0.356 0.547 0.355 0.547 0.351 0.546 0.35 0.546 0.349 0.541 0.345
0 0.338 0.333 0.336 0.334 0.334 0.334 0.333 0.334 0.332 0.334 0.327 0.338 0.327 0.339 0.326 0.34 0.326 0.341 0.325 0.342 0.325 0.343 0.322 0.345 0.322 0.346 0.321 0.347 0.321 0.348 0.32 0.349 0.32 0.353 0.321 0.354 0.321 0.355 0.322 0.355 0.322 0.356 0.327 0.36 0.328 0.36 0.329 0.361 0.331 0.361 0.332 0.362 0.338 0.362 0.339 0.361 0.34 0.361 0.341 0.36 0.342 0.36 0.347 0.356 0.347 0.355 0.348 0.355 0.348 0.354 0.349 0.353 0.349 0.352 0.352 0.349 0.352 0.348 0.353 0.348 0.353 0.347 0.354 0.346 0.354 0.342 0.353 0.341 0.353 0.34 0.352 0.339 0.352 0.338 0.347 0.334 0.346 0.334 0.345 0.334 0.344 0.334 0.343 0.333
0 0.29 0.33 0.289 0.33 0.286 0.33 0.285 0.331 0.284 0.331 0.279 0.335 0.279 0.336 0.278 0.337 0.278 0.338 0.277 0.339 0.277 0.343 0.278 0.344 0.278 0.345 0.279 0.345 0.279 0.346 0.284 0.35 0.285 0.35 0.286 0.351 0.289 0.351 0.29 0.352 0.295 0.352 0.296 0.351 0.297 0.351 0.298 0.35 0.299 0.35 0.304 0.346 0.304 0.345 0.305 0.345 0.305 0.344 0.306 0.343 0.306 0.339 0.305 0.338 0.305 0.337 0.304 0.336 0.304 0.335 0.299 0.331 0.298 0.331 0.297 0.33 0.296 0.33 0.295 0.33
0 0.471 0.325 0.466 0.329 0.466 0.33 0.465 0.33 0.465 0.335 0.466 0.336 0.466 0.337 0.471 0.341 0.477 0.341 0.482 0.337 0.482 0.336 0.483 0.335 0.483 0.33 0.482 0.33 0.482 0.329 0.477 0.325
0 0.6 0.315 0.599 0.316 0.598 0.316 0.597 0.316 0.596 0.316 0.593 0.319 0.593 0.32 0.592 0.32 0.592 0.321 0.591 0.322 0.591 0.325 0.592 0.326 0.592 0.327 0.593 0.327 0.593 0.328 0.596 0.33 0.597 0.33 0.598 0.331 0.599 0.331 0.6 0.332 0.606 0.332 0.607 0.331 0.609 0.331 0.614 0.328 0.614 0.327 0.615 0.327 0.615 0.326 0.616 0.325 0.616 0.322 0.615 0.321 0.615 0.32 0.614 0.32 0.614 0.319 0.609 0.316 0.607 0.316 0.606 0.315
0 0.439 0.31 0.433 0.314 0.433 0.315 0.432 0.316 0.432 0.32 0.433 0.321 0.433 0.322 0.434 0.323 0.429 0.327 0.429 0.327 0.428 0.328 0.428 0.333 0.429 0.334 0.429 0.335 0.425 0.338 0.425 0.339 0.424 0.34 0.424 0.345 0.423 0.345 0.418 0.341 0.414 0.341 0.412 0.341 0.412 0.336 0.411 0.335 0.411 0.334 0.405 0.33 0.409 0.327 0.409 0.326 0.41 0.325 0.41 0.324 0.411 0.323 0.411 0.32 0.41 0.32 0.41 0.319 0.409 0.318 0.409 0.317 0.405 0.314 0.403 0.314 0.402 0.313 0.396 0.313 0.395 0.314 0.394 0.314 0.393 0.315 0.392 0.315 0.389 0.317 0.389 0.318 0.388 0.319 0.388 0.32 0.386 0.32 0.386 0.323 0.388 0.324 0.388 0.325 0.389 0.326 0.389 0.327 0.392 0.329 0.393 0.329 0.394 0.33 0.395 0.33 0.396 0.33 0.398 0.33 0.399 0.331 0.395 0.334 0.395 0.335 0.394 0.336 0.393 0.336 0.39 0.334 0.388 0.334 0.386 0.333 0.38 0.333 0.379 0.334 0.378 0.334 0.377 0.334 0.376 0.334 0.373 0.337 0.373 0.338 0.372 0.338 0.372 0.339 0.371 0.34 0.371 0.343 0.372 0.344 0.372 0.345 0.373 0.345 0.373 0.346 0.376 0.348 0.377 0.348 0.378 0.349 0.379 0.349 0.38 0.35 0.386 0.35 0.388 0.349 0.39 0.349 0.394 0.346 0.394 0.345 0.395 0.345 0.395 0.344 0.396 0.343 0.4 0.346 0.404 0.346 0.405 0.347 0.405 0.352 0.406 0.352 0.4 0.357 0.4 0.358 0.399 0.359 0.399 0.363 0.4 0.364 0.4 0.365 0.405 0.369 0.411 0.369 0.417 0.365 0.417 0.364 0.418 0.363 0.418 0.359 0.417 0.358 0.423 0.353 0.423 0.352 0.424 0.352 0.424 0.347 0.425 0.346 0.43 0.35 0.436 0.35 0.442 0.346 0.442 0.345 0.443 0.345 0.443 0.34 0.442 0.339 0.442 0.338 0.446 0.334 0.446 0.334 0.447 0.333 0.447 0.328 0.446 0.327 0.446 0.327 0.445 0.326 0.45 0.322 0.45 0.321 0.451 0.32 0.451 0.316 0.45 0.315 0.45 0.314 0.445 0.31
0 0.492 0.295 0.486 0.299 0.486 0.3 0.485 0.301 0.485 0.305 0.486 0.306 0.486 0.307 0.485 0.308 0.482 0.308 0.477 0.312 0.477 0.312 0.476 0.313 0.476 0.318 0.477 0.319 0.477 0.32 0.482 0.323 0.489 0.323 0.494 0.32 0.494 0.319 0.496 0.317 0.501 0.321 0.507 0.321 0.512 0.317 0.512 0.316 0.514 0.316 0.514 0.311 0.512 0.31 0.512 0.309 0.507 0.305 0.505 0.305 0.504 0.305 0.504 0.301 0.503 0.3 0.503 0.299 0.498 0.295
0 0.414 0.294 0.408 0.298 0.408 0.298 0.407 0.299 0.407 0.304 0.408 0.305 0.408 0.305 0.411 0.308 0.411 0.312 0.412 0.313 0.412 0.314 0.418 0.318 0.424 0.318 0.429 0.314 0.429 0.313 0.43 0.312 0.43 0.308 0.429 0.307 0.429 0.306 0.426 0.304 0.426 0.299 0.425 0.298 0.425 0.298 0.42 0.294
0 0.606 0.289 0.605 0.29 0.603 0.29 0.602 0.291 0.601 0.291 0.596 0.295 0.596 0.295 0.595 0.296 0.595 0.298 0.594 0.298 0.594 0.302 0.595 0.303 0.595 0.304 0.596 0.305 0.596 0.305 0.601 0.309 0.602 0.309 0.603 0.31 0.605 0.31 0.606 0.311 0.611 0.311 0.612 0.31 0.614 0.31 0.615 0.309 0.616 0.309 0.619 0.307 0.62 0.308 0.62 0.309 0.621 0.31 0.621 0.311 0.622 0.312 0.622 0.312 0.625 0.315 0.626 0.315 0.627 0.316 0.628 0.316 0.629 0.316 0.635 0.316 0.636 0.316 0.639 0.316 0.641 0.314 0.642 0.315 0.642 0.319 0.643 0.32 0.643 0.32 0.644 0.321 0.644 0.322 0.643 0.323 0.641 0.321 0.639 0.321 0.638 0.32 0.631 0.32 0.63 0.321 0.629 0.321 0.628 0.322 0.627 0.322 0.624 0.324 0.624 0.325 0.623 0.326 0.623 0.327 0.622 0.327 0.622 0.33 0.623 0.331 0.623 0.332 0.624 0.333 0.624 0.334 0.627 0.336 0.628 0.336 0.629 0.337 0.63 0.337 0.631 0.338 0.638 0.338 0.639 0.337 0.641 0.337 0.645 0.334 0.645 0.333 0.646 0.332 0.646 0.331 0.647 0.33 0.647 0.327 0.646 0.327 0.646 0.326 0.645 0.325 0.645 0.324 0.646 0.323 0.649 0.326 0.65 0.326 0.651 0.327 0.653 0.327 0.654 0.327 0.659 0.327 0.66 0.327 0.661 0.327 0.662 0.326 0.664 0.326 0.669 0.322 0.669 0.321 0.67 0.32 0.67 0.32 0.671 0.319 0.671 0.315 0.67 0.314 0.67 0.312 0.669 0.312 0.669 0.311 0.664 0.307 0.662 0.307 0.661 0.306 0.66 0.306 0.659 0.305 0.654 0.305 0.653 0.306 0.651 0.306 0.65 0.307 0.649 0.307 0.646 0.309 0.645 0.309 0.645 0.306 0.644 0.305 0.644 0.305 0.643 0.304 0.643 0.303 0.639 0.3 0.636 0.3 0.635 0.299 0.629 0.299 0.628 0.3 0.627 0.3 0.626 0.301 0.625 0.301 0.624 0.302 0.623 0.301 0.623 0.298 0.622 0.298 0.622 0.296 0.621 0.295 0.621 0.295 0.616 0.291 0.615 0.291 0.614 0.29 0.612 0.29 0.611 0.289
0 0.698 0.284 0.697 0.284 0.695 0.284 0.694 0.285 0.693 0.285 0.688 0.289 0.688 0.29 0.686 0.291 0.686 0.292 0.685 0.293 0.685 0.297 0.686 0.298 0.686 0.298 0.688 0.299 0.688 0.3 0.693 0.304 0.694 0.304 0.695 0.305 0.697 0.305 0.698 0.305 0.703 0.305 0.704 0.305 0.705 0.305 0.706 0.304 0.707 0.304 0.712 0.3 0.712 0.299 0.714 0.298 0.714 0.298 0.715 0.297 0.715 0.293 0.714 0.292 0.714 0.291 0.712 0.29 0.712 0.289 0.707 0.285 0.706 0.285 0.705 0.284 0.704 0.284 0.703 0.284
0 0.522 0.28 0.521 0.28 0.519 0.28 0.518 0.281 0.517 0.281 0.511 0.285 0.511 0.286 0.51 0.287 0.51 0.288 0.509 0.289 0.509 0.293 0.51 0.294 0.51 0.295 0.511 0.295 0.511 0.296 0.517 0.3 0.518 0.3 0.519 0.301 0.521 0.301 0.522 0.302 0.527 0.302 0.528 0.301 0.529 0.301 0.53 0.3 0.531 0.3 0.536 0.296 0.536 0.295 0.538 0.295 0.538 0.294 0.539 0.293 0.539 0.289 0.538 0.288 0.538 0.287 0.536 0.286 0.536 0.285 0.531 0.281 0.53 0.281 0.529 0.28 0.528 0.28 0.527 0.28
0 0.491 0.268 0.49 0.269 0.488 0.269 0.486 0.27 0.485 0.27 0.48 0.273 0.48 0.274 0.479 0.275 0.479 0.277 0.478 0.277 0.478 0.281 0.479 0.282 0.479 0.283 0.478 0.284 0.472 0.284 0.467 0.288 0.467 0.288 0.466 0.289 0.466 0.292 0.465 0.293 0.46 0.29 0.454 0.29 0.449 0.294 0.449 0.295 0.448 0.295 0.448 0.3 0.449 0.301 0.449 0.302 0.454 0.305 0.457 0.305 0.458 0.306 0.454 0.309 0.454 0.31 0.453 0.311 0.453 0.316 0.454 0.316 0.454 0.317 0.459 0.321 0.466 0.321 0.471 0.317 0.471 0.316 0.472 0.316 0.472 0.311 0.471 0.31 0.471 0.309 0.466 0.305 0.462 0.305 0.461 0.305 0.466 0.302 0.466 0.301 0.467 0.3 0.467 0.297 0.468 0.296 0.472 0.299 0.478 0.299 0.483 0.295 0.483 0.295 0.484 0.294 0.484 0.289 0.485 0.288 0.486 0.288 0.488 0.289 0.49 0.289 0.491 0.29 0.496 0.29 0.497 0.289 0.498 0.289 0.499 0.288 0.5 0.288 0.505 0.284 0.505 0.284 0.506 0.283 0.506 0.282 0.507 0.281 0.507 0.277 0.506 0.277 0.506 0.275 0.505 0.274 0.505 0.273 0.5 0.27 0.499 0.27 0.498 0.269 0.497 0.269 0.496 0.268
0 0.547 0.266 0.546 0.267 0.544 0.267 0.543 0.268 0.542 0.268 0.536 0.272 0.536 0.273 0.535 0.273 0.535 0.275 0.534 0.276 0.534 0.28 0.535 0.28 0.535 0.281 0.536 0.282 0.536 0.283 0.542 0.287 0.543 0.287 0.544 0.288 0.546 0.288 0.547 0.288 0.552 0.288 0.553 0.288 0.554 0.288 0.555 0.287 0.556 0.287 0.561 0.283 0.561 0.282 0.562 0.281 0.562 0.28 0.564 0.28 0.564 0.276 0.562 0.275 0.562 0.273 0.561 0.273 0.561 0.272 0.556 0.268 0.555 0.268 0.554 0.267 0.553 0.267 0.552 0.266
0 0.514 0.251 0.512 0.252 0.51 0.252 0.509 0.252 0.508 0.252 0.503 0.256 0.503 0.257 0.502 0.258 0.502 0.259 0.501 0.26 0.501 0.264 0.502 0.265 0.502 0.266 0.503 0.266 0.503 0.267 0.508 0.271 0.509 0.271 0.51 0.272 0.512 0.272 0.514 0.273 0.519 0.273 0.52 0.272 0.521 0.272 0.522 0.271 0.523 0.271 0.528 0.267 0.528 0.266 0.529 0.266 0.529 0.265 0.53 0.264 0.53 0.26 0.529 0.259 0.529 0.258 0.528 0.257 0.528 0.256 0.523 0.252 0.522 0.252 0.521 0.252 0.52 0.252 0.519 0.251
