6 0.567 0.847 0.566 0.848 0.564 0.848 0.562 0.848 0.561 0.848 0.558 0.851 0.558 0.852 0.557 0.852 0.557 0.853 0.556 0.854 0.556 0.859 0.557 0.859 0.557 0.86 0.558 0.861 0.558 0.862 0.561 0.864 0.562 0.864 0.564 0.865 0.566 0.865 0.567 0.866 0.573 0.866 0.574 0.865 0.575 0.865 0.576 0.864 0.578 0.864 0.581 0.862 0.581 0.861 0.582 0.86 0.582 0.859 0.583 0.859 0.583 0.854 0.582 0.853 0.582 0.852 0.581 0.852 0.581 0.851 0.578 0.848 0.576 0.848 0.575 0.848 0.574 0.848 0.573 0.847
6 0.438 0.832 0.436 0.833 0.434 0.833 0.433 0.834 0.432 0.834 0.429 0.836 0.429 0.837 0.428 0.838 0.428 0.838 0.427 0.839 0.427 0.844 0.428 0.845 0.428 0.845 0.429 0.846 0.429 0.847 0.432 0.849 0.433 0.849 0.434 0.85 0.436 0.85 0.438 0.851 0.444 0.851 0.445 0.85 0.446 0.85 0.447 0.849 0.449 0.849 0.452 0.847 0.452 0.846 0.453 0.845 0.453 0.845 0.454 0.844 0.454 0.839 0.453 0.838 0.453 0.838 0.452 0.837 0.452 0.836 0.449 0.834 0.447 0.834 0.446 0.833 0.445 0.833 0.444 0.832
6 0.494 0.805 0.493 0.805 0.491 0.805 0.49 0.806 0.489 0.806 0.485 0.809 0.485 0.809 0.484 0.81 0.484 0.811 0.483 0.812 0.483 0.816 0.484 0.817 0.484 0.818 0.485 0.819 0.485 0.82 0.489 0.822 0.49 0.822 0.491 0.823 0.493 0.823 0.494 0.823 0.5 0.823 0.501 0.823 0.502 0.823 0.503 0.822 0.504 0.823 0.504 0.823 0.505 0.824 0.505 0.825 0.508 0.827 0.509 0.827 0.51 0.828 0.512 0.828 0.514 0.829 0.52 0.829 0.521 0.828 0.522 0.828 0.523 0.827 0.525 0.827 0.528 0.825 0.528 0.824 0.529 0.823 0.529 0.823 0.53 0.822 0.53 0.817 0.529 0.816 0.529 0.816 0.528 0.815 0.528 0.814 0.525 0.812 0.523 0.812 0.522 0.811 0.521 0.811 0.52 0.81 0.514 0.81 0.512 0.811 0.51 0.811 0.508 0.809 0.508 0.809 0.505 0.806 0.503 0.806 0.502 0.805 0.501 0.805 0.5 0.805
6 0.442 0.798 0.441 0.799 0.439 0.799 0.438 0.8 0.436 0.8 0.433 0.802 0.433 0.803 0.432 0.804 0.432 0.805 0.431 0.805 0.431 0.81 0.432 0.811 0.432 0.812 0.433 0.812 0.433 0.813 0.436 0.816 0.438 0.816 0.439 0.816 0.441 0.816 0.442 0.817 0.448 0.817 0.449 0.816 0.45 0.816 0.451 0.816 0.453 0.816 0.456 0.813 0.456 0.812 0.457 0.812 0.457 0.811 0.458 0.81 0.458 0.805 0.457 0.805 0.457 0.804 0.456 0.803 0.456 0.802 0.453 0.8 0.451 0.8 0.45 0.799 0.449 0.799 0.448 0.798
6 0.247 0.774 0.246 0.775 0.244 0.775 0.243 0.776 0.242 0.776 0.239 0.778 0.239 0.779 0.238 0.78 0.238 0.78 0.236 0.781 0.236 0.786 0.238 0.787 0.238 0.788 0.239 0.788 0.239 0.789 0.242 0.791 0.243 0.791 0.244 0.792 0.246 0.792 0.247 0.793 0.253 0.793 0.254 0.792 0.255 0.792 0.256 0.791 0.258 0.791 0.261 0.789 0.261 0.788 0.262 0.788 0.262 0.787 0.264 0.786 0.264 0.781 0.262 0.78 0.262 0.78 0.261 0.779 0.261 0.778 0.258 0.776 0.256 0.776 0.255 0.775 0.254 0.775 0.253 0.774
6 0.653 0.756 0.652 0.757 0.65 0.757 0.649 0.758 0.648 0.758 0.645 0.76 0.645 0.761 0.644 0.762 0.644 0.762 0.643 0.763 0.643 0.768 0.644 0.769 0.644 0.77 0.645 0.77 0.645 0.771 0.648 0.773 0.649 0.773 0.65 0.774 0.652 0.774 0.653 0.775 0.659 0.775 0.66 0.774 0.661 0.774 0.662 0.773 0.665 0.773 0.668 0.771 0.668 0.77 0.669 0.77 0.669 0.769 0.67 0.768 0.67 0.763 0.669 0.762 0.669 0.762 0.668 0.761 0.668 0.76 0.665 0.758 0.662 0.758 0.661 0.757 0.66 0.757 0.659 0.756
6 0.24 0.752 0.239 0.752 0.236 0.752 0.235 0.753 0.234 0.753 0.231 0.755 0.231 0.756 0.23 0.757 0.23 0.758 0.229 0.759 0.229 0.763 0.23 0.764 0.23 0.765 0.231 0.766 0.231 0.766 0.234 0.769 0.235 0.769 0.236 0.77 0.239 0.77 0.24 0.77 0.246 0.77 0.247 0.77 0.248 0.77 0.249 0.769 0.251 0.769 0.254 0.766 0.254 0.766 0.255 0.765 0.255 0.764 0.256 0.763 0.256 0.759 0.255 0.758 0.255 0.757 0.254 0.756 0.254 0.755 0.251 0.753 0.249 0.753 0.248 0.752 0.247 0.752 0.246 0.752
6 0.18 0.747 0.179 0.748 0.177 0.748 0.176 0.748 0.175 0.748 0.172 0.751 0.172 0.752 0.171 0.752 0.171 0.753 0.17 0.754 0.17 0.759 0.171 0.759 0.171 0.76 0.172 0.761 0.172 0.762 0.175 0.764 0.176 0.764 0.177 0.765 0.179 0.765 0.18 0.766 0.186 0.766 0.188 0.765 0.189 0.765 0.19 0.764 0.192 0.764 0.195 0.762 0.195 0.761 0.196 0.76 0.196 0.759 0.197 0.759 0.197 0.754 0.196 0.753 0.196 0.752 0.195 0.752 0.195 0.751 0.192 0.748 0.19 0.748 0.189 0.748 0.188 0.748 0.186 0.747
6 0.603 0.733 0.602 0.734 0.6 0.734 0.599 0.734 0.598 0.734 0.595 0.737 0.595 0.738 0.594 0.738 0.594 0.739 0.593 0.74 0.593 0.745 0.594 0.745 0.594 0.746 0.595 0.747 0.595 0.748 0.598 0.75 0.599 0.75 0.6 0.751 0.602 0.751 0.603 0.752 0.609 0.752 0.61 0.751 0.611 0.751 0.612 0.75 0.615 0.75 0.618 0.748 0.618 0.747 0.619 0.746 0.619 0.745 0.62 0.745 0.62 0.74 0.619 0.739 0.619 0.738 0.618 0.738 0.618 0.737 0.615 0.734 0.612 0.734 0.611 0.734 0.61 0.734 0.609 0.733
6 0.412 0.728 0.411 0.729 0.409 0.729 0.408 0.73 0.407 0.73 0.404 0.732 0.404 0.733 0.403 0.734 0.403 0.734 0.402 0.735 0.402 0.74 0.403 0.741 0.403 0.741 0.404 0.742 0.404 0.743 0.407 0.745 0.408 0.745 0.409 0.746 0.411 0.746 0.412 0.747 0.419 0.747 0.42 0.746 0.421 0.746 0.422 0.745 0.423 0.745 0.424 0.746 0.423 0.747 0.423 0.748 0.422 0.748 0.422 0.749 0.421 0.75 0.421 0.755 0.422 0.755 0.422 0.756 0.423 0.757 0.423 0.758 0.426 0.76 0.427 0.76 0.428 0.761 0.43 0.761 0.431 0.762 0.438 0.762 0.439 0.761 0.44 0.761 0.441 0.76 0.443 0.76 0.446 0.758 0.446 0.757 0.447 0.756 0.447 0.755 0.448 0.755 0.448 0.75 0.447 0.749 0.447 0.748 0.446 0.748 0.446 0.747 0.443 0.745 0.441 0.745 0.44 0.744 0.439 0.744 0.438 0.743 0.431 0.743 0.43 0.744 0.428 0.744 0.427 0.743 0.427 0.742 0.428 0.741 0.428 0.741 0.429 0.74 0.429 0.735 0.428 0.734 0.428 0.734 0.427 0.733 0.427 0.732 0.424 0.73 0.422 0.73 0.421 0.729 0.42 0.729 0.419 0.728
6 0.326 0.714 0.325 0.715 0.323 0.715 0.322 0.716 0.321 0.716 0.318 0.718 0.318 0.719 0.317 0.72 0.317 0.72 0.316 0.721 0.316 0.726 0.317 0.727 0.317 0.727 0.318 0.728 0.318 0.729 0.321 0.731 0.322 0.731 0.323 0.732 0.325 0.732 0.326 0.733 0.332 0.733 0.333 0.732 0.334 0.732 0.335 0.731 0.338 0.731 0.34 0.73 0.341 0.73 0.341 0.731 0.34 0.732 0.34 0.737 0.341 0.738 0.341 0.738 0.342 0.739 0.342 0.74 0.345 0.742 0.346 0.742 0.347 0.743 0.349 0.743 0.35 0.744 0.356 0.744 0.357 0.743 0.358 0.743 0.359 0.742 0.361 0.742 0.365 0.74 0.365 0.739 0.366 0.738 0.366 0.738 0.367 0.737 0.367 0.732 0.366 0.731 0.366 0.73 0.365 0.73 0.365 0.729 0.361 0.727 0.359 0.727 0.358 0.726 0.357 0.726 0.356 0.725 0.35 0.725 0.349 0.726 0.347 0.726 0.346 0.727 0.345 0.727 0.343 0.728 0.342 0.727 0.342 0.727 0.343 0.726 0.343 0.721 0.342 0.72 0.342 0.72 0.341 0.719 0.341 0.718 0.338 0.716 0.335 0.716 0.334 0.715 0.333 0.715 0.332 0.714
6 0.603 0.7 0.602 0.701 0.6 0.701 0.599 0.702 0.598 0.702 0.595 0.704 0.595 0.705 0.594 0.705 0.594 0.706 0.593 0.707 0.593 0.712 0.594 0.712 0.594 0.713 0.595 0.714 0.595 0.715 0.598 0.717 0.599 0.717 0.6 0.718 0.602 0.718 0.603 0.719 0.609 0.719 0.61 0.718 0.611 0.718 0.612 0.717 0.615 0.717 0.616 0.716 0.617 0.717 0.617 0.718 0.616 0.719 0.616 0.723 0.617 0.724 0.617 0.725 0.618 0.726 0.618 0.727 0.621 0.729 0.622 0.729 0.623 0.73 0.625 0.73 0.626 0.73 0.632 0.73 0.633 0.73 0.634 0.73 0.635 0.729 0.638 0.729 0.641 0.727 0.641 0.726 0.642 0.725 0.642 0.724 0.643 0.723 0.643 0.719 0.642 0.718 0.642 0.717 0.641 0.716 0.641 0.716 0.638 0.713 0.635 0.713 0.634 0.712 0.633 0.712 0.632 0.712 0.626 0.712 0.625 0.712 0.623 0.712 0.622 0.713 0.621 0.713 0.62 0.714 0.619 0.713 0.619 0.712 0.62 0.712 0.62 0.707 0.619 0.706 0.619 0.705 0.618 0.705 0.618 0.704 0.615 0.702 0.612 0.702 0.611 0.701 0.61 0.701 0.609 0.7
6 0.244 0.699 0.243 0.7 0.241 0.7 0.24 0.701 0.239 0.701 0.235 0.703 0.235 0.704 0.234 0.705 0.234 0.705 0.233 0.706 0.233 0.711 0.234 0.712 0.234 0.712 0.235 0.713 0.235 0.714 0.239 0.716 0.24 0.716 0.241 0.717 0.243 0.717 0.244 0.718 0.25 0.718 0.251 0.717 0.252 0.717 0.253 0.716 0.255 0.716 0.258 0.714 0.258 0.713 0.259 0.712 0.259 0.712 0.26 0.711 0.26 0.706 0.259 0.705 0.259 0.705 0.258 0.704 0.258 0.703 0.255 0.701 0.253 0.701 0.252 0.7 0.251 0.7 0.25 0.699
6 0.481 0.693 0.48 0.694 0.478 0.694 0.477 0.695 0.476 0.695 0.473 0.697 0.473 0.698 0.472 0.698 0.472 0.699 0.471 0.7 0.471 0.705 0.472 0.705 0.472 0.706 0.473 0.707 0.473 0.708 0.476 0.71 0.477 0.71 0.478 0.711 0.48 0.711 0.481 0.712 0.488 0.712 0.489 0.711 0.49 0.711 0.491 0.71 0.493 0.71 0.496 0.708 0.496 0.707 0.497 0.706 0.497 0.705 0.498 0.705 0.498 0.7 0.497 0.699 0.497 0.698 0.496 0.698 0.496 0.697 0.493 0.695 0.491 0.695 0.49 0.694 0.489 0.694 0.488 0.693
6 0.428 0.679 0.427 0.68 0.425 0.68 0.424 0.68 0.423 0.68 0.42 0.683 0.42 0.684 0.419 0.684 0.419 0.685 0.418 0.686 0.418 0.691 0.419 0.691 0.419 0.692 0.42 0.693 0.42 0.694 0.423 0.696 0.424 0.696 0.425 0.697 0.427 0.697 0.428 0.698 0.434 0.698 0.435 0.697 0.436 0.697 0.438 0.696 0.44 0.696 0.443 0.694 0.443 0.693 0.444 0.692 0.444 0.691 0.445 0.691 0.445 0.686 0.444 0.685 0.444 0.684 0.443 0.684 0.443 0.683 0.44 0.68 0.438 0.68 0.436 0.68 0.435 0.68 0.434 0.679
6 0.588 0.672 0.586 0.673 0.584 0.673 0.583 0.673 0.582 0.673 0.579 0.676 0.579 0.677 0.578 0.677 0.578 0.678 0.577 0.679 0.577 0.684 0.578 0.684 0.578 0.685 0.579 0.686 0.579 0.687 0.582 0.689 0.583 0.689 0.584 0.69 0.586 0.69 0.588 0.691 0.594 0.691 0.595 0.69 0.596 0.69 0.597 0.689 0.599 0.689 0.602 0.687 0.602 0.686 0.603 0.685 0.603 0.684 0.604 0.684 0.604 0.679 0.603 0.678 0.603 0.677 0.602 0.677 0.602 0.676 0.599 0.673 0.597 0.673 0.596 0.673 0.595 0.673 0.594 0.672
6 0.304 0.671 0.303 0.672 0.301 0.672 0.3 0.673 0.299 0.673 0.296 0.675 0.296 0.676 0.295 0.677 0.295 0.677 0.294 0.678 0.294 0.683 0.295 0.684 0.295 0.684 0.296 0.685 0.296 0.686 0.299 0.688 0.3 0.688 0.301 0.689 0.303 0.689 0.304 0.69 0.31 0.69 0.311 0.689 0.312 0.689 0.314 0.688 0.316 0.688 0.319 0.686 0.319 0.685 0.32 0.684 0.32 0.684 0.321 0.683 0.321 0.678 0.32 0.677 0.32 0.677 0.319 0.676 0.319 0.675 0.316 0.673 0.314 0.673 0.312 0.672 0.311 0.672 0.31 0.671
6 0.724 0.662 0.723 0.662 0.721 0.662 0.72 0.663 0.719 0.663 0.717 0.665 0.714 0.665 0.712 0.664 0.711 0.664 0.71 0.663 0.704 0.663 0.703 0.664 0.701 0.664 0.7 0.665 0.699 0.665 0.696 0.667 0.696 0.668 0.695 0.669 0.695 0.67 0.694 0.67 0.694 0.675 0.695 0.676 0.695 0.677 0.696 0.677 0.696 0.678 0.699 0.68 0.7 0.68 0.701 0.681 0.703 0.681 0.704 0.682 0.71 0.682 0.711 0.681 0.712 0.681 0.714 0.68 0.716 0.68 0.718 0.679 0.72 0.679 0.721 0.68 0.723 0.68 0.724 0.68 0.73 0.68 0.731 0.68 0.732 0.68 0.733 0.679 0.735 0.679 0.739 0.677 0.739 0.676 0.74 0.675 0.74 0.674 0.741 0.673 0.741 0.669 0.74 0.668 0.74 0.667 0.739 0.666 0.739 0.666 0.735 0.663 0.733 0.663 0.732 0.662 0.731 0.662 0.73 0.662
6 0.494 0.656 0.493 0.657 0.491 0.657 0.49 0.658 0.489 0.658 0.485 0.66 0.485 0.661 0.484 0.662 0.484 0.662 0.483 0.663 0.483 0.668 0.484 0.669 0.484 0.67 0.485 0.67 0.485 0.671 0.489 0.673 0.49 0.673 0.491 0.674 0.493 0.674 0.495 0.676 0.492 0.678 0.492 0.679 0.491 0.68 0.491 0.68 0.49 0.681 0.49 0.686 0.491 0.687 0.491 0.688 0.492 0.688 0.492 0.689 0.495 0.691 0.496 0.691 0.497 0.692 0.499 0.692 0.5 0.693 0.506 0.693 0.507 0.692 0.508 0.692 0.509 0.691 0.511 0.691 0.515 0.689 0.515 0.688 0.516 0.688 0.516 0.687 0.517 0.686 0.517 0.681 0.516 0.68 0.516 0.68 0.515 0.679 0.515 0.678 0.511 0.676 0.509 0.676 0.508 0.675 0.507 0.675 0.505 0.673 0.508 0.671 0.508 0.67 0.509 0.67 0.509 0.669 0.51 0.668 0.51 0.663 0.509 0.662 0.509 0.662 0.508 0.661 0.508 0.66 0.505 0.658 0.503 0.658 0.502 0.657 0.501 0.657 0.5 0.656
6 0.397 0.652 0.396 0.653 0.394 0.653 0.393 0.654 0.392 0.654 0.389 0.656 0.389 0.657 0.388 0.658 0.388 0.659 0.386 0.659 0.386 0.664 0.388 0.665 0.388 0.666 0.389 0.666 0.389 0.667 0.392 0.67 0.393 0.67 0.394 0.67 0.396 0.67 0.397 0.671 0.403 0.671 0.404 0.67 0.405 0.67 0.406 0.67 0.408 0.67 0.411 0.667 0.411 0.666 0.412 0.666 0.412 0.665 0.414 0.664 0.414 0.659 0.412 0.659 0.412 0.658 0.411 0.657 0.411 0.656 0.408 0.654 0.406 0.654 0.405 0.653 0.404 0.653 0.403 0.652
6 0.43 0.651 0.429 0.652 0.428 0.652 0.424 0.655 0.424 0.655 0.423 0.656 0.423 0.661 0.424 0.662 0.424 0.662 0.428 0.666 0.429 0.666 0.43 0.666 0.436 0.666 0.439 0.665 0.44 0.665 0.443 0.662 0.443 0.662 0.444 0.661 0.444 0.656 0.443 0.655 0.443 0.655 0.44 0.652 0.439 0.652 0.436 0.651
6 0.622 0.649 0.621 0.65 0.619 0.65 0.618 0.651 0.617 0.651 0.614 0.653 0.614 0.654 0.612 0.655 0.612 0.655 0.611 0.656 0.611 0.661 0.612 0.662 0.612 0.662 0.614 0.663 0.614 0.664 0.616 0.666 0.612 0.668 0.612 0.669 0.611 0.67 0.611 0.67 0.61 0.671 0.61 0.676 0.611 0.677 0.611 0.677 0.612 0.678 0.612 0.679 0.616 0.681 0.617 0.681 0.618 0.682 0.62 0.682 0.621 0.683 0.627 0.683 0.628 0.682 0.629 0.682 0.63 0.681 0.632 0.681 0.635 0.679 0.635 0.678 0.636 0.677 0.636 0.677 0.638 0.676 0.638 0.671 0.636 0.67 0.636 0.67 0.635 0.669 0.635 0.668 0.633 0.666 0.636 0.664 0.636 0.663 0.638 0.662 0.639 0.663 0.639 0.664 0.64 0.665 0.64 0.666 0.641 0.666 0.641 0.667 0.644 0.67 0.645 0.67 0.646 0.67 0.648 0.67 0.649 0.671 0.655 0.671 0.656 0.67 0.657 0.67 0.658 0.67 0.66 0.67 0.664 0.667 0.664 0.666 0.665 0.666 0.665 0.665 0.666 0.664 0.666 0.659 0.665 0.659 0.665 0.658 0.664 0.657 0.664 0.656 0.66 0.654 0.658 0.654 0.657 0.653 0.656 0.653 0.655 0.652 0.649 0.652 0.648 0.653 0.646 0.653 0.645 0.654 0.644 0.654 0.641 0.656 0.641 0.657 0.64 0.658 0.639 0.657 0.639 0.656 0.638 0.655 0.638 0.655 0.636 0.654 0.636 0.653 0.633 0.651 0.631 0.651 0.63 0.65 0.629 0.65 0.628 0.649
6 0.256 0.648 0.255 0.649 0.253 0.649 0.252 0.65 0.251 0.65 0.248 0.652 0.248 0.653 0.247 0.654 0.247 0.655 0.246 0.655 0.246 0.66 0.247 0.661 0.247 0.662 0.248 0.662 0.248 0.663 0.251 0.666 0.252 0.666 0.253 0.666 0.255 0.666 0.256 0.667 0.262 0.667 0.264 0.666 0.265 0.666 0.266 0.666 0.268 0.666 0.271 0.663 0.271 0.662 0.272 0.662 0.272 0.661 0.273 0.66 0.273 0.655 0.272 0.655 0.272 0.654 0.271 0.653 0.271 0.652 0.268 0.65 0.266 0.65 0.265 0.649 0.264 0.649 0.262 0.648
6 0.589 0.643 0.588 0.644 0.585 0.644 0.582 0.646 0.582 0.648 0.581 0.648 0.581 0.65 0.582 0.651 0.582 0.652 0.585 0.655 0.588 0.655 0.589 0.655 0.591 0.655 0.592 0.655 0.594 0.655 0.597 0.652 0.597 0.651 0.598 0.65 0.598 0.648 0.597 0.648 0.597 0.646 0.594 0.644 0.592 0.644 0.591 0.643
6 0.167 0.637 0.166 0.638 0.164 0.638 0.162 0.638 0.161 0.638 0.158 0.641 0.158 0.641 0.157 0.642 0.157 0.643 0.156 0.644 0.156 0.648 0.157 0.649 0.157 0.65 0.158 0.651 0.158 0.652 0.161 0.654 0.162 0.654 0.164 0.655 0.166 0.655 0.167 0.655 0.173 0.655 0.174 0.655 0.175 0.655 0.176 0.654 0.178 0.654 0.181 0.652 0.181 0.651 0.182 0.65 0.182 0.649 0.183 0.648 0.183 0.644 0.182 0.643 0.182 0.642 0.181 0.641 0.181 0.641 0.178 0.638 0.176 0.638 0.175 0.638 0.174 0.638 0.173 0.637
6 0.545 0.635 0.544 0.636 0.543 0.636 0.539 0.639 0.539 0.64 0.538 0.641 0.538 0.645 0.539 0.646 0.539 0.647 0.543 0.65 0.544 0.65 0.545 0.651 0.545 0.652 0.542 0.654 0.542 0.655 0.541 0.655 0.541 0.656 0.54 0.657 0.54 0.662 0.541 0.662 0.541 0.663 0.542 0.664 0.542 0.665 0.545 0.667 0.546 0.667 0.547 0.668 0.549 0.668 0.55 0.669 0.556 0.669 0.557 0.668 0.558 0.668 0.559 0.667 0.561 0.667 0.565 0.665 0.565 0.664 0.566 0.663 0.566 0.662 0.567 0.662 0.567 0.657 0.566 0.656 0.566 0.655 0.565 0.655 0.565 0.654 0.561 0.652 0.559 0.652 0.558 0.651 0.557 0.651 0.556 0.65 0.555 0.65 0.554 0.649 0.557 0.647 0.557 0.646 0.558 0.645 0.558 0.641 0.557 0.64 0.557 0.639 0.554 0.637 0.553 0.637 0.551 0.635
6 0.781 0.634 0.78 0.635 0.778 0.635 0.777 0.636 0.776 0.636 0.773 0.638 0.773 0.639 0.772 0.64 0.772 0.641 0.771 0.641 0.771 0.646 0.772 0.647 0.772 0.648 0.773 0.648 0.773 0.649 0.776 0.652 0.777 0.652 0.778 0.652 0.78 0.652 0.781 0.653 0.785 0.653 0.789 0.655 0.79 0.655 0.791 0.656 0.793 0.656 0.794 0.657 0.8 0.657 0.801 0.656 0.802 0.656 0.803 0.655 0.805 0.655 0.808 0.653 0.808 0.652 0.809 0.652 0.809 0.651 0.81 0.65 0.81 0.645 0.809 0.645 0.809 0.644 0.808 0.643 0.808 0.642 0.805 0.64 0.803 0.64 0.802 0.639 0.801 0.639 0.8 0.638 0.796 0.638 0.793 0.636 0.791 0.636 0.79 0.635 0.789 0.635 0.788 0.634
6 0.681 0.623 0.68 0.624 0.678 0.624 0.677 0.625 0.676 0.625 0.673 0.627 0.673 0.628 0.672 0.629 0.672 0.63 0.671 0.63 0.671 0.635 0.672 0.636 0.672 0.637 0.673 0.638 0.673 0.638 0.676 0.641 0.677 0.641 0.678 0.641 0.68 0.641 0.681 0.642 0.688 0.642 0.689 0.641 0.69 0.641 0.691 0.641 0.693 0.641 0.696 0.638 0.696 0.638 0.697 0.637 0.697 0.636 0.698 0.635 0.698 0.63 0.697 0.63 0.697 0.629 0.696 0.628 0.696 0.627 0.693 0.625 0.691 0.625 0.69 0.624 0.689 0.624 0.688 0.623
6 0.358 0.623 0.357 0.624 0.355 0.624 0.354 0.625 0.353 0.625 0.35 0.627 0.35 0.628 0.349 0.629 0.349 0.63 0.348 0.63 0.348 0.635 0.349 0.636 0.349 0.637 0.35 0.638 0.35 0.638 0.353 0.641 0.354 0.641 0.355 0.641 0.357 0.641 0.358 0.642 0.365 0.642 0.366 0.641 0.367 0.641 0.368 0.641 0.37 0.641 0.373 0.638 0.373 0.638 0.374 0.637 0.374 0.636 0.375 0.635 0.375 0.63 0.374 0.63 0.374 0.629 0.373 0.628 0.373 0.627 0.37 0.625 0.368 0.625 0.367 0.624 0.366 0.624 0.365 0.623
6 0.627 0.62 0.626 0.62 0.624 0.62 0.623 0.621 0.622 0.621 0.619 0.623 0.619 0.624 0.618 0.625 0.618 0.626 0.617 0.627 0.617 0.631 0.618 0.632 0.618 0.633 0.619 0.634 0.619 0.634 0.622 0.637 0.623 0.637 0.624 0.638 0.626 0.638 0.627 0.638 0.633 0.638 0.634 0.638 0.635 0.638 0.636 0.637 0.639 0.637 0.642 0.634 0.642 0.634 0.643 0.633 0.643 0.632 0.644 0.631 0.644 0.627 0.643 0.626 0.643 0.625 0.642 0.624 0.642 0.623 0.639 0.621 0.636 0.621 0.635 0.62 0.634 0.62 0.633 0.62
6 0.606 0.613 0.605 0.614 0.603 0.614 0.6 0.616 0.6 0.618 0.599 0.619 0.599 0.62 0.6 0.621 0.6 0.623 0.603 0.625 0.605 0.625 0.606 0.626 0.608 0.626 0.609 0.625 0.611 0.625 0.615 0.623 0.615 0.621 0.616 0.62 0.616 0.619 0.615 0.618 0.615 0.616 0.611 0.614 0.609 0.614 0.608 0.613
6 0.468 0.602 0.467 0.602 0.465 0.602 0.461 0.605 0.461 0.606 0.46 0.607 0.46 0.609 0.459 0.609 0.455 0.609 0.454 0.61 0.453 0.61 0.449 0.613 0.449 0.614 0.448 0.615 0.448 0.617 0.447 0.618 0.445 0.616 0.439 0.616 0.438 0.617 0.436 0.617 0.432 0.62 0.432 0.621 0.431 0.622 0.431 0.627 0.432 0.627 0.432 0.628 0.436 0.631 0.438 0.631 0.439 0.632 0.445 0.632 0.447 0.63 0.448 0.63 0.451 0.628 0.451 0.627 0.452 0.627 0.452 0.625 0.453 0.624 0.454 0.624 0.455 0.625 0.461 0.625 0.464 0.623 0.465 0.623 0.468 0.621 0.468 0.62 0.469 0.62 0.469 0.615 0.471 0.613 0.473 0.613 0.476 0.611 0.476 0.609 0.477 0.609 0.477 0.607 0.476 0.606 0.476 0.605 0.473 0.602 0.471 0.602 0.47 0.602
6 0.577 0.601 0.576 0.602 0.574 0.602 0.571 0.604 0.571 0.605 0.57 0.606 0.57 0.608 0.571 0.609 0.571 0.61 0.574 0.612 0.576 0.612 0.577 0.613 0.579 0.613 0.58 0.612 0.582 0.612 0.585 0.61 0.585 0.609 0.586 0.608 0.586 0.606 0.585 0.605 0.585 0.604 0.582 0.602 0.58 0.602 0.579 0.601
6 0.354 0.601 0.353 0.602 0.352 0.602 0.348 0.605 0.348 0.605 0.347 0.606 0.347 0.611 0.348 0.612 0.348 0.612 0.352 0.616 0.353 0.616 0.354 0.616 0.36 0.616 0.362 0.615 0.364 0.615 0.367 0.612 0.367 0.612 0.368 0.611 0.368 0.606 0.367 0.605 0.367 0.605 0.364 0.602 0.362 0.602 0.36 0.601
6 0.212 0.601 0.211 0.602 0.209 0.602 0.208 0.602 0.207 0.602 0.204 0.605 0.204 0.605 0.203 0.606 0.203 0.607 0.202 0.608 0.202 0.609 0.201 0.61 0.2 0.61 0.197 0.612 0.197 0.613 0.196 0.614 0.196 0.615 0.195 0.616 0.195 0.62 0.196 0.621 0.196 0.622 0.197 0.623 0.197 0.623 0.2 0.626 0.201 0.626 0.202 0.627 0.204 0.627 0.205 0.627 0.211 0.627 0.212 0.627 0.214 0.627 0.215 0.626 0.217 0.626 0.22 0.623 0.22 0.623 0.221 0.622 0.221 0.621 0.222 0.62 0.222 0.619 0.223 0.618 0.224 0.618 0.227 0.616 0.227 0.615 0.228 0.614 0.228 0.613 0.229 0.612 0.229 0.608 0.228 0.607 0.228 0.606 0.227 0.605 0.227 0.605 0.224 0.602 0.222 0.602 0.221 0.602 0.22 0.602 0.219 0.601
6 0.306 0.6 0.305 0.601 0.303 0.601 0.302 0.602 0.301 0.602 0.298 0.604 0.298 0.605 0.297 0.605 0.297 0.606 0.296 0.607 0.296 0.612 0.297 0.612 0.297 0.613 0.298 0.614 0.298 0.615 0.301 0.617 0.302 0.617 0.303 0.618 0.305 0.618 0.306 0.619 0.312 0.619 0.314 0.618 0.315 0.618 0.316 0.617 0.318 0.617 0.321 0.615 0.321 0.614 0.322 0.613 0.322 0.612 0.323 0.612 0.323 0.607 0.322 0.606 0.322 0.605 0.321 0.605 0.321 0.604 0.318 0.602 0.316 0.602 0.315 0.601 0.314 0.601 0.312 0.6
6 0.674 0.596 0.673 0.597 0.672 0.597 0.668 0.6 0.668 0.601 0.667 0.602 0.667 0.606 0.668 0.607 0.668 0.608 0.672 0.611 0.673 0.611 0.674 0.612 0.68 0.612 0.682 0.61 0.683 0.61 0.686 0.608 0.686 0.607 0.688 0.606 0.688 0.602 0.686 0.601 0.686 0.6 0.683 0.598 0.682 0.598 0.68 0.596
6 0.601 0.594 0.6 0.595 0.598 0.595 0.595 0.597 0.595 0.598 0.594 0.599 0.594 0.601 0.595 0.602 0.595 0.603 0.598 0.605 0.6 0.605 0.601 0.606 0.603 0.606 0.604 0.605 0.606 0.605 0.609 0.603 0.609 0.602 0.61 0.601 0.61 0.599 0.609 0.598 0.609 0.597 0.606 0.595 0.604 0.595 0.603 0.594
6 0.507 0.592 0.506 0.593 0.504 0.593 0.501 0.595 0.501 0.597 0.5 0.598 0.5 0.599 0.501 0.6 0.501 0.602 0.505 0.605 0.505 0.606 0.504 0.607 0.504 0.609 0.505 0.609 0.505 0.611 0.508 0.613 0.51 0.613 0.511 0.614 0.514 0.614 0.515 0.615 0.515 0.616 0.516 0.616 0.516 0.618 0.519 0.62 0.521 0.62 0.522 0.621 0.524 0.621 0.525 0.62 0.529 0.62 0.53 0.621 0.536 0.621 0.539 0.62 0.54 0.62 0.543 0.617 0.543 0.616 0.544 0.616 0.544 0.611 0.543 0.61 0.543 0.609 0.54 0.607 0.539 0.607 0.536 0.605 0.53 0.605 0.529 0.606 0.528 0.606 0.525 0.609 0.522 0.609 0.521 0.608 0.521 0.607 0.52 0.606 0.52 0.605 0.516 0.602 0.516 0.6 0.517 0.599 0.517 0.598 0.516 0.597 0.516 0.595 0.512 0.593 0.51 0.593 0.509 0.592
6 0.434 0.591 0.433 0.591 0.431 0.591 0.428 0.594 0.428 0.595 0.427 0.596 0.427 0.598 0.428 0.598 0.428 0.6 0.429 0.601 0.428 0.602 0.427 0.602 0.425 0.6 0.419 0.6 0.418 0.601 0.417 0.601 0.412 0.604 0.412 0.605 0.411 0.605 0.411 0.61 0.412 0.611 0.411 0.612 0.409 0.612 0.408 0.612 0.407 0.612 0.403 0.616 0.403 0.616 0.402 0.617 0.402 0.622 0.403 0.623 0.403 0.623 0.407 0.627 0.408 0.627 0.409 0.627 0.416 0.627 0.418 0.626 0.419 0.626 0.422 0.623 0.422 0.623 0.423 0.622 0.423 0.617 0.422 0.616 0.423 0.616 0.425 0.616 0.427 0.614 0.428 0.614 0.431 0.612 0.431 0.611 0.432 0.61 0.432 0.605 0.431 0.605 0.431 0.604 0.43 0.603 0.431 0.602 0.433 0.602 0.434 0.603 0.436 0.603 0.438 0.602 0.44 0.602 0.443 0.6 0.443 0.598 0.444 0.598 0.444 0.596 0.443 0.595 0.443 0.594 0.44 0.591 0.438 0.591 0.436 0.591
6 0.179 0.589 0.178 0.59 0.176 0.59 0.175 0.591 0.174 0.591 0.171 0.593 0.171 0.594 0.17 0.595 0.17 0.595 0.169 0.596 0.169 0.601 0.17 0.602 0.17 0.602 0.171 0.603 0.171 0.604 0.174 0.606 0.175 0.606 0.176 0.607 0.178 0.607 0.179 0.608 0.185 0.608 0.186 0.607 0.188 0.607 0.189 0.606 0.191 0.606 0.194 0.604 0.194 0.603 0.195 0.602 0.195 0.602 0.196 0.601 0.196 0.596 0.195 0.595 0.195 0.595 0.194 0.594 0.194 0.593 0.191 0.591 0.189 0.591 0.188 0.59 0.186 0.59 0.185 0.589
6 0.373 0.588 0.372 0.588 0.371 0.588 0.367 0.591 0.367 0.592 0.366 0.593 0.366 0.598 0.367 0.598 0.367 0.599 0.371 0.602 0.372 0.602 0.373 0.603 0.375 0.603 0.376 0.604 0.374 0.605 0.374 0.606 0.373 0.607 0.373 0.612 0.374 0.612 0.374 0.613 0.378 0.616 0.379 0.616 0.38 0.617 0.386 0.617 0.389 0.616 0.39 0.616 0.393 0.613 0.393 0.612 0.394 0.612 0.394 0.607 0.393 0.606 0.393 0.605 0.39 0.603 0.389 0.603 0.386 0.602 0.384 0.602 0.383 0.601 0.385 0.599 0.385 0.598 0.386 0.598 0.386 0.593 0.385 0.592 0.385 0.591 0.382 0.589 0.381 0.589 0.379 0.588
6 0.31 0.583 0.309 0.584 0.308 0.584 0.304 0.587 0.304 0.588 0.303 0.588 0.303 0.593 0.304 0.594 0.304 0.595 0.308 0.598 0.309 0.598 0.31 0.598 0.317 0.598 0.319 0.597 0.32 0.597 0.323 0.595 0.323 0.594 0.324 0.593 0.324 0.588 0.323 0.588 0.323 0.587 0.32 0.584 0.319 0.584 0.317 0.583
6 0.58 0.58 0.579 0.58 0.577 0.58 0.574 0.583 0.574 0.584 0.573 0.585 0.573 0.587 0.574 0.588 0.574 0.589 0.577 0.591 0.579 0.591 0.58 0.592 0.582 0.592 0.583 0.591 0.585 0.591 0.589 0.589 0.589 0.588 0.59 0.587 0.59 0.585 0.589 0.584 0.589 0.583 0.585 0.58 0.583 0.58 0.582 0.58
6 0.265 0.575 0.264 0.576 0.261 0.576 0.26 0.577 0.259 0.577 0.256 0.579 0.256 0.58 0.255 0.58 0.255 0.581 0.254 0.582 0.254 0.587 0.255 0.588 0.255 0.588 0.256 0.589 0.256 0.59 0.259 0.592 0.26 0.592 0.261 0.593 0.264 0.593 0.265 0.594 0.271 0.594 0.272 0.593 0.273 0.593 0.274 0.592 0.276 0.592 0.279 0.59 0.279 0.589 0.28 0.588 0.28 0.588 0.281 0.587 0.281 0.582 0.28 0.581 0.28 0.58 0.279 0.58 0.279 0.579 0.276 0.577 0.274 0.577 0.273 0.576 0.272 0.576 0.271 0.575
6 0.542 0.572 0.541 0.573 0.539 0.573 0.535 0.575 0.535 0.577 0.534 0.577 0.534 0.579 0.535 0.58 0.535 0.581 0.539 0.584 0.541 0.584 0.542 0.584 0.544 0.584 0.545 0.584 0.547 0.584 0.55 0.581 0.55 0.58 0.551 0.579 0.551 0.577 0.55 0.577 0.55 0.575 0.547 0.573 0.545 0.573 0.544 0.572
6 0.606 0.571 0.605 0.572 0.603 0.572 0.6 0.574 0.6 0.576 0.599 0.577 0.599 0.578 0.6 0.579 0.6 0.58 0.603 0.583 0.605 0.583 0.606 0.584 0.608 0.584 0.609 0.583 0.611 0.583 0.615 0.58 0.615 0.579 0.616 0.578 0.616 0.577 0.615 0.576 0.615 0.574 0.611 0.572 0.609 0.572 0.608 0.571
6 0.466 0.57 0.465 0.571 0.462 0.571 0.459 0.573 0.459 0.575 0.458 0.576 0.458 0.577 0.459 0.578 0.459 0.58 0.462 0.582 0.465 0.582 0.466 0.583 0.468 0.583 0.469 0.582 0.471 0.582 0.474 0.58 0.474 0.578 0.475 0.577 0.475 0.576 0.474 0.575 0.474 0.573 0.471 0.571 0.469 0.571 0.468 0.57
6 0.416 0.562 0.415 0.562 0.412 0.562 0.409 0.565 0.409 0.566 0.408 0.567 0.408 0.569 0.409 0.57 0.409 0.571 0.412 0.573 0.415 0.573 0.416 0.574 0.418 0.574 0.419 0.573 0.421 0.573 0.424 0.571 0.424 0.57 0.425 0.569 0.425 0.567 0.424 0.566 0.424 0.565 0.421 0.562 0.419 0.562 0.418 0.562
6 0.292 0.556 0.291 0.557 0.289 0.557 0.285 0.559 0.285 0.561 0.284 0.562 0.284 0.563 0.285 0.564 0.285 0.566 0.289 0.568 0.291 0.568 0.292 0.569 0.294 0.569 0.295 0.568 0.297 0.568 0.3 0.566 0.304 0.569 0.306 0.569 0.307 0.57 0.309 0.57 0.31 0.569 0.312 0.569 0.316 0.566 0.316 0.565 0.317 0.564 0.317 0.562 0.316 0.562 0.316 0.56 0.312 0.558 0.31 0.558 0.309 0.557 0.307 0.557 0.306 0.558 0.304 0.558 0.301 0.56 0.297 0.557 0.295 0.557 0.294 0.556
6 0.536 0.552 0.535 0.552 0.533 0.552 0.53 0.555 0.53 0.556 0.529 0.557 0.529 0.559 0.53 0.559 0.53 0.561 0.533 0.563 0.535 0.563 0.536 0.564 0.539 0.564 0.54 0.563 0.542 0.563 0.545 0.561 0.545 0.559 0.546 0.559 0.546 0.557 0.545 0.556 0.545 0.555 0.542 0.552 0.54 0.552 0.539 0.552
6 0.582 0.548 0.581 0.548 0.579 0.548 0.576 0.551 0.576 0.552 0.575 0.553 0.575 0.555 0.576 0.555 0.576 0.557 0.579 0.559 0.581 0.559 0.582 0.56 0.584 0.56 0.585 0.559 0.588 0.559 0.591 0.557 0.591 0.555 0.592 0.555 0.592 0.553 0.591 0.552 0.591 0.551 0.588 0.548 0.585 0.548 0.584 0.548
6 0.115 0.547 0.114 0.548 0.111 0.548 0.11 0.548 0.109 0.548 0.106 0.551 0.106 0.552 0.105 0.552 0.105 0.553 0.104 0.554 0.104 0.559 0.105 0.559 0.105 0.56 0.106 0.561 0.106 0.562 0.109 0.564 0.11 0.564 0.111 0.565 0.114 0.565 0.115 0.566 0.121 0.566 0.122 0.565 0.123 0.565 0.124 0.564 0.126 0.564 0.129 0.562 0.129 0.561 0.13 0.56 0.13 0.559 0.131 0.559 0.131 0.554 0.13 0.553 0.13 0.552 0.129 0.552 0.129 0.551 0.126 0.548 0.124 0.548 0.123 0.548 0.122 0.548 0.121 0.547
6 0.442 0.545 0.441 0.545 0.439 0.545 0.435 0.548 0.435 0.549 0.434 0.55 0.434 0.552 0.435 0.552 0.435 0.554 0.439 0.556 0.441 0.556 0.442 0.557 0.444 0.557 0.445 0.556 0.447 0.556 0.45 0.554 0.45 0.552 0.451 0.552 0.451 0.55 0.45 0.549 0.45 0.548 0.447 0.545 0.445 0.545 0.444 0.545
6 0.176 0.543 0.175 0.544 0.173 0.544 0.172 0.545 0.171 0.545 0.168 0.547 0.168 0.548 0.167 0.548 0.167 0.549 0.166 0.55 0.166 0.555 0.167 0.555 0.167 0.556 0.168 0.557 0.168 0.558 0.171 0.56 0.172 0.56 0.173 0.561 0.175 0.561 0.176 0.562 0.182 0.562 0.183 0.561 0.184 0.562 0.184 0.566 0.185 0.566 0.185 0.567 0.186 0.568 0.186 0.569 0.19 0.571 0.191 0.571 0.192 0.572 0.194 0.572 0.195 0.573 0.201 0.573 0.202 0.572 0.203 0.572 0.204 0.571 0.206 0.571 0.209 0.569 0.209 0.568 0.21 0.567 0.21 0.566 0.211 0.566 0.212 0.566 0.212 0.567 0.214 0.568 0.214 0.569 0.217 0.571 0.218 0.571 0.219 0.572 0.221 0.572 0.222 0.573 0.228 0.573 0.229 0.572 0.23 0.572 0.231 0.571 0.233 0.571 0.236 0.569 0.236 0.568 0.238 0.567 0.238 0.566 0.239 0.566 0.239 0.561 0.238 0.56 0.238 0.559 0.236 0.559 0.236 0.558 0.233 0.555 0.231 0.555 0.23 0.555 0.229 0.555 0.228 0.554 0.222 0.554 0.221 0.555 0.219 0.555 0.218 0.555 0.217 0.555 0.214 0.558 0.214 0.559 0.212 0.559 0.212 0.56 0.211 0.561 0.21 0.56 0.21 0.559 0.209 0.559 0.209 0.558 0.206 0.555 0.204 0.555 0.203 0.555 0.202 0.555 0.201 0.554 0.195 0.554 0.194 0.555 0.193 0.554 0.193 0.55 0.192 0.549 0.192 0.548 0.191 0.548 0.191 0.547 0.188 0.545 0.185 0.545 0.184 0.544 0.183 0.544 0.182 0.543
6 0.467 0.529 0.466 0.53 0.464 0.53 0.46 0.532 0.46 0.534 0.459 0.534 0.459 0.536 0.46 0.537 0.46 0.538 0.464 0.541 0.466 0.541 0.467 0.541 0.469 0.541 0.47 0.541 0.472 0.541 0.474 0.539 0.475 0.54 0.475 0.541 0.476 0.541 0.476 0.543 0.479 0.545 0.481 0.545 0.482 0.546 0.484 0.546 0.485 0.545 0.488 0.545 0.491 0.543 0.491 0.541 0.492 0.541 0.492 0.539 0.491 0.538 0.491 0.537 0.488 0.534 0.485 0.534 0.484 0.534 0.482 0.534 0.481 0.534 0.479 0.534 0.477 0.536 0.476 0.535 0.476 0.534 0.475 0.534 0.475 0.532 0.472 0.53 0.47 0.53 0.469 0.529
6 0.428 0.528 0.427 0.529 0.425 0.529 0.422 0.531 0.422 0.533 0.421 0.534 0.421 0.535 0.422 0.536 0.422 0.538 0.425 0.54 0.427 0.54 0.428 0.541 0.43 0.541 0.431 0.54 0.433 0.54 0.436 0.538 0.436 0.536 0.438 0.535 0.438 0.534 0.436 0.533 0.436 0.531 0.433 0.529 0.431 0.529 0.43 0.528
6 0.245 0.527 0.244 0.527 0.242 0.527 0.241 0.528 0.24 0.528 0.236 0.53 0.236 0.531 0.235 0.532 0.235 0.533 0.234 0.534 0.234 0.538 0.235 0.539 0.235 0.54 0.236 0.541 0.236 0.541 0.24 0.544 0.241 0.544 0.242 0.545 0.244 0.545 0.245 0.545 0.251 0.545 0.252 0.545 0.253 0.545 0.254 0.544 0.256 0.544 0.259 0.541 0.259 0.541 0.26 0.54 0.26 0.539 0.261 0.538 0.261 0.534 0.26 0.533 0.26 0.532 0.259 0.531 0.259 0.53 0.256 0.528 0.254 0.528 0.253 0.527 0.252 0.527 0.251 0.527
6 0.34 0.524 0.339 0.525 0.338 0.525 0.333 0.528 0.332 0.527 0.331 0.527 0.329 0.526 0.323 0.526 0.322 0.527 0.321 0.527 0.317 0.53 0.317 0.53 0.316 0.531 0.316 0.536 0.317 0.537 0.317 0.538 0.321 0.541 0.322 0.541 0.323 0.541 0.329 0.541 0.331 0.54 0.332 0.54 0.335 0.538 0.338 0.539 0.339 0.539 0.34 0.54 0.346 0.54 0.348 0.538 0.349 0.538 0.352 0.536 0.352 0.535 0.353 0.534 0.353 0.53 0.352 0.529 0.352 0.528 0.349 0.526 0.348 0.526 0.346 0.524
6 0.408 0.523 0.407 0.523 0.405 0.523 0.402 0.526 0.402 0.527 0.4 0.529 0.397 0.527 0.396 0.527 0.394 0.525 0.388 0.525 0.386 0.526 0.385 0.526 0.381 0.529 0.381 0.53 0.38 0.53 0.38 0.535 0.381 0.536 0.381 0.537 0.385 0.54 0.383 0.541 0.383 0.542 0.382 0.543 0.382 0.548 0.383 0.548 0.383 0.549 0.386 0.552 0.385 0.552 0.384 0.552 0.382 0.551 0.376 0.551 0.375 0.552 0.374 0.552 0.37 0.555 0.37 0.555 0.369 0.556 0.369 0.559 0.368 0.56 0.366 0.56 0.365 0.561 0.362 0.561 0.359 0.563 0.359 0.565 0.358 0.566 0.358 0.567 0.359 0.568 0.359 0.57 0.362 0.572 0.365 0.572 0.366 0.573 0.368 0.573 0.369 0.572 0.371 0.572 0.374 0.57 0.374 0.568 0.376 0.566 0.382 0.566 0.384 0.565 0.385 0.565 0.389 0.562 0.389 0.562 0.39 0.561 0.39 0.556 0.389 0.555 0.389 0.555 0.386 0.553 0.388 0.552 0.389 0.552 0.39 0.553 0.396 0.553 0.398 0.552 0.399 0.552 0.402 0.549 0.402 0.548 0.403 0.548 0.403 0.543 0.402 0.542 0.402 0.541 0.398 0.538 0.4 0.537 0.4 0.536 0.401 0.535 0.401 0.533 0.402 0.532 0.405 0.534 0.407 0.534 0.408 0.535 0.41 0.535 0.411 0.534 0.414 0.534 0.417 0.532 0.417 0.53 0.418 0.53 0.418 0.528 0.417 0.527 0.417 0.526 0.414 0.523 0.411 0.523 0.41 0.523
6 0.296 0.521 0.295 0.522 0.294 0.522 0.29 0.525 0.29 0.526 0.289 0.527 0.289 0.531 0.29 0.532 0.29 0.533 0.294 0.536 0.295 0.536 0.296 0.537 0.302 0.537 0.304 0.535 0.305 0.535 0.308 0.533 0.308 0.532 0.309 0.531 0.309 0.527 0.308 0.526 0.308 0.525 0.305 0.523 0.304 0.523 0.302 0.521
6 0.553 0.515 0.552 0.516 0.55 0.516 0.547 0.518 0.547 0.52 0.546 0.52 0.546 0.522 0.547 0.523 0.547 0.524 0.55 0.527 0.552 0.527 0.553 0.527 0.555 0.527 0.556 0.527 0.558 0.527 0.561 0.524 0.561 0.523 0.562 0.522 0.562 0.52 0.561 0.52 0.561 0.518 0.558 0.516 0.556 0.516 0.555 0.515
6 0.142 0.509 0.141 0.51 0.139 0.51 0.138 0.511 0.136 0.511 0.133 0.513 0.133 0.514 0.132 0.515 0.132 0.516 0.131 0.516 0.131 0.521 0.132 0.522 0.132 0.523 0.133 0.523 0.133 0.524 0.136 0.527 0.138 0.527 0.139 0.527 0.141 0.527 0.142 0.528 0.148 0.528 0.149 0.527 0.15 0.527 0.151 0.527 0.153 0.527 0.156 0.524 0.156 0.523 0.157 0.523 0.157 0.522 0.158 0.521 0.158 0.516 0.157 0.516 0.157 0.515 0.156 0.514 0.156 0.513 0.153 0.511 0.151 0.511 0.15 0.51 0.149 0.51 0.148 0.509
6 0.424 0.506 0.423 0.507 0.421 0.507 0.418 0.509 0.418 0.511 0.417 0.512 0.417 0.513 0.418 0.514 0.418 0.516 0.421 0.518 0.423 0.518 0.424 0.519 0.426 0.519 0.427 0.518 0.429 0.518 0.432 0.516 0.432 0.514 0.433 0.513 0.433 0.512 0.432 0.511 0.432 0.509 0.429 0.507 0.427 0.507 0.426 0.506
6 0.349 0.505 0.348 0.506 0.347 0.506 0.343 0.509 0.343 0.51 0.342 0.511 0.342 0.516 0.343 0.516 0.343 0.517 0.347 0.52 0.348 0.52 0.349 0.521 0.355 0.521 0.357 0.52 0.358 0.52 0.361 0.517 0.361 0.516 0.362 0.516 0.362 0.511 0.361 0.51 0.361 0.509 0.358 0.507 0.357 0.507 0.355 0.505
6 0.448 0.501 0.447 0.502 0.445 0.502 0.442 0.504 0.442 0.505 0.441 0.506 0.441 0.508 0.442 0.509 0.442 0.51 0.445 0.512 0.447 0.512 0.448 0.513 0.45 0.513 0.451 0.512 0.453 0.512 0.456 0.51 0.456 0.509 0.457 0.508 0.457 0.506 0.456 0.505 0.456 0.504 0.453 0.502 0.451 0.502 0.45 0.501
6 0.288 0.498 0.286 0.498 0.284 0.498 0.283 0.499 0.282 0.499 0.279 0.502 0.279 0.502 0.278 0.503 0.278 0.504 0.277 0.505 0.277 0.509 0.278 0.51 0.278 0.511 0.279 0.512 0.279 0.512 0.282 0.515 0.283 0.515 0.284 0.516 0.286 0.516 0.288 0.516 0.294 0.516 0.295 0.516 0.296 0.516 0.297 0.515 0.299 0.515 0.302 0.512 0.302 0.512 0.303 0.511 0.303 0.51 0.304 0.509 0.304 0.505 0.303 0.504 0.303 0.503 0.302 0.502 0.302 0.502 0.299 0.499 0.297 0.499 0.296 0.498 0.295 0.498 0.294 0.498
6 0.523 0.497 0.522 0.498 0.52 0.498 0.516 0.501 0.514 0.499 0.511 0.499 0.51 0.498 0.508 0.498 0.507 0.499 0.505 0.499 0.502 0.502 0.502 0.503 0.501 0.504 0.501 0.505 0.502 0.506 0.502 0.508 0.505 0.51 0.507 0.51 0.508 0.511 0.51 0.511 0.511 0.51 0.514 0.51 0.518 0.507 0.52 0.509 0.522 0.509 0.523 0.509 0.525 0.509 0.526 0.509 0.528 0.509 0.531 0.506 0.531 0.505 0.532 0.504 0.532 0.502 0.531 0.502 0.531 0.5 0.528 0.498 0.526 0.498 0.525 0.497
6 0.183 0.484 0.182 0.485 0.18 0.485 0.179 0.486 0.178 0.486 0.175 0.488 0.175 0.489 0.174 0.49 0.174 0.491 0.173 0.491 0.173 0.496 0.174 0.497 0.174 0.498 0.175 0.498 0.175 0.499 0.178 0.502 0.179 0.502 0.18 0.502 0.182 0.502 0.183 0.503 0.19 0.503 0.191 0.502 0.192 0.502 0.193 0.502 0.195 0.502 0.198 0.499 0.198 0.498 0.199 0.498 0.199 0.497 0.2 0.496 0.2 0.491 0.199 0.491 0.199 0.49 0.198 0.489 0.198 0.488 0.195 0.486 0.193 0.486 0.192 0.485 0.191 0.485 0.19 0.484
6 0.524 0.48 0.523 0.481 0.521 0.481 0.518 0.484 0.518 0.485 0.517 0.486 0.517 0.488 0.518 0.488 0.518 0.49 0.521 0.492 0.523 0.492 0.524 0.493 0.526 0.493 0.527 0.492 0.529 0.492 0.532 0.49 0.532 0.488 0.533 0.488 0.533 0.486 0.532 0.485 0.532 0.484 0.529 0.481 0.527 0.481 0.526 0.48
6 0.679 0.472 0.678 0.473 0.677 0.473 0.673 0.476 0.673 0.477 0.672 0.477 0.672 0.482 0.673 0.483 0.672 0.484 0.668 0.484 0.667 0.484 0.666 0.484 0.661 0.488 0.661 0.488 0.66 0.489 0.66 0.494 0.661 0.495 0.661 0.495 0.666 0.498 0.667 0.498 0.668 0.499 0.674 0.499 0.676 0.498 0.677 0.498 0.68 0.495 0.68 0.495 0.681 0.494 0.681 0.489 0.68 0.488 0.681 0.488 0.685 0.488 0.688 0.486 0.689 0.486 0.692 0.484 0.692 0.483 0.693 0.482 0.693 0.477 0.692 0.477 0.692 0.476 0.689 0.473 0.688 0.473 0.685 0.472
6 0.644 0.467 0.643 0.468 0.641 0.468 0.638 0.47 0.638 0.472 0.636 0.473 0.636 0.474 0.638 0.475 0.638 0.477 0.641 0.479 0.643 0.479 0.644 0.48 0.646 0.48 0.647 0.479 0.649 0.479 0.652 0.477 0.652 0.475 0.653 0.474 0.653 0.473 0.652 0.472 0.652 0.47 0.649 0.468 0.647 0.468 0.646 0.467
6 0.399 0.465 0.398 0.466 0.397 0.466 0.393 0.469 0.393 0.47 0.392 0.47 0.392 0.475 0.393 0.476 0.393 0.477 0.397 0.48 0.398 0.48 0.399 0.48 0.405 0.48 0.407 0.479 0.408 0.479 0.411 0.477 0.411 0.476 0.412 0.475 0.412 0.47 0.411 0.47 0.411 0.469 0.408 0.466 0.407 0.466 0.405 0.465
6 0.703 0.462 0.702 0.462 0.701 0.462 0.697 0.466 0.697 0.466 0.696 0.467 0.696 0.472 0.697 0.473 0.697 0.473 0.701 0.477 0.702 0.477 0.703 0.477 0.709 0.477 0.711 0.476 0.712 0.476 0.716 0.473 0.716 0.473 0.717 0.472 0.717 0.467 0.716 0.466 0.716 0.466 0.712 0.463 0.711 0.463 0.709 0.462
6 0.751 0.459 0.75 0.459 0.748 0.459 0.747 0.46 0.746 0.46 0.743 0.462 0.743 0.463 0.742 0.464 0.742 0.465 0.741 0.466 0.741 0.47 0.742 0.471 0.742 0.472 0.743 0.473 0.743 0.473 0.746 0.476 0.747 0.476 0.748 0.477 0.75 0.477 0.751 0.477 0.757 0.477 0.758 0.477 0.759 0.477 0.76 0.476 0.762 0.476 0.766 0.473 0.766 0.473 0.767 0.472 0.767 0.471 0.768 0.47 0.768 0.466 0.767 0.465 0.767 0.464 0.766 0.463 0.766 0.462 0.762 0.46 0.76 0.46 0.759 0.459 0.758 0.459 0.757 0.459
6 0.258 0.455 0.257 0.456 0.255 0.456 0.254 0.457 0.253 0.457 0.25 0.459 0.25 0.46 0.249 0.461 0.249 0.462 0.248 0.462 0.248 0.467 0.249 0.468 0.249 0.469 0.248 0.47 0.247 0.47 0.246 0.469 0.24 0.469 0.239 0.47 0.236 0.47 0.235 0.47 0.234 0.47 0.231 0.473 0.231 0.473 0.23 0.474 0.23 0.475 0.229 0.476 0.229 0.48 0.228 0.48 0.227 0.48 0.221 0.48 0.22 0.48 0.218 0.48 0.217 0.481 0.216 0.481 0.212 0.484 0.212 0.484 0.211 0.485 0.211 0.486 0.21 0.487 0.21 0.491 0.211 0.492 0.211 0.493 0.212 0.494 0.212 0.495 0.216 0.497 0.217 0.497 0.218 0.498 0.22 0.498 0.222 0.499 0.222 0.503 0.223 0.504 0.223 0.505 0.224 0.505 0.224 0.506 0.227 0.509 0.228 0.509 0.229 0.509 0.231 0.509 0.232 0.51 0.239 0.51 0.24 0.509 0.241 0.509 0.242 0.509 0.244 0.509 0.247 0.506 0.247 0.505 0.248 0.505 0.248 0.504 0.249 0.503 0.249 0.498 0.248 0.498 0.248 0.497 0.247 0.496 0.247 0.495 0.244 0.493 0.242 0.493 0.241 0.492 0.24 0.492 0.238 0.491 0.238 0.488 0.239 0.487 0.24 0.488 0.246 0.488 0.247 0.487 0.248 0.487 0.249 0.486 0.251 0.486 0.254 0.484 0.254 0.483 0.255 0.482 0.255 0.481 0.256 0.48 0.256 0.476 0.255 0.475 0.255 0.474 0.256 0.473 0.257 0.473 0.258 0.474 0.265 0.474 0.266 0.473 0.267 0.473 0.268 0.473 0.27 0.473 0.273 0.47 0.273 0.47 0.274 0.469 0.274 0.468 0.275 0.467 0.275 0.462 0.274 0.462 0.274 0.461 0.273 0.46 0.273 0.459 0.27 0.457 0.268 0.457 0.267 0.456 0.266 0.456 0.265 0.455
6 0.782 0.455 0.781 0.455 0.779 0.455 0.778 0.456 0.777 0.456 0.774 0.459 0.774 0.459 0.773 0.46 0.773 0.461 0.772 0.462 0.772 0.466 0.773 0.467 0.773 0.468 0.774 0.469 0.774 0.47 0.777 0.472 0.778 0.472 0.779 0.473 0.781 0.473 0.782 0.473 0.789 0.473 0.79 0.473 0.791 0.473 0.792 0.472 0.794 0.472 0.797 0.47 0.797 0.469 0.798 0.468 0.798 0.467 0.799 0.466 0.799 0.462 0.798 0.461 0.798 0.46 0.797 0.459 0.797 0.459 0.794 0.456 0.792 0.456 0.791 0.455 0.79 0.455 0.789 0.455
6 0.147 0.447 0.146 0.448 0.144 0.448 0.143 0.448 0.142 0.448 0.139 0.451 0.139 0.452 0.138 0.452 0.138 0.453 0.136 0.454 0.136 0.459 0.138 0.459 0.138 0.46 0.139 0.461 0.139 0.462 0.142 0.464 0.143 0.464 0.144 0.465 0.146 0.465 0.147 0.466 0.153 0.466 0.154 0.465 0.155 0.465 0.156 0.464 0.158 0.464 0.161 0.462 0.161 0.461 0.162 0.46 0.162 0.459 0.164 0.459 0.164 0.454 0.162 0.453 0.162 0.452 0.161 0.452 0.161 0.451 0.158 0.448 0.156 0.448 0.155 0.448 0.154 0.448 0.153 0.447
6 0.184 0.438 0.183 0.438 0.181 0.438 0.18 0.439 0.179 0.439 0.176 0.441 0.176 0.442 0.175 0.443 0.175 0.444 0.174 0.445 0.174 0.449 0.175 0.45 0.175 0.451 0.176 0.452 0.176 0.452 0.179 0.455 0.18 0.455 0.181 0.455 0.183 0.455 0.184 0.456 0.191 0.456 0.192 0.455 0.193 0.455 0.194 0.455 0.196 0.455 0.199 0.452 0.199 0.452 0.2 0.451 0.2 0.45 0.201 0.449 0.201 0.445 0.2 0.444 0.2 0.443 0.199 0.442 0.199 0.441 0.196 0.439 0.194 0.439 0.193 0.438 0.192 0.438 0.191 0.438
6 0.714 0.437 0.712 0.438 0.71 0.438 0.709 0.438 0.708 0.438 0.705 0.441 0.705 0.441 0.704 0.442 0.704 0.443 0.703 0.444 0.703 0.448 0.704 0.449 0.704 0.45 0.705 0.451 0.705 0.452 0.708 0.454 0.709 0.454 0.71 0.455 0.712 0.455 0.714 0.455 0.72 0.455 0.721 0.455 0.722 0.455 0.723 0.454 0.725 0.454 0.728 0.452 0.728 0.451 0.729 0.45 0.729 0.449 0.73 0.448 0.73 0.444 0.729 0.443 0.729 0.442 0.728 0.441 0.728 0.441 0.725 0.438 0.723 0.438 0.722 0.438 0.721 0.438 0.72 0.437
6 0.768 0.434 0.767 0.435 0.765 0.435 0.764 0.436 0.762 0.436 0.759 0.438 0.759 0.439 0.758 0.44 0.758 0.441 0.757 0.441 0.757 0.446 0.758 0.447 0.758 0.448 0.759 0.448 0.759 0.449 0.762 0.452 0.764 0.452 0.765 0.452 0.767 0.452 0.768 0.453 0.774 0.453 0.775 0.452 0.776 0.452 0.777 0.452 0.779 0.452 0.782 0.449 0.782 0.448 0.783 0.448 0.783 0.447 0.784 0.446 0.784 0.441 0.783 0.441 0.783 0.44 0.782 0.439 0.782 0.438 0.779 0.436 0.777 0.436 0.776 0.435 0.775 0.435 0.774 0.434
6 0.477 0.43 0.476 0.431 0.475 0.431 0.471 0.434 0.471 0.435 0.47 0.436 0.47 0.441 0.471 0.441 0.471 0.442 0.475 0.445 0.476 0.445 0.477 0.446 0.483 0.446 0.485 0.445 0.486 0.445 0.49 0.442 0.49 0.441 0.491 0.441 0.491 0.436 0.49 0.435 0.49 0.434 0.486 0.432 0.485 0.432 0.483 0.43
6 0.373 0.428 0.372 0.429 0.371 0.429 0.367 0.432 0.367 0.433 0.366 0.434 0.366 0.438 0.367 0.439 0.365 0.441 0.364 0.441 0.359 0.444 0.359 0.445 0.358 0.445 0.358 0.45 0.359 0.451 0.359 0.452 0.364 0.455 0.365 0.455 0.366 0.455 0.372 0.455 0.374 0.454 0.375 0.454 0.378 0.452 0.379 0.452 0.379 0.453 0.38 0.454 0.38 0.455 0.384 0.458 0.385 0.458 0.386 0.459 0.393 0.459 0.395 0.457 0.396 0.457 0.399 0.455 0.399 0.454 0.4 0.453 0.4 0.448 0.399 0.448 0.399 0.447 0.396 0.445 0.395 0.445 0.393 0.443 0.386 0.443 0.385 0.444 0.384 0.444 0.38 0.447 0.379 0.446 0.379 0.445 0.378 0.445 0.381 0.442 0.382 0.442 0.385 0.44 0.385 0.439 0.386 0.438 0.386 0.434 0.385 0.433 0.385 0.432 0.382 0.43 0.381 0.43 0.379 0.428
6 0.299 0.428 0.298 0.429 0.297 0.429 0.293 0.432 0.293 0.433 0.292 0.434 0.292 0.438 0.293 0.439 0.293 0.44 0.297 0.443 0.298 0.443 0.299 0.444 0.305 0.444 0.307 0.442 0.308 0.442 0.311 0.44 0.311 0.439 0.312 0.438 0.312 0.434 0.311 0.433 0.311 0.432 0.308 0.43 0.307 0.43 0.305 0.428
6 0.262 0.418 0.261 0.419 0.259 0.419 0.258 0.42 0.257 0.42 0.254 0.422 0.254 0.423 0.253 0.423 0.253 0.424 0.252 0.425 0.252 0.43 0.253 0.43 0.253 0.431 0.254 0.432 0.254 0.433 0.257 0.435 0.258 0.435 0.259 0.436 0.261 0.436 0.262 0.437 0.269 0.437 0.27 0.436 0.271 0.436 0.272 0.435 0.274 0.435 0.277 0.433 0.277 0.432 0.278 0.431 0.278 0.43 0.279 0.43 0.279 0.425 0.278 0.424 0.278 0.423 0.277 0.423 0.277 0.422 0.274 0.42 0.272 0.42 0.271 0.419 0.27 0.419 0.269 0.418
6 0.22 0.414 0.219 0.415 0.217 0.415 0.216 0.416 0.215 0.416 0.211 0.418 0.211 0.419 0.21 0.42 0.21 0.42 0.209 0.421 0.209 0.426 0.21 0.427 0.21 0.427 0.211 0.428 0.209 0.43 0.209 0.43 0.208 0.431 0.208 0.432 0.207 0.433 0.207 0.438 0.208 0.438 0.208 0.439 0.209 0.44 0.209 0.441 0.212 0.443 0.214 0.443 0.215 0.444 0.217 0.444 0.218 0.445 0.224 0.445 0.225 0.444 0.226 0.444 0.227 0.443 0.229 0.443 0.232 0.441 0.232 0.44 0.233 0.439 0.233 0.438 0.234 0.438 0.234 0.433 0.233 0.432 0.233 0.431 0.232 0.43 0.234 0.429 0.234 0.428 0.235 0.427 0.235 0.427 0.236 0.426 0.236 0.421 0.235 0.42 0.235 0.42 0.234 0.419 0.234 0.418 0.231 0.416 0.229 0.416 0.228 0.415 0.227 0.415 0.226 0.414
6 0.653 0.412 0.652 0.412 0.65 0.412 0.649 0.413 0.648 0.413 0.645 0.416 0.645 0.416 0.644 0.417 0.644 0.418 0.643 0.419 0.643 0.423 0.644 0.424 0.644 0.425 0.645 0.426 0.645 0.427 0.648 0.429 0.649 0.429 0.65 0.43 0.652 0.43 0.653 0.43 0.659 0.43 0.66 0.43 0.661 0.43 0.662 0.429 0.665 0.429 0.668 0.427 0.668 0.426 0.669 0.425 0.669 0.424 0.67 0.423 0.67 0.419 0.669 0.418 0.669 0.417 0.668 0.416 0.668 0.416 0.665 0.413 0.662 0.413 0.661 0.412 0.66 0.412 0.659 0.412
6 0.575 0.406 0.574 0.407 0.572 0.407 0.571 0.408 0.57 0.408 0.567 0.41 0.567 0.411 0.566 0.412 0.566 0.412 0.565 0.413 0.565 0.418 0.566 0.419 0.566 0.42 0.567 0.42 0.567 0.421 0.57 0.423 0.571 0.423 0.572 0.424 0.574 0.424 0.575 0.425 0.581 0.425 0.582 0.424 0.583 0.424 0.584 0.423 0.586 0.423 0.59 0.421 0.59 0.42 0.591 0.42 0.591 0.419 0.592 0.418 0.592 0.413 0.591 0.412 0.591 0.412 0.59 0.411 0.59 0.41 0.586 0.408 0.584 0.408 0.583 0.407 0.582 0.407 0.581 0.406
6 0.088 0.402 0.086 0.403 0.084 0.403 0.083 0.404 0.082 0.404 0.079 0.406 0.079 0.407 0.078 0.408 0.078 0.409 0.077 0.409 0.077 0.414 0.078 0.415 0.078 0.416 0.079 0.416 0.079 0.417 0.082 0.42 0.083 0.42 0.084 0.42 0.086 0.42 0.088 0.421 0.085 0.423 0.085 0.423 0.084 0.424 0.084 0.425 0.083 0.426 0.083 0.43 0.084 0.431 0.084 0.432 0.085 0.433 0.085 0.434 0.089 0.436 0.09 0.436 0.091 0.437 0.093 0.437 0.094 0.438 0.1 0.438 0.101 0.437 0.102 0.437 0.103 0.436 0.105 0.436 0.108 0.434 0.11 0.435 0.111 0.435 0.112 0.436 0.115 0.436 0.116 0.437 0.122 0.437 0.123 0.436 0.124 0.436 0.125 0.435 0.127 0.435 0.13 0.433 0.13 0.432 0.131 0.431 0.131 0.43 0.132 0.43 0.132 0.425 0.131 0.424 0.131 0.423 0.13 0.423 0.13 0.422 0.127 0.42 0.127 0.419 0.128 0.418 0.128 0.413 0.127 0.412 0.127 0.412 0.126 0.411 0.126 0.41 0.123 0.408 0.121 0.408 0.12 0.407 0.119 0.407 0.118 0.406 0.111 0.406 0.11 0.407 0.108 0.407 0.107 0.408 0.106 0.408 0.104 0.409 0.103 0.409 0.103 0.408 0.102 0.407 0.102 0.406 0.099 0.404 0.097 0.404 0.096 0.403 0.095 0.403 0.094 0.402
6 0.18 0.4 0.179 0.401 0.177 0.401 0.176 0.402 0.175 0.402 0.172 0.404 0.172 0.405 0.171 0.405 0.171 0.406 0.17 0.407 0.17 0.412 0.171 0.412 0.171 0.413 0.172 0.414 0.172 0.415 0.175 0.417 0.176 0.417 0.177 0.418 0.179 0.418 0.18 0.419 0.186 0.419 0.188 0.418 0.189 0.418 0.19 0.417 0.192 0.417 0.195 0.415 0.195 0.414 0.196 0.413 0.196 0.412 0.197 0.412 0.197 0.407 0.196 0.406 0.196 0.405 0.195 0.405 0.195 0.404 0.192 0.402 0.19 0.402 0.189 0.401 0.188 0.401 0.186 0.4
6 0.334 0.398 0.333 0.399 0.332 0.399 0.328 0.402 0.328 0.403 0.327 0.404 0.327 0.406 0.326 0.407 0.322 0.407 0.321 0.408 0.32 0.408 0.316 0.411 0.316 0.412 0.315 0.412 0.315 0.417 0.316 0.418 0.316 0.419 0.32 0.422 0.321 0.422 0.322 0.423 0.328 0.423 0.329 0.422 0.33 0.422 0.331 0.423 0.331 0.423 0.335 0.427 0.336 0.427 0.339 0.428 0.339 0.43 0.34 0.431 0.34 0.432 0.344 0.435 0.345 0.435 0.346 0.436 0.352 0.436 0.354 0.434 0.355 0.434 0.358 0.432 0.358 0.431 0.359 0.43 0.359 0.426 0.358 0.425 0.358 0.424 0.355 0.422 0.354 0.422 0.351 0.42 0.351 0.417 0.35 0.416 0.35 0.416 0.347 0.413 0.346 0.413 0.345 0.412 0.345 0.412 0.347 0.41 0.347 0.409 0.348 0.409 0.348 0.404 0.347 0.403 0.347 0.402 0.344 0.4 0.343 0.4 0.341 0.398
6 0.53 0.391 0.529 0.392 0.527 0.392 0.526 0.393 0.525 0.393 0.522 0.395 0.522 0.396 0.521 0.397 0.521 0.398 0.52 0.398 0.52 0.403 0.521 0.404 0.521 0.405 0.522 0.405 0.522 0.406 0.525 0.409 0.526 0.409 0.527 0.409 0.529 0.409 0.53 0.41 0.536 0.41 0.538 0.409 0.539 0.409 0.54 0.409 0.542 0.409 0.545 0.406 0.545 0.405 0.546 0.405 0.546 0.404 0.547 0.403 0.547 0.398 0.546 0.398 0.546 0.397 0.545 0.396 0.545 0.395 0.542 0.393 0.54 0.393 0.539 0.392 0.538 0.392 0.536 0.391
6 0.662 0.388 0.661 0.389 0.659 0.389 0.658 0.39 0.657 0.39 0.654 0.392 0.654 0.393 0.653 0.394 0.653 0.395 0.652 0.395 0.652 0.4 0.653 0.401 0.653 0.402 0.654 0.402 0.654 0.403 0.657 0.405 0.658 0.405 0.659 0.406 0.661 0.406 0.662 0.407 0.669 0.407 0.67 0.406 0.671 0.406 0.672 0.405 0.674 0.405 0.677 0.403 0.677 0.402 0.678 0.402 0.678 0.401 0.679 0.4 0.679 0.395 0.678 0.395 0.678 0.394 0.677 0.393 0.677 0.392 0.674 0.39 0.672 0.39 0.671 0.389 0.67 0.389 0.669 0.388
6 0.551 0.371 0.55 0.372 0.548 0.372 0.547 0.373 0.546 0.373 0.543 0.375 0.543 0.376 0.542 0.377 0.542 0.377 0.541 0.378 0.541 0.383 0.542 0.384 0.542 0.384 0.543 0.385 0.543 0.386 0.546 0.388 0.547 0.388 0.548 0.389 0.55 0.389 0.551 0.39 0.557 0.39 0.558 0.389 0.559 0.389 0.56 0.388 0.562 0.388 0.566 0.386 0.566 0.385 0.567 0.384 0.567 0.384 0.568 0.383 0.568 0.378 0.567 0.377 0.567 0.377 0.566 0.376 0.566 0.375 0.562 0.373 0.56 0.373 0.559 0.372 0.558 0.372 0.557 0.371
6 0.52 0.329 0.519 0.33 0.517 0.33 0.516 0.33 0.515 0.33 0.511 0.333 0.511 0.334 0.51 0.334 0.51 0.335 0.509 0.336 0.509 0.341 0.51 0.341 0.51 0.342 0.511 0.343 0.511 0.344 0.515 0.346 0.516 0.346 0.517 0.347 0.519 0.347 0.52 0.348 0.526 0.348 0.527 0.347 0.528 0.347 0.529 0.346 0.531 0.346 0.534 0.344 0.534 0.343 0.535 0.342 0.535 0.341 0.536 0.341 0.536 0.336 0.535 0.335 0.535 0.334 0.534 0.334 0.534 0.333 0.531 0.33 0.529 0.33 0.528 0.33 0.527 0.33 0.526 0.329
