7 0.239 0.67 0.238 0.67 0.234 0.67 0.233 0.671 0.232 0.671 0.231 0.672 0.23 0.672 0.227 0.674 0.226 0.674 0.226 0.675 0.223 0.677 0.223 0.678 0.222 0.679 0.222 0.68 0.221 0.68 0.221 0.683 0.22 0.684 0.22 0.69 0.221 0.691 0.221 0.693 0.223 0.695 0.223 0.696 0.226 0.698 0.226 0.699 0.227 0.699 0.23 0.702 0.231 0.702 0.232 0.702 0.233 0.702 0.234 0.703 0.238 0.703 0.239 0.704 0.247 0.704 0.248 0.703 0.251 0.703 0.253 0.702 0.254 0.702 0.255 0.701 0.256 0.701 0.258 0.699 0.259 0.699 0.259 0.698 0.262 0.696 0.262 0.695 0.265 0.693 0.265 0.691 0.266 0.69 0.266 0.684 0.265 0.683 0.265 0.68 0.264 0.68 0.264 0.679 0.262 0.678 0.262 0.677 0.259 0.675 0.259 0.674 0.258 0.674 0.256 0.673 0.255 0.673 0.254 0.672 0.253 0.672 0.251 0.67 0.248 0.67 0.247 0.67
7 0.451 0.663 0.45 0.664 0.448 0.664 0.447 0.665 0.446 0.665 0.445 0.666 0.444 0.666 0.44 0.669 0.44 0.67 0.439 0.67 0.439 0.671 0.438 0.672 0.438 0.673 0.436 0.674 0.436 0.68 0.438 0.681 0.438 0.683 0.439 0.684 0.439 0.684 0.441 0.686 0.441 0.687 0.444 0.689 0.445 0.689 0.446 0.69 0.447 0.69 0.448 0.691 0.45 0.691 0.451 0.691 0.457 0.691 0.458 0.691 0.459 0.691 0.459 0.694 0.458 0.695 0.458 0.701 0.459 0.702 0.459 0.704 0.461 0.705 0.461 0.707 0.465 0.709 0.465 0.71 0.466 0.71 0.469 0.712 0.47 0.712 0.471 0.713 0.472 0.713 0.473 0.714 0.476 0.714 0.477 0.715 0.485 0.715 0.486 0.714 0.49 0.714 0.492 0.712 0.493 0.712 0.494 0.712 0.495 0.712 0.497 0.71 0.498 0.71 0.498 0.709 0.501 0.707 0.501 0.705 0.503 0.704 0.503 0.702 0.504 0.701 0.504 0.695 0.503 0.694 0.503 0.691 0.502 0.691 0.502 0.69 0.501 0.689 0.501 0.688 0.498 0.686 0.498 0.685 0.497 0.685 0.495 0.684 0.494 0.684 0.493 0.683 0.492 0.683 0.49 0.681 0.486 0.681 0.485 0.68 0.477 0.68 0.476 0.681 0.473 0.681 0.472 0.68 0.472 0.674 0.471 0.673 0.471 0.672 0.47 0.671 0.47 0.67 0.469 0.67 0.469 0.669 0.464 0.665 0.461 0.665 0.46 0.664 0.458 0.664 0.457 0.663
7 0.366 0.645 0.365 0.645 0.362 0.645 0.361 0.646 0.36 0.646 0.359 0.647 0.358 0.647 0.354 0.65 0.354 0.651 0.353 0.652 0.353 0.652 0.352 0.653 0.352 0.655 0.351 0.655 0.351 0.662 0.352 0.662 0.352 0.664 0.353 0.665 0.353 0.666 0.355 0.667 0.355 0.668 0.358 0.67 0.359 0.67 0.36 0.671 0.361 0.671 0.362 0.672 0.365 0.672 0.366 0.673 0.372 0.673 0.373 0.672 0.375 0.672 0.376 0.671 0.378 0.671 0.382 0.668 0.382 0.667 0.384 0.666 0.384 0.665 0.385 0.664 0.385 0.662 0.386 0.662 0.386 0.655 0.385 0.655 0.385 0.653 0.384 0.652 0.384 0.652 0.383 0.651 0.383 0.65 0.378 0.646 0.376 0.646 0.375 0.645 0.373 0.645 0.372 0.645
7 0.761 0.638 0.76 0.639 0.757 0.639 0.756 0.64 0.755 0.64 0.754 0.641 0.753 0.641 0.75 0.643 0.749 0.643 0.749 0.644 0.746 0.646 0.746 0.647 0.745 0.648 0.745 0.648 0.744 0.649 0.744 0.652 0.743 0.652 0.743 0.659 0.744 0.659 0.744 0.662 0.746 0.663 0.746 0.665 0.749 0.667 0.749 0.668 0.75 0.668 0.753 0.67 0.754 0.67 0.755 0.671 0.756 0.671 0.757 0.672 0.76 0.672 0.761 0.673 0.77 0.673 0.771 0.672 0.774 0.672 0.776 0.67 0.777 0.67 0.778 0.67 0.779 0.67 0.781 0.668 0.782 0.668 0.782 0.667 0.785 0.665 0.785 0.663 0.788 0.662 0.788 0.659 0.789 0.659 0.789 0.652 0.788 0.652 0.788 0.649 0.786 0.648 0.786 0.648 0.785 0.647 0.785 0.646 0.782 0.644 0.782 0.643 0.781 0.643 0.779 0.641 0.778 0.641 0.777 0.641 0.776 0.641 0.774 0.639 0.771 0.639 0.77 0.638
7 0.438 0.638 0.436 0.639 0.435 0.639 0.434 0.64 0.433 0.64 0.43 0.642 0.43 0.643 0.429 0.644 0.429 0.645 0.428 0.645 0.428 0.649 0.43 0.651 0.43 0.652 0.433 0.654 0.434 0.654 0.435 0.655 0.436 0.655 0.438 0.655 0.443 0.655 0.445 0.654 0.446 0.654 0.449 0.652 0.449 0.651 0.451 0.649 0.451 0.645 0.45 0.645 0.45 0.644 0.449 0.643 0.449 0.642 0.446 0.64 0.445 0.64 0.443 0.638
7 0.455 0.634 0.454 0.635 0.453 0.635 0.451 0.637 0.451 0.638 0.45 0.638 0.45 0.64 0.451 0.641 0.451 0.641 0.453 0.643 0.454 0.643 0.455 0.644 0.457 0.644 0.458 0.643 0.459 0.643 0.461 0.641 0.461 0.641 0.462 0.64 0.462 0.638 0.461 0.638 0.461 0.637 0.459 0.635 0.458 0.635 0.457 0.634
7 0.484 0.631 0.483 0.632 0.482 0.632 0.481 0.633 0.48 0.633 0.477 0.635 0.477 0.636 0.476 0.637 0.476 0.638 0.475 0.638 0.475 0.642 0.477 0.644 0.477 0.645 0.48 0.647 0.481 0.647 0.482 0.648 0.483 0.648 0.484 0.648 0.49 0.648 0.492 0.647 0.493 0.647 0.496 0.645 0.496 0.644 0.498 0.642 0.498 0.638 0.497 0.638 0.497 0.637 0.496 0.636 0.496 0.635 0.493 0.633 0.492 0.633 0.49 0.631
7 0.421 0.624 0.42 0.625 0.419 0.625 0.418 0.626 0.417 0.626 0.414 0.628 0.414 0.629 0.412 0.63 0.412 0.63 0.411 0.631 0.411 0.635 0.414 0.637 0.414 0.638 0.417 0.64 0.418 0.64 0.419 0.641 0.42 0.641 0.421 0.641 0.426 0.641 0.428 0.64 0.429 0.64 0.432 0.638 0.432 0.637 0.434 0.635 0.434 0.631 0.433 0.63 0.433 0.63 0.432 0.629 0.432 0.628 0.429 0.626 0.428 0.626 0.426 0.624
7 0.388 0.621 0.386 0.622 0.385 0.622 0.384 0.623 0.383 0.623 0.38 0.625 0.38 0.626 0.379 0.627 0.379 0.627 0.378 0.628 0.378 0.632 0.38 0.634 0.38 0.634 0.383 0.637 0.384 0.637 0.385 0.638 0.386 0.638 0.388 0.638 0.393 0.638 0.395 0.637 0.396 0.637 0.399 0.634 0.399 0.634 0.401 0.632 0.401 0.628 0.4 0.627 0.4 0.627 0.399 0.626 0.399 0.625 0.396 0.623 0.395 0.623 0.393 0.621
7 0.549 0.612 0.548 0.613 0.547 0.613 0.546 0.614 0.545 0.614 0.542 0.616 0.542 0.617 0.541 0.618 0.541 0.619 0.54 0.62 0.54 0.623 0.542 0.625 0.542 0.626 0.545 0.628 0.546 0.628 0.547 0.629 0.548 0.629 0.549 0.63 0.554 0.63 0.556 0.628 0.557 0.628 0.56 0.626 0.56 0.625 0.562 0.623 0.562 0.62 0.561 0.619 0.561 0.618 0.56 0.617 0.56 0.616 0.557 0.614 0.556 0.614 0.554 0.612
7 0.328 0.611 0.327 0.612 0.325 0.612 0.324 0.612 0.323 0.612 0.322 0.613 0.321 0.613 0.317 0.616 0.317 0.617 0.316 0.618 0.316 0.619 0.315 0.62 0.315 0.621 0.314 0.622 0.314 0.628 0.315 0.629 0.315 0.63 0.316 0.631 0.316 0.632 0.318 0.634 0.318 0.634 0.321 0.637 0.322 0.637 0.323 0.638 0.324 0.638 0.325 0.638 0.327 0.638 0.328 0.639 0.334 0.639 0.335 0.638 0.338 0.638 0.339 0.638 0.341 0.638 0.345 0.634 0.345 0.634 0.347 0.632 0.347 0.631 0.348 0.63 0.348 0.629 0.349 0.628 0.349 0.622 0.348 0.621 0.348 0.62 0.347 0.619 0.347 0.618 0.346 0.617 0.346 0.616 0.341 0.612 0.339 0.612 0.338 0.612 0.335 0.612 0.334 0.611
7 0.421 0.609 0.42 0.61 0.419 0.61 0.417 0.612 0.417 0.612 0.416 0.613 0.416 0.615 0.417 0.616 0.417 0.616 0.419 0.618 0.42 0.618 0.421 0.619 0.423 0.619 0.424 0.618 0.425 0.618 0.427 0.616 0.427 0.616 0.428 0.615 0.428 0.613 0.427 0.612 0.427 0.612 0.425 0.61 0.424 0.61 0.423 0.609
7 0.5 0.607 0.499 0.608 0.498 0.608 0.497 0.609 0.496 0.609 0.493 0.611 0.493 0.612 0.492 0.612 0.492 0.613 0.491 0.614 0.491 0.618 0.493 0.62 0.493 0.62 0.496 0.623 0.497 0.623 0.498 0.623 0.499 0.623 0.5 0.624 0.505 0.624 0.507 0.623 0.508 0.623 0.511 0.62 0.511 0.62 0.514 0.618 0.514 0.614 0.512 0.613 0.512 0.612 0.511 0.612 0.511 0.611 0.508 0.609 0.507 0.609 0.505 0.607
7 0.446 0.605 0.445 0.605 0.444 0.605 0.442 0.607 0.442 0.608 0.441 0.609 0.441 0.61 0.442 0.611 0.442 0.612 0.444 0.613 0.445 0.613 0.446 0.614 0.448 0.614 0.449 0.613 0.45 0.613 0.452 0.612 0.452 0.611 0.453 0.61 0.453 0.609 0.452 0.608 0.452 0.607 0.45 0.605 0.449 0.605 0.448 0.605
7 0.52 0.599 0.519 0.6 0.518 0.6 0.516 0.602 0.516 0.602 0.515 0.603 0.515 0.605 0.516 0.605 0.516 0.606 0.518 0.608 0.519 0.608 0.52 0.609 0.522 0.609 0.523 0.609 0.522 0.61 0.522 0.612 0.523 0.612 0.523 0.613 0.525 0.615 0.526 0.615 0.527 0.616 0.529 0.616 0.53 0.615 0.531 0.615 0.533 0.613 0.533 0.612 0.534 0.612 0.534 0.61 0.533 0.609 0.533 0.609 0.531 0.607 0.53 0.607 0.529 0.606 0.527 0.606 0.526 0.605 0.527 0.605 0.527 0.603 0.526 0.602 0.526 0.602 0.524 0.6 0.523 0.6 0.522 0.599
7 0.534 0.596 0.533 0.597 0.532 0.597 0.53 0.598 0.53 0.599 0.529 0.6 0.529 0.602 0.53 0.602 0.53 0.603 0.532 0.605 0.533 0.605 0.534 0.605 0.536 0.605 0.538 0.605 0.539 0.605 0.541 0.603 0.541 0.602 0.542 0.602 0.542 0.6 0.541 0.599 0.541 0.598 0.539 0.597 0.538 0.597 0.536 0.596
7 0.426 0.595 0.425 0.596 0.424 0.596 0.422 0.598 0.422 0.598 0.421 0.599 0.421 0.601 0.422 0.602 0.422 0.602 0.424 0.604 0.425 0.604 0.426 0.605 0.428 0.605 0.429 0.604 0.43 0.604 0.432 0.602 0.432 0.602 0.433 0.601 0.433 0.599 0.432 0.598 0.432 0.598 0.43 0.596 0.429 0.596 0.428 0.595
7 0.485 0.595 0.484 0.595 0.483 0.595 0.481 0.597 0.481 0.598 0.48 0.598 0.48 0.6 0.481 0.601 0.481 0.602 0.483 0.603 0.484 0.603 0.485 0.604 0.488 0.604 0.489 0.603 0.49 0.603 0.492 0.602 0.492 0.601 0.493 0.6 0.493 0.598 0.492 0.598 0.492 0.597 0.49 0.595 0.489 0.595 0.488 0.595
7 0.456 0.589 0.455 0.59 0.454 0.59 0.452 0.591 0.452 0.592 0.451 0.593 0.451 0.595 0.452 0.595 0.452 0.596 0.454 0.598 0.455 0.598 0.456 0.598 0.458 0.598 0.459 0.598 0.46 0.598 0.462 0.596 0.462 0.595 0.464 0.595 0.464 0.593 0.462 0.592 0.462 0.591 0.46 0.59 0.459 0.59 0.458 0.589
7 0.503 0.587 0.502 0.588 0.501 0.588 0.499 0.589 0.499 0.59 0.498 0.591 0.498 0.592 0.499 0.593 0.499 0.594 0.501 0.595 0.502 0.595 0.503 0.596 0.505 0.596 0.506 0.595 0.507 0.595 0.509 0.594 0.509 0.593 0.51 0.592 0.51 0.591 0.509 0.59 0.509 0.589 0.507 0.588 0.506 0.588 0.505 0.587
7 0.599 0.584 0.598 0.585 0.597 0.585 0.596 0.586 0.595 0.586 0.592 0.588 0.592 0.589 0.591 0.59 0.59 0.589 0.59 0.588 0.588 0.587 0.586 0.587 0.585 0.586 0.583 0.586 0.582 0.587 0.581 0.587 0.579 0.588 0.579 0.589 0.578 0.59 0.578 0.591 0.579 0.592 0.579 0.593 0.581 0.595 0.582 0.595 0.583 0.595 0.585 0.595 0.586 0.595 0.588 0.595 0.589 0.594 0.59 0.595 0.59 0.595 0.592 0.597 0.592 0.598 0.595 0.6 0.596 0.6 0.597 0.601 0.598 0.601 0.599 0.602 0.604 0.602 0.606 0.6 0.607 0.6 0.61 0.598 0.61 0.597 0.612 0.595 0.612 0.591 0.611 0.591 0.611 0.59 0.61 0.589 0.61 0.588 0.607 0.586 0.606 0.586 0.604 0.584
7 0.411 0.58 0.41 0.58 0.409 0.58 0.407 0.582 0.407 0.583 0.406 0.584 0.406 0.585 0.407 0.586 0.407 0.587 0.409 0.588 0.41 0.588 0.411 0.589 0.414 0.589 0.415 0.588 0.416 0.588 0.418 0.587 0.418 0.586 0.419 0.585 0.419 0.584 0.418 0.583 0.418 0.582 0.416 0.58 0.415 0.58 0.414 0.58
7 0.468 0.573 0.467 0.573 0.466 0.573 0.464 0.575 0.464 0.576 0.462 0.577 0.462 0.578 0.464 0.579 0.464 0.58 0.466 0.581 0.467 0.581 0.468 0.582 0.47 0.582 0.471 0.581 0.472 0.581 0.474 0.58 0.474 0.579 0.475 0.578 0.475 0.577 0.474 0.576 0.474 0.575 0.472 0.573 0.471 0.573 0.47 0.573
7 0.499 0.569 0.498 0.57 0.497 0.57 0.495 0.571 0.495 0.572 0.494 0.573 0.494 0.574 0.495 0.575 0.495 0.576 0.497 0.577 0.498 0.577 0.499 0.578 0.501 0.578 0.502 0.577 0.503 0.577 0.505 0.576 0.505 0.575 0.506 0.574 0.506 0.573 0.505 0.572 0.505 0.571 0.503 0.57 0.502 0.57 0.501 0.569
7 0.418 0.566 0.417 0.566 0.416 0.566 0.414 0.568 0.414 0.569 0.412 0.57 0.412 0.571 0.414 0.572 0.414 0.573 0.416 0.574 0.417 0.574 0.418 0.575 0.42 0.575 0.421 0.574 0.422 0.574 0.424 0.573 0.424 0.572 0.425 0.571 0.425 0.57 0.424 0.569 0.424 0.568 0.422 0.566 0.421 0.566 0.42 0.566
7 0.278 0.562 0.277 0.562 0.275 0.562 0.274 0.563 0.273 0.563 0.272 0.564 0.271 0.564 0.267 0.567 0.267 0.568 0.266 0.569 0.266 0.57 0.265 0.57 0.265 0.572 0.264 0.573 0.264 0.579 0.265 0.58 0.265 0.581 0.266 0.582 0.266 0.583 0.268 0.584 0.268 0.585 0.271 0.588 0.272 0.588 0.273 0.588 0.274 0.588 0.275 0.589 0.277 0.589 0.278 0.59 0.284 0.59 0.285 0.589 0.288 0.589 0.289 0.588 0.291 0.588 0.295 0.585 0.295 0.584 0.297 0.583 0.297 0.582 0.298 0.581 0.298 0.58 0.299 0.579 0.299 0.573 0.298 0.572 0.298 0.57 0.297 0.57 0.297 0.569 0.296 0.568 0.296 0.567 0.291 0.563 0.289 0.563 0.288 0.562 0.285 0.562 0.284 0.562
7 0.58 0.56 0.579 0.561 0.578 0.561 0.577 0.562 0.576 0.562 0.573 0.564 0.573 0.565 0.572 0.566 0.572 0.566 0.571 0.567 0.571 0.571 0.573 0.573 0.573 0.573 0.576 0.576 0.575 0.577 0.573 0.577 0.572 0.577 0.571 0.577 0.569 0.579 0.569 0.58 0.568 0.581 0.568 0.584 0.569 0.584 0.568 0.585 0.567 0.585 0.566 0.586 0.565 0.586 0.562 0.588 0.562 0.589 0.561 0.59 0.561 0.592 0.562 0.593 0.562 0.594 0.565 0.595 0.566 0.595 0.567 0.596 0.569 0.596 0.57 0.595 0.571 0.595 0.573 0.594 0.573 0.593 0.574 0.592 0.574 0.59 0.573 0.589 0.573 0.588 0.574 0.588 0.575 0.588 0.576 0.587 0.577 0.587 0.579 0.585 0.579 0.584 0.58 0.584 0.58 0.581 0.579 0.58 0.579 0.579 0.577 0.577 0.578 0.577 0.579 0.577 0.58 0.577 0.585 0.577 0.588 0.576 0.589 0.576 0.592 0.573 0.592 0.573 0.594 0.571 0.594 0.567 0.593 0.566 0.593 0.566 0.592 0.565 0.592 0.564 0.589 0.562 0.588 0.562 0.585 0.56
7 0.377 0.558 0.376 0.559 0.375 0.559 0.373 0.56 0.373 0.562 0.372 0.562 0.372 0.565 0.373 0.566 0.373 0.566 0.375 0.568 0.376 0.568 0.377 0.569 0.379 0.569 0.38 0.568 0.381 0.568 0.382 0.569 0.382 0.57 0.381 0.57 0.381 0.573 0.382 0.573 0.382 0.574 0.384 0.576 0.385 0.576 0.386 0.577 0.389 0.577 0.39 0.576 0.391 0.576 0.393 0.574 0.393 0.573 0.394 0.573 0.394 0.57 0.393 0.57 0.393 0.568 0.391 0.566 0.39 0.566 0.389 0.566 0.386 0.566 0.385 0.566 0.384 0.566 0.383 0.566 0.384 0.565 0.384 0.562 0.383 0.562 0.383 0.56 0.381 0.559 0.38 0.559 0.379 0.558
7 0.535 0.555 0.534 0.556 0.533 0.556 0.531 0.558 0.531 0.559 0.53 0.559 0.53 0.561 0.531 0.562 0.531 0.562 0.533 0.564 0.534 0.564 0.535 0.565 0.538 0.565 0.539 0.564 0.54 0.564 0.542 0.562 0.542 0.562 0.543 0.561 0.543 0.559 0.542 0.559 0.542 0.558 0.54 0.556 0.539 0.556 0.538 0.555
7 0.396 0.551 0.395 0.552 0.394 0.552 0.392 0.553 0.392 0.554 0.391 0.555 0.391 0.556 0.392 0.557 0.392 0.558 0.394 0.559 0.395 0.559 0.396 0.56 0.398 0.56 0.399 0.559 0.4 0.559 0.402 0.558 0.402 0.557 0.403 0.556 0.403 0.555 0.402 0.554 0.402 0.553 0.4 0.552 0.399 0.552 0.398 0.551
7 0.477 0.549 0.476 0.55 0.475 0.55 0.473 0.552 0.473 0.552 0.472 0.553 0.472 0.555 0.47 0.556 0.469 0.556 0.467 0.558 0.467 0.559 0.466 0.559 0.466 0.561 0.467 0.562 0.467 0.562 0.469 0.564 0.47 0.564 0.471 0.565 0.473 0.565 0.474 0.566 0.474 0.566 0.475 0.567 0.475 0.568 0.477 0.57 0.478 0.57 0.479 0.57 0.481 0.57 0.482 0.57 0.483 0.57 0.485 0.568 0.485 0.567 0.486 0.566 0.486 0.565 0.485 0.564 0.485 0.563 0.483 0.562 0.482 0.562 0.481 0.561 0.479 0.561 0.478 0.56 0.478 0.559 0.48 0.558 0.481 0.558 0.483 0.556 0.483 0.555 0.484 0.555 0.484 0.553 0.483 0.552 0.483 0.552 0.481 0.55 0.48 0.55 0.479 0.549
7 0.509 0.546 0.508 0.547 0.507 0.547 0.505 0.548 0.505 0.549 0.504 0.55 0.504 0.552 0.505 0.552 0.505 0.553 0.507 0.555 0.508 0.555 0.509 0.555 0.511 0.555 0.512 0.555 0.515 0.555 0.517 0.556 0.518 0.556 0.519 0.557 0.521 0.557 0.522 0.556 0.523 0.556 0.525 0.555 0.525 0.554 0.526 0.553 0.526 0.552 0.525 0.551 0.525 0.55 0.523 0.548 0.522 0.548 0.521 0.548 0.519 0.548 0.518 0.548 0.516 0.548 0.514 0.547 0.512 0.547 0.511 0.546
7 0.429 0.543 0.428 0.544 0.427 0.544 0.425 0.545 0.425 0.546 0.424 0.547 0.424 0.548 0.425 0.549 0.425 0.55 0.427 0.552 0.428 0.552 0.429 0.552 0.431 0.552 0.432 0.552 0.433 0.552 0.435 0.55 0.436 0.55 0.438 0.551 0.438 0.552 0.44 0.553 0.441 0.553 0.442 0.554 0.444 0.554 0.445 0.553 0.446 0.554 0.446 0.555 0.445 0.555 0.445 0.557 0.446 0.558 0.446 0.559 0.448 0.56 0.449 0.56 0.45 0.561 0.452 0.561 0.453 0.56 0.454 0.56 0.456 0.559 0.456 0.558 0.457 0.557 0.457 0.555 0.456 0.555 0.456 0.554 0.454 0.552 0.453 0.552 0.452 0.552 0.45 0.552 0.449 0.552 0.448 0.552 0.448 0.551 0.449 0.55 0.449 0.548 0.448 0.548 0.448 0.547 0.446 0.545 0.445 0.545 0.444 0.545 0.442 0.545 0.441 0.545 0.44 0.545 0.438 0.547 0.436 0.547 0.435 0.546 0.435 0.545 0.433 0.544 0.432 0.544 0.431 0.543
7 0.358 0.541 0.357 0.541 0.356 0.541 0.354 0.543 0.354 0.545 0.353 0.545 0.353 0.548 0.354 0.548 0.354 0.549 0.356 0.551 0.357 0.551 0.358 0.552 0.36 0.552 0.361 0.551 0.362 0.551 0.365 0.549 0.365 0.548 0.366 0.548 0.366 0.545 0.365 0.545 0.365 0.543 0.362 0.541 0.361 0.541 0.36 0.541
7 0.656 0.539 0.655 0.54 0.653 0.54 0.652 0.541 0.651 0.541 0.65 0.541 0.649 0.541 0.645 0.545 0.645 0.545 0.644 0.546 0.644 0.547 0.643 0.548 0.643 0.549 0.642 0.55 0.642 0.556 0.643 0.557 0.643 0.559 0.644 0.559 0.644 0.56 0.646 0.562 0.646 0.562 0.649 0.565 0.65 0.565 0.651 0.566 0.652 0.566 0.653 0.566 0.655 0.566 0.656 0.567 0.662 0.567 0.664 0.566 0.666 0.566 0.667 0.566 0.669 0.566 0.673 0.562 0.673 0.562 0.675 0.56 0.675 0.559 0.676 0.559 0.676 0.557 0.677 0.556 0.677 0.55 0.676 0.549 0.676 0.548 0.675 0.547 0.675 0.546 0.674 0.545 0.674 0.545 0.669 0.541 0.667 0.541 0.666 0.54 0.664 0.54 0.662 0.539
7 0.606 0.537 0.605 0.538 0.604 0.538 0.603 0.538 0.602 0.538 0.599 0.541 0.599 0.541 0.598 0.542 0.598 0.543 0.597 0.544 0.597 0.548 0.599 0.549 0.599 0.55 0.602 0.552 0.603 0.552 0.604 0.553 0.605 0.553 0.606 0.554 0.611 0.554 0.614 0.552 0.615 0.552 0.618 0.55 0.618 0.549 0.62 0.548 0.62 0.544 0.619 0.543 0.619 0.542 0.618 0.541 0.618 0.541 0.615 0.538 0.614 0.538 0.611 0.537
7 0.383 0.537 0.382 0.538 0.381 0.538 0.379 0.539 0.379 0.54 0.378 0.541 0.378 0.542 0.379 0.543 0.379 0.544 0.381 0.545 0.382 0.545 0.383 0.546 0.385 0.546 0.386 0.545 0.388 0.545 0.39 0.544 0.39 0.543 0.391 0.542 0.391 0.541 0.39 0.54 0.39 0.539 0.388 0.538 0.386 0.538 0.385 0.537
7 0.498 0.534 0.497 0.535 0.496 0.535 0.494 0.537 0.494 0.538 0.493 0.538 0.493 0.54 0.494 0.541 0.494 0.541 0.496 0.543 0.497 0.543 0.498 0.544 0.5 0.544 0.501 0.543 0.502 0.543 0.504 0.541 0.504 0.541 0.505 0.54 0.505 0.538 0.504 0.538 0.504 0.537 0.502 0.535 0.501 0.535 0.5 0.534
7 0.402 0.534 0.401 0.535 0.4 0.535 0.398 0.537 0.398 0.538 0.397 0.538 0.397 0.54 0.398 0.541 0.398 0.541 0.4 0.543 0.401 0.543 0.402 0.544 0.404 0.544 0.405 0.543 0.406 0.543 0.408 0.541 0.408 0.541 0.409 0.54 0.409 0.538 0.408 0.538 0.408 0.537 0.406 0.535 0.405 0.535 0.404 0.534
7 0.467 0.534 0.466 0.534 0.465 0.534 0.462 0.536 0.461 0.535 0.459 0.535 0.458 0.536 0.457 0.536 0.455 0.538 0.455 0.538 0.454 0.539 0.454 0.541 0.455 0.541 0.455 0.542 0.457 0.544 0.458 0.544 0.459 0.545 0.461 0.545 0.462 0.544 0.464 0.544 0.466 0.542 0.467 0.543 0.469 0.543 0.47 0.542 0.471 0.542 0.473 0.541 0.473 0.54 0.474 0.539 0.474 0.538 0.473 0.537 0.473 0.536 0.471 0.534 0.47 0.534 0.469 0.534
7 0.421 0.527 0.42 0.528 0.419 0.528 0.417 0.53 0.417 0.53 0.416 0.531 0.416 0.533 0.417 0.534 0.417 0.534 0.419 0.536 0.42 0.536 0.421 0.537 0.423 0.537 0.424 0.536 0.425 0.536 0.427 0.534 0.427 0.534 0.428 0.533 0.428 0.531 0.427 0.53 0.427 0.53 0.425 0.528 0.424 0.528 0.423 0.527
7 0.361 0.527 0.36 0.528 0.359 0.528 0.357 0.53 0.357 0.531 0.356 0.532 0.356 0.534 0.357 0.535 0.357 0.536 0.359 0.538 0.36 0.538 0.361 0.538 0.364 0.538 0.365 0.538 0.366 0.538 0.368 0.536 0.368 0.535 0.369 0.534 0.369 0.532 0.368 0.531 0.368 0.53 0.366 0.528 0.365 0.528 0.364 0.527
7 0.381 0.526 0.38 0.527 0.379 0.527 0.377 0.528 0.377 0.529 0.376 0.53 0.376 0.531 0.377 0.532 0.377 0.533 0.379 0.534 0.38 0.534 0.381 0.535 0.383 0.535 0.384 0.534 0.385 0.534 0.388 0.533 0.388 0.532 0.389 0.531 0.389 0.53 0.388 0.529 0.388 0.528 0.385 0.527 0.384 0.527 0.383 0.526
7 0.588 0.523 0.586 0.524 0.585 0.524 0.584 0.525 0.583 0.525 0.58 0.527 0.58 0.528 0.579 0.529 0.579 0.53 0.578 0.53 0.578 0.534 0.58 0.536 0.58 0.537 0.583 0.539 0.584 0.539 0.585 0.54 0.586 0.54 0.588 0.541 0.593 0.541 0.595 0.539 0.596 0.539 0.599 0.537 0.599 0.536 0.601 0.534 0.601 0.53 0.6 0.53 0.6 0.529 0.599 0.528 0.599 0.527 0.596 0.525 0.595 0.525 0.593 0.523
7 0.548 0.523 0.547 0.523 0.546 0.523 0.544 0.525 0.544 0.526 0.543 0.527 0.543 0.528 0.544 0.529 0.544 0.53 0.546 0.531 0.547 0.531 0.548 0.532 0.55 0.532 0.551 0.531 0.553 0.531 0.554 0.532 0.554 0.533 0.556 0.534 0.557 0.534 0.558 0.535 0.56 0.535 0.561 0.534 0.562 0.534 0.565 0.533 0.565 0.532 0.566 0.531 0.566 0.53 0.565 0.529 0.565 0.528 0.562 0.527 0.561 0.527 0.56 0.526 0.558 0.526 0.557 0.527 0.555 0.527 0.554 0.526 0.554 0.525 0.552 0.523 0.551 0.523 0.55 0.523
7 0.499 0.522 0.498 0.523 0.497 0.523 0.495 0.524 0.495 0.525 0.494 0.526 0.494 0.527 0.495 0.528 0.495 0.529 0.497 0.53 0.498 0.53 0.499 0.531 0.501 0.531 0.502 0.53 0.503 0.53 0.505 0.529 0.505 0.528 0.506 0.527 0.506 0.526 0.505 0.525 0.505 0.524 0.503 0.523 0.502 0.523 0.501 0.522
7 0.514 0.519 0.512 0.52 0.511 0.52 0.509 0.521 0.509 0.522 0.508 0.523 0.508 0.524 0.509 0.525 0.509 0.526 0.511 0.527 0.512 0.527 0.514 0.528 0.516 0.528 0.517 0.529 0.516 0.53 0.515 0.53 0.512 0.531 0.512 0.532 0.511 0.533 0.511 0.534 0.512 0.535 0.512 0.536 0.515 0.538 0.516 0.538 0.517 0.538 0.519 0.538 0.52 0.538 0.521 0.538 0.523 0.536 0.523 0.535 0.524 0.534 0.524 0.533 0.523 0.532 0.523 0.531 0.521 0.53 0.52 0.53 0.519 0.529 0.517 0.529 0.516 0.528 0.517 0.527 0.518 0.527 0.52 0.526 0.52 0.525 0.521 0.524 0.521 0.523 0.52 0.522 0.52 0.521 0.518 0.52 0.517 0.52 0.516 0.519
7 0.529 0.512 0.528 0.512 0.527 0.512 0.525 0.514 0.525 0.515 0.524 0.516 0.524 0.517 0.525 0.518 0.525 0.519 0.527 0.52 0.528 0.52 0.529 0.521 0.531 0.521 0.532 0.52 0.535 0.52 0.536 0.521 0.539 0.521 0.54 0.52 0.541 0.52 0.543 0.519 0.543 0.518 0.544 0.517 0.544 0.516 0.543 0.515 0.543 0.514 0.541 0.512 0.54 0.512 0.539 0.512 0.536 0.512 0.535 0.512 0.532 0.512 0.531 0.512
7 0.321 0.512 0.32 0.512 0.319 0.512 0.318 0.513 0.317 0.513 0.314 0.516 0.314 0.516 0.312 0.517 0.312 0.518 0.311 0.519 0.311 0.523 0.314 0.524 0.314 0.525 0.317 0.527 0.318 0.527 0.319 0.528 0.32 0.528 0.321 0.529 0.326 0.529 0.328 0.527 0.329 0.527 0.332 0.525 0.332 0.524 0.334 0.523 0.334 0.519 0.333 0.518 0.333 0.517 0.332 0.516 0.332 0.516 0.329 0.513 0.328 0.513 0.326 0.512
7 0.564 0.51 0.562 0.511 0.561 0.511 0.559 0.512 0.559 0.513 0.558 0.514 0.558 0.516 0.559 0.516 0.559 0.517 0.561 0.519 0.562 0.519 0.564 0.52 0.566 0.52 0.567 0.519 0.568 0.519 0.57 0.517 0.57 0.516 0.571 0.516 0.571 0.514 0.57 0.513 0.57 0.512 0.568 0.511 0.567 0.511 0.566 0.51
7 0.388 0.509 0.386 0.51 0.385 0.51 0.383 0.512 0.383 0.512 0.382 0.513 0.381 0.512 0.38 0.512 0.379 0.512 0.377 0.512 0.376 0.512 0.375 0.512 0.373 0.514 0.373 0.515 0.372 0.516 0.371 0.516 0.37 0.515 0.37 0.514 0.368 0.512 0.367 0.512 0.366 0.512 0.364 0.512 0.362 0.512 0.361 0.512 0.359 0.514 0.359 0.515 0.358 0.516 0.358 0.517 0.359 0.518 0.359 0.519 0.361 0.52 0.362 0.52 0.364 0.521 0.366 0.521 0.367 0.52 0.368 0.52 0.37 0.519 0.37 0.518 0.371 0.517 0.372 0.517 0.373 0.518 0.373 0.519 0.375 0.52 0.376 0.52 0.377 0.521 0.379 0.521 0.38 0.52 0.381 0.52 0.383 0.519 0.383 0.518 0.384 0.517 0.385 0.518 0.386 0.518 0.388 0.519 0.39 0.519 0.391 0.518 0.392 0.519 0.392 0.52 0.391 0.52 0.391 0.522 0.392 0.523 0.392 0.523 0.394 0.525 0.395 0.525 0.396 0.526 0.398 0.526 0.399 0.525 0.4 0.525 0.402 0.523 0.402 0.523 0.403 0.522 0.403 0.52 0.402 0.52 0.402 0.519 0.4 0.517 0.399 0.517 0.398 0.516 0.396 0.516 0.395 0.517 0.394 0.516 0.394 0.516 0.395 0.515 0.395 0.513 0.394 0.512 0.394 0.512 0.392 0.51 0.391 0.51 0.39 0.509
7 0.455 0.508 0.454 0.509 0.453 0.509 0.451 0.51 0.451 0.511 0.45 0.512 0.45 0.513 0.451 0.514 0.451 0.515 0.453 0.516 0.454 0.516 0.455 0.517 0.457 0.517 0.458 0.516 0.459 0.517 0.459 0.518 0.46 0.519 0.46 0.52 0.462 0.521 0.464 0.521 0.465 0.522 0.467 0.522 0.468 0.521 0.469 0.521 0.471 0.52 0.471 0.519 0.472 0.518 0.472 0.516 0.471 0.516 0.471 0.515 0.469 0.513 0.468 0.513 0.467 0.512 0.465 0.512 0.464 0.513 0.462 0.512 0.462 0.512 0.461 0.511 0.461 0.51 0.459 0.509 0.458 0.509 0.457 0.508
7 0.436 0.507 0.435 0.508 0.434 0.508 0.432 0.509 0.432 0.51 0.431 0.511 0.431 0.512 0.432 0.513 0.432 0.514 0.434 0.516 0.435 0.516 0.436 0.516 0.439 0.516 0.44 0.516 0.441 0.516 0.443 0.514 0.443 0.513 0.444 0.512 0.444 0.511 0.443 0.51 0.443 0.509 0.441 0.508 0.44 0.508 0.439 0.507
7 0.516 0.504 0.515 0.505 0.514 0.505 0.511 0.506 0.511 0.507 0.51 0.508 0.51 0.509 0.511 0.51 0.511 0.511 0.514 0.512 0.515 0.512 0.516 0.513 0.518 0.513 0.519 0.512 0.52 0.512 0.522 0.511 0.522 0.51 0.523 0.509 0.523 0.508 0.522 0.507 0.522 0.506 0.52 0.505 0.519 0.505 0.518 0.504
7 0.533 0.494 0.532 0.495 0.531 0.495 0.529 0.496 0.529 0.497 0.528 0.498 0.528 0.499 0.529 0.5 0.529 0.501 0.531 0.502 0.532 0.502 0.533 0.503 0.535 0.503 0.536 0.502 0.538 0.502 0.54 0.501 0.54 0.5 0.541 0.499 0.541 0.498 0.54 0.497 0.54 0.496 0.538 0.495 0.536 0.495 0.535 0.494
7 0.548 0.488 0.547 0.489 0.546 0.489 0.544 0.491 0.544 0.492 0.543 0.493 0.543 0.495 0.544 0.496 0.544 0.497 0.546 0.498 0.547 0.498 0.548 0.499 0.55 0.499 0.551 0.498 0.552 0.498 0.554 0.497 0.554 0.496 0.555 0.495 0.555 0.493 0.554 0.492 0.554 0.491 0.552 0.489 0.551 0.489 0.55 0.488
7 0.509 0.488 0.508 0.489 0.507 0.489 0.505 0.491 0.505 0.491 0.504 0.492 0.504 0.494 0.505 0.495 0.505 0.495 0.506 0.496 0.505 0.497 0.504 0.497 0.502 0.498 0.502 0.499 0.501 0.5 0.501 0.502 0.502 0.502 0.502 0.503 0.504 0.505 0.505 0.505 0.506 0.505 0.508 0.505 0.509 0.505 0.51 0.505 0.512 0.503 0.512 0.502 0.514 0.502 0.514 0.5 0.512 0.499 0.512 0.498 0.511 0.498 0.512 0.497 0.514 0.497 0.516 0.495 0.516 0.495 0.517 0.494 0.517 0.492 0.516 0.491 0.516 0.491 0.514 0.489 0.512 0.489 0.511 0.488
7 0.476 0.488 0.475 0.488 0.474 0.488 0.472 0.49 0.472 0.491 0.471 0.491 0.471 0.493 0.472 0.494 0.472 0.495 0.474 0.496 0.475 0.496 0.476 0.497 0.478 0.497 0.479 0.496 0.48 0.497 0.48 0.498 0.479 0.498 0.479 0.5 0.48 0.501 0.48 0.502 0.482 0.503 0.483 0.503 0.484 0.504 0.486 0.504 0.488 0.503 0.489 0.503 0.491 0.502 0.491 0.501 0.492 0.5 0.492 0.498 0.491 0.498 0.491 0.497 0.489 0.495 0.488 0.495 0.486 0.495 0.484 0.495 0.483 0.495 0.482 0.495 0.482 0.494 0.483 0.493 0.483 0.491 0.482 0.491 0.482 0.49 0.48 0.488 0.479 0.488 0.478 0.488
7 0.444 0.475 0.443 0.476 0.442 0.476 0.44 0.477 0.44 0.478 0.439 0.479 0.439 0.48 0.44 0.481 0.44 0.482 0.442 0.484 0.443 0.484 0.444 0.484 0.446 0.484 0.447 0.484 0.448 0.484 0.45 0.482 0.45 0.481 0.451 0.48 0.451 0.479 0.45 0.478 0.45 0.477 0.448 0.476 0.447 0.476 0.446 0.475
7 0.556 0.474 0.555 0.475 0.554 0.475 0.552 0.477 0.552 0.478 0.551 0.479 0.551 0.481 0.552 0.482 0.552 0.483 0.554 0.484 0.555 0.484 0.556 0.485 0.558 0.485 0.559 0.484 0.56 0.484 0.562 0.483 0.562 0.482 0.564 0.481 0.564 0.479 0.562 0.478 0.562 0.477 0.56 0.475 0.559 0.475 0.558 0.474
7 0.489 0.474 0.488 0.475 0.486 0.475 0.484 0.477 0.484 0.477 0.483 0.478 0.483 0.48 0.484 0.48 0.484 0.481 0.486 0.483 0.488 0.483 0.489 0.484 0.491 0.484 0.492 0.483 0.493 0.483 0.495 0.481 0.495 0.48 0.496 0.48 0.496 0.478 0.495 0.477 0.495 0.477 0.493 0.475 0.492 0.475 0.491 0.474
7 0.399 0.47 0.398 0.471 0.397 0.471 0.395 0.473 0.395 0.474 0.394 0.475 0.394 0.477 0.395 0.478 0.395 0.479 0.397 0.48 0.398 0.48 0.399 0.481 0.401 0.481 0.402 0.48 0.403 0.48 0.405 0.479 0.405 0.478 0.406 0.477 0.406 0.475 0.405 0.474 0.405 0.473 0.403 0.471 0.402 0.471 0.401 0.47
7 0.535 0.47 0.534 0.47 0.533 0.47 0.531 0.472 0.531 0.473 0.53 0.473 0.53 0.475 0.531 0.476 0.531 0.477 0.533 0.478 0.534 0.478 0.535 0.479 0.538 0.479 0.539 0.478 0.54 0.478 0.542 0.477 0.542 0.476 0.543 0.475 0.543 0.473 0.542 0.473 0.542 0.472 0.54 0.47 0.539 0.47 0.538 0.47
7 0.501 0.466 0.5 0.467 0.499 0.467 0.497 0.469 0.497 0.47 0.496 0.47 0.496 0.472 0.497 0.473 0.497 0.473 0.499 0.475 0.5 0.475 0.501 0.476 0.503 0.476 0.504 0.475 0.505 0.475 0.507 0.473 0.507 0.473 0.508 0.472 0.508 0.47 0.507 0.47 0.507 0.469 0.505 0.467 0.504 0.467 0.503 0.466
7 0.584 0.463 0.583 0.464 0.582 0.464 0.581 0.465 0.58 0.465 0.577 0.467 0.577 0.468 0.576 0.469 0.576 0.47 0.575 0.47 0.575 0.474 0.573 0.476 0.572 0.476 0.57 0.477 0.57 0.479 0.569 0.48 0.569 0.482 0.57 0.483 0.57 0.484 0.572 0.485 0.573 0.485 0.574 0.486 0.576 0.486 0.577 0.485 0.578 0.485 0.58 0.484 0.58 0.483 0.581 0.482 0.581 0.48 0.582 0.48 0.583 0.48 0.584 0.48 0.59 0.48 0.592 0.479 0.593 0.479 0.596 0.477 0.596 0.476 0.598 0.474 0.598 0.47 0.597 0.47 0.597 0.469 0.596 0.468 0.596 0.467 0.593 0.465 0.592 0.465 0.59 0.463
7 0.408 0.462 0.407 0.462 0.406 0.462 0.404 0.464 0.404 0.465 0.403 0.466 0.403 0.467 0.404 0.468 0.404 0.469 0.406 0.47 0.407 0.47 0.408 0.471 0.41 0.471 0.411 0.47 0.412 0.47 0.415 0.469 0.415 0.468 0.416 0.467 0.416 0.466 0.415 0.465 0.415 0.464 0.412 0.462 0.411 0.462 0.41 0.462
7 0.485 0.46 0.484 0.461 0.483 0.461 0.481 0.462 0.481 0.463 0.48 0.464 0.48 0.466 0.481 0.466 0.48 0.467 0.478 0.467 0.477 0.468 0.476 0.468 0.474 0.47 0.474 0.47 0.473 0.471 0.473 0.473 0.474 0.473 0.474 0.474 0.476 0.476 0.477 0.476 0.478 0.477 0.48 0.477 0.481 0.476 0.482 0.476 0.484 0.474 0.484 0.473 0.485 0.473 0.485 0.471 0.484 0.47 0.485 0.47 0.488 0.47 0.489 0.469 0.49 0.469 0.492 0.467 0.492 0.466 0.493 0.466 0.493 0.464 0.492 0.463 0.492 0.462 0.49 0.461 0.489 0.461 0.488 0.46
7 0.396 0.455 0.395 0.456 0.394 0.456 0.392 0.458 0.392 0.459 0.391 0.46 0.391 0.462 0.392 0.463 0.392 0.464 0.394 0.466 0.395 0.466 0.396 0.466 0.398 0.466 0.399 0.466 0.4 0.466 0.402 0.464 0.402 0.463 0.403 0.462 0.403 0.46 0.402 0.459 0.402 0.458 0.4 0.456 0.399 0.456 0.398 0.455
7 0.46 0.455 0.459 0.455 0.458 0.455 0.456 0.457 0.456 0.458 0.455 0.459 0.455 0.46 0.456 0.461 0.456 0.462 0.458 0.463 0.459 0.463 0.46 0.464 0.462 0.464 0.464 0.463 0.465 0.463 0.467 0.462 0.467 0.461 0.468 0.46 0.468 0.459 0.467 0.458 0.467 0.457 0.465 0.455 0.464 0.455 0.462 0.455
7 0.445 0.455 0.444 0.455 0.443 0.455 0.441 0.457 0.441 0.458 0.44 0.459 0.44 0.46 0.441 0.461 0.441 0.462 0.443 0.463 0.444 0.463 0.445 0.464 0.447 0.464 0.448 0.463 0.449 0.463 0.451 0.462 0.451 0.461 0.452 0.46 0.452 0.459 0.451 0.458 0.451 0.457 0.449 0.455 0.448 0.455 0.447 0.455
7 0.612 0.452 0.611 0.452 0.61 0.452 0.609 0.453 0.608 0.453 0.605 0.455 0.605 0.456 0.604 0.457 0.604 0.458 0.603 0.459 0.603 0.462 0.605 0.464 0.605 0.465 0.608 0.467 0.609 0.467 0.61 0.468 0.611 0.468 0.612 0.469 0.618 0.469 0.62 0.467 0.621 0.467 0.624 0.465 0.624 0.464 0.626 0.462 0.626 0.459 0.625 0.458 0.625 0.457 0.624 0.456 0.624 0.455 0.621 0.453 0.62 0.453 0.618 0.452
7 0.493 0.451 0.492 0.452 0.491 0.452 0.489 0.453 0.489 0.454 0.488 0.455 0.488 0.456 0.489 0.457 0.489 0.458 0.491 0.459 0.492 0.459 0.493 0.46 0.495 0.46 0.496 0.459 0.497 0.459 0.499 0.458 0.499 0.457 0.5 0.456 0.5 0.455 0.499 0.454 0.499 0.453 0.497 0.452 0.496 0.452 0.495 0.451
7 0.443 0.444 0.442 0.445 0.441 0.445 0.439 0.446 0.439 0.447 0.438 0.448 0.438 0.449 0.439 0.45 0.439 0.451 0.441 0.452 0.442 0.452 0.443 0.453 0.445 0.453 0.446 0.452 0.447 0.452 0.449 0.451 0.449 0.45 0.45 0.449 0.45 0.448 0.449 0.447 0.449 0.446 0.447 0.445 0.446 0.445 0.445 0.444
7 0.534 0.443 0.533 0.444 0.532 0.444 0.53 0.445 0.53 0.446 0.529 0.447 0.529 0.448 0.53 0.449 0.53 0.45 0.532 0.452 0.533 0.452 0.534 0.452 0.536 0.452 0.538 0.452 0.539 0.452 0.541 0.45 0.541 0.449 0.542 0.448 0.542 0.447 0.541 0.446 0.541 0.445 0.539 0.444 0.538 0.444 0.536 0.443
7 0.51 0.438 0.509 0.439 0.508 0.439 0.506 0.441 0.506 0.441 0.505 0.442 0.505 0.444 0.506 0.445 0.506 0.445 0.508 0.447 0.509 0.447 0.51 0.448 0.512 0.448 0.514 0.447 0.515 0.447 0.517 0.445 0.517 0.445 0.518 0.444 0.518 0.442 0.517 0.441 0.517 0.441 0.515 0.439 0.514 0.439 0.512 0.438
7 0.454 0.438 0.453 0.438 0.452 0.438 0.45 0.44 0.45 0.441 0.449 0.441 0.449 0.443 0.45 0.444 0.45 0.445 0.452 0.446 0.453 0.446 0.454 0.447 0.456 0.447 0.457 0.446 0.46 0.448 0.461 0.448 0.462 0.449 0.465 0.449 0.466 0.448 0.467 0.448 0.469 0.447 0.469 0.446 0.47 0.445 0.47 0.444 0.469 0.443 0.469 0.442 0.467 0.441 0.466 0.441 0.465 0.44 0.462 0.44 0.461 0.441 0.458 0.438 0.457 0.438 0.456 0.438
7 0.246 0.436 0.245 0.437 0.243 0.437 0.242 0.438 0.241 0.438 0.24 0.438 0.239 0.438 0.234 0.441 0.234 0.442 0.233 0.443 0.233 0.444 0.232 0.445 0.232 0.446 0.231 0.447 0.231 0.453 0.232 0.454 0.232 0.455 0.233 0.456 0.233 0.457 0.235 0.459 0.235 0.459 0.239 0.462 0.24 0.462 0.241 0.462 0.242 0.462 0.243 0.463 0.245 0.463 0.246 0.464 0.252 0.464 0.253 0.463 0.255 0.463 0.256 0.462 0.258 0.462 0.261 0.46 0.264 0.462 0.265 0.462 0.266 0.462 0.267 0.462 0.268 0.463 0.27 0.463 0.271 0.464 0.277 0.464 0.278 0.463 0.28 0.463 0.281 0.462 0.283 0.462 0.288 0.459 0.288 0.459 0.29 0.457 0.29 0.456 0.291 0.455 0.291 0.454 0.292 0.453 0.292 0.447 0.291 0.446 0.291 0.445 0.29 0.444 0.29 0.443 0.289 0.442 0.289 0.441 0.283 0.438 0.281 0.438 0.28 0.437 0.278 0.437 0.277 0.436 0.271 0.436 0.27 0.437 0.268 0.437 0.267 0.438 0.266 0.438 0.265 0.438 0.264 0.438 0.261 0.44 0.258 0.438 0.256 0.438 0.255 0.437 0.253 0.437 0.252 0.436
7 0.556 0.432 0.555 0.433 0.554 0.433 0.552 0.434 0.552 0.435 0.551 0.436 0.551 0.438 0.552 0.438 0.551 0.439 0.549 0.439 0.548 0.44 0.547 0.44 0.545 0.441 0.545 0.442 0.544 0.443 0.544 0.445 0.545 0.445 0.545 0.446 0.547 0.448 0.548 0.448 0.549 0.448 0.551 0.448 0.552 0.448 0.553 0.448 0.555 0.446 0.555 0.445 0.556 0.445 0.556 0.443 0.555 0.442 0.556 0.441 0.558 0.441 0.559 0.441 0.56 0.441 0.562 0.439 0.562 0.438 0.564 0.438 0.564 0.436 0.562 0.435 0.562 0.434 0.56 0.433 0.559 0.433 0.558 0.432
7 0.462 0.427 0.461 0.428 0.46 0.428 0.458 0.43 0.458 0.43 0.457 0.431 0.457 0.433 0.458 0.434 0.458 0.434 0.46 0.436 0.461 0.436 0.462 0.437 0.465 0.437 0.466 0.436 0.467 0.436 0.469 0.434 0.469 0.434 0.47 0.433 0.47 0.431 0.469 0.43 0.469 0.43 0.467 0.428 0.466 0.428 0.465 0.427
7 0.635 0.427 0.634 0.427 0.632 0.427 0.631 0.428 0.63 0.428 0.629 0.429 0.628 0.429 0.624 0.432 0.624 0.433 0.623 0.434 0.623 0.434 0.622 0.435 0.622 0.437 0.621 0.438 0.621 0.444 0.622 0.445 0.622 0.446 0.623 0.447 0.623 0.448 0.625 0.449 0.625 0.45 0.628 0.452 0.629 0.452 0.63 0.453 0.631 0.453 0.632 0.454 0.634 0.454 0.635 0.455 0.642 0.455 0.643 0.454 0.645 0.454 0.646 0.453 0.648 0.453 0.652 0.45 0.652 0.449 0.654 0.448 0.654 0.447 0.655 0.446 0.655 0.445 0.656 0.444 0.656 0.438 0.655 0.437 0.655 0.435 0.654 0.434 0.654 0.434 0.653 0.433 0.653 0.432 0.648 0.428 0.646 0.428 0.645 0.427 0.643 0.427 0.642 0.427
7 0.375 0.421 0.374 0.422 0.373 0.422 0.372 0.423 0.371 0.423 0.368 0.425 0.368 0.426 0.367 0.427 0.367 0.427 0.366 0.428 0.366 0.432 0.368 0.434 0.368 0.434 0.371 0.437 0.372 0.437 0.373 0.438 0.374 0.438 0.375 0.438 0.38 0.438 0.382 0.437 0.383 0.437 0.386 0.434 0.386 0.434 0.389 0.432 0.389 0.428 0.388 0.427 0.388 0.427 0.386 0.426 0.386 0.425 0.383 0.423 0.382 0.423 0.38 0.421
7 0.543 0.42 0.542 0.421 0.54 0.421 0.536 0.423 0.536 0.425 0.535 0.426 0.535 0.427 0.536 0.428 0.536 0.43 0.54 0.432 0.542 0.432 0.543 0.433 0.545 0.433 0.546 0.432 0.548 0.432 0.551 0.43 0.551 0.428 0.552 0.427 0.552 0.426 0.551 0.425 0.551 0.423 0.548 0.421 0.546 0.421 0.545 0.42
7 0.518 0.412 0.517 0.412 0.516 0.412 0.514 0.414 0.514 0.415 0.512 0.416 0.512 0.417 0.514 0.418 0.514 0.419 0.516 0.42 0.517 0.42 0.518 0.421 0.52 0.421 0.521 0.42 0.522 0.42 0.524 0.419 0.524 0.418 0.525 0.417 0.525 0.416 0.524 0.415 0.524 0.414 0.522 0.412 0.521 0.412 0.52 0.412
7 0.496 0.409 0.495 0.41 0.494 0.41 0.492 0.412 0.492 0.413 0.491 0.414 0.491 0.416 0.492 0.417 0.492 0.418 0.494 0.42 0.495 0.42 0.496 0.42 0.496 0.422 0.497 0.423 0.497 0.423 0.499 0.425 0.5 0.425 0.501 0.426 0.503 0.426 0.504 0.425 0.505 0.425 0.507 0.423 0.507 0.423 0.508 0.422 0.508 0.42 0.507 0.42 0.507 0.419 0.505 0.417 0.504 0.417 0.503 0.416 0.503 0.414 0.502 0.413 0.502 0.412 0.5 0.41 0.499 0.41 0.498 0.409
7 0.567 0.407 0.566 0.408 0.565 0.408 0.564 0.409 0.562 0.409 0.559 0.411 0.559 0.412 0.558 0.412 0.558 0.413 0.557 0.414 0.557 0.418 0.559 0.42 0.559 0.42 0.562 0.423 0.564 0.423 0.565 0.423 0.566 0.423 0.567 0.424 0.572 0.424 0.574 0.423 0.575 0.423 0.578 0.42 0.578 0.42 0.58 0.418 0.58 0.414 0.579 0.413 0.579 0.412 0.578 0.412 0.578 0.411 0.575 0.409 0.574 0.409 0.572 0.407
7 0.436 0.4 0.435 0.401 0.434 0.401 0.433 0.402 0.432 0.402 0.429 0.404 0.429 0.405 0.428 0.405 0.428 0.406 0.427 0.407 0.427 0.411 0.429 0.412 0.429 0.413 0.432 0.416 0.433 0.416 0.434 0.416 0.435 0.416 0.436 0.417 0.442 0.417 0.444 0.416 0.445 0.416 0.448 0.413 0.448 0.412 0.45 0.411 0.45 0.407 0.449 0.406 0.449 0.405 0.448 0.405 0.448 0.404 0.445 0.402 0.444 0.402 0.442 0.4
7 0.443 0.381 0.442 0.382 0.441 0.382 0.44 0.383 0.439 0.383 0.435 0.385 0.435 0.386 0.434 0.387 0.434 0.388 0.433 0.388 0.433 0.392 0.435 0.394 0.435 0.395 0.439 0.397 0.44 0.397 0.441 0.398 0.442 0.398 0.443 0.398 0.448 0.398 0.45 0.397 0.451 0.397 0.454 0.395 0.454 0.394 0.456 0.392 0.456 0.388 0.455 0.388 0.455 0.387 0.454 0.386 0.454 0.385 0.451 0.383 0.45 0.383 0.448 0.381
7 0.486 0.376 0.485 0.377 0.484 0.377 0.483 0.377 0.482 0.377 0.479 0.38 0.479 0.38 0.478 0.381 0.478 0.382 0.477 0.383 0.477 0.387 0.479 0.388 0.479 0.389 0.482 0.391 0.483 0.391 0.484 0.392 0.485 0.392 0.486 0.393 0.492 0.393 0.494 0.391 0.495 0.391 0.498 0.389 0.498 0.388 0.5 0.387 0.5 0.383 0.499 0.382 0.499 0.381 0.498 0.38 0.498 0.38 0.495 0.377 0.494 0.377 0.492 0.376
7 0.348 0.376 0.347 0.377 0.345 0.377 0.344 0.377 0.343 0.377 0.342 0.378 0.341 0.378 0.336 0.381 0.336 0.382 0.335 0.383 0.335 0.384 0.334 0.384 0.334 0.386 0.333 0.387 0.333 0.393 0.334 0.394 0.334 0.395 0.335 0.396 0.335 0.397 0.338 0.398 0.338 0.399 0.341 0.402 0.342 0.402 0.343 0.402 0.344 0.402 0.345 0.403 0.347 0.403 0.348 0.404 0.354 0.404 0.355 0.403 0.357 0.403 0.358 0.402 0.36 0.402 0.365 0.399 0.365 0.398 0.367 0.397 0.367 0.396 0.368 0.395 0.368 0.394 0.369 0.393 0.369 0.387 0.368 0.386 0.368 0.384 0.367 0.384 0.367 0.383 0.366 0.382 0.366 0.381 0.36 0.377 0.358 0.377 0.357 0.377 0.355 0.377 0.354 0.376
7 0.685 0.345 0.684 0.346 0.682 0.346 0.681 0.347 0.68 0.347 0.678 0.348 0.677 0.348 0.674 0.351 0.674 0.352 0.672 0.353 0.672 0.354 0.67 0.355 0.67 0.358 0.669 0.359 0.669 0.365 0.67 0.366 0.67 0.367 0.671 0.368 0.671 0.37 0.672 0.37 0.672 0.371 0.677 0.375 0.678 0.375 0.68 0.377 0.681 0.377 0.682 0.377 0.684 0.377 0.685 0.378 0.693 0.378 0.694 0.377 0.697 0.377 0.699 0.376 0.701 0.376 0.701 0.375 0.702 0.374 0.703 0.374 0.707 0.371 0.707 0.37 0.708 0.37 0.708 0.368 0.709 0.367 0.709 0.366 0.71 0.365 0.71 0.359 0.709 0.358 0.709 0.355 0.707 0.354 0.707 0.353 0.705 0.352 0.705 0.351 0.703 0.349 0.702 0.349 0.701 0.348 0.701 0.348 0.699 0.348 0.697 0.346 0.694 0.346 0.693 0.345
