4 0.423 0.825 0.422 0.826 0.419 0.826 0.418 0.827 0.417 0.827 0.415 0.828 0.414 0.828 0.407 0.833 0.407 0.834 0.406 0.834 0.406 0.835 0.405 0.836 0.405 0.837 0.404 0.838 0.404 0.84 0.403 0.841 0.403 0.847 0.404 0.848 0.404 0.85 0.405 0.851 0.405 0.852 0.406 0.852 0.406 0.853 0.407 0.854 0.407 0.855 0.414 0.859 0.415 0.859 0.417 0.861 0.418 0.861 0.419 0.862 0.422 0.862 0.423 0.862 0.431 0.862 0.432 0.862 0.435 0.862 0.436 0.861 0.438 0.861 0.439 0.86 0.44 0.86 0.447 0.855 0.447 0.854 0.448 0.853 0.448 0.852 0.449 0.852 0.449 0.851 0.45 0.85 0.45 0.848 0.451 0.847 0.451 0.841 0.45 0.84 0.45 0.838 0.449 0.837 0.449 0.836 0.448 0.835 0.448 0.834 0.447 0.834 0.447 0.833 0.44 0.827 0.439 0.827 0.438 0.827 0.436 0.827 0.435 0.826 0.432 0.826 0.431 0.825
4 0.621 0.756 0.62 0.757 0.617 0.757 0.616 0.758 0.615 0.758 0.612 0.759 0.611 0.759 0.605 0.764 0.605 0.765 0.604 0.766 0.604 0.766 0.603 0.767 0.603 0.768 0.602 0.769 0.602 0.771 0.601 0.772 0.601 0.778 0.602 0.779 0.602 0.781 0.603 0.782 0.603 0.783 0.604 0.784 0.604 0.784 0.605 0.785 0.605 0.786 0.611 0.791 0.612 0.791 0.615 0.792 0.616 0.792 0.617 0.793 0.62 0.793 0.621 0.794 0.629 0.794 0.63 0.793 0.633 0.793 0.634 0.792 0.635 0.792 0.636 0.791 0.638 0.791 0.645 0.786 0.645 0.785 0.646 0.784 0.646 0.784 0.647 0.783 0.647 0.782 0.648 0.781 0.648 0.779 0.649 0.778 0.649 0.772 0.648 0.771 0.648 0.769 0.647 0.768 0.647 0.767 0.646 0.766 0.646 0.766 0.645 0.765 0.645 0.764 0.638 0.759 0.636 0.759 0.635 0.758 0.634 0.758 0.633 0.757 0.63 0.757 0.629 0.756
4 0.326 0.752 0.325 0.753 0.322 0.753 0.321 0.754 0.32 0.754 0.318 0.755 0.317 0.755 0.31 0.76 0.31 0.761 0.309 0.762 0.309 0.762 0.308 0.763 0.308 0.764 0.307 0.765 0.307 0.767 0.306 0.768 0.306 0.774 0.307 0.775 0.307 0.777 0.308 0.778 0.308 0.779 0.309 0.78 0.309 0.78 0.31 0.781 0.31 0.782 0.317 0.787 0.318 0.787 0.32 0.788 0.321 0.788 0.322 0.789 0.325 0.789 0.326 0.79 0.334 0.79 0.335 0.789 0.339 0.789 0.34 0.788 0.341 0.788 0.342 0.788 0.343 0.788 0.35 0.782 0.35 0.781 0.351 0.78 0.351 0.78 0.352 0.779 0.352 0.778 0.353 0.777 0.353 0.775 0.354 0.774 0.354 0.768 0.353 0.767 0.353 0.765 0.352 0.764 0.352 0.763 0.351 0.762 0.351 0.762 0.35 0.761 0.35 0.76 0.343 0.755 0.342 0.755 0.341 0.754 0.34 0.754 0.339 0.753 0.335 0.753 0.334 0.752
4 0.365 0.681 0.364 0.682 0.362 0.682 0.358 0.685 0.358 0.686 0.357 0.687 0.357 0.691 0.358 0.692 0.358 0.693 0.357 0.694 0.353 0.694 0.352 0.695 0.349 0.695 0.341 0.701 0.341 0.703 0.34 0.704 0.34 0.709 0.341 0.71 0.341 0.712 0.349 0.718 0.352 0.718 0.353 0.719 0.36 0.719 0.361 0.718 0.364 0.718 0.372 0.712 0.372 0.71 0.373 0.709 0.373 0.704 0.372 0.703 0.372 0.701 0.368 0.698 0.369 0.697 0.371 0.697 0.373 0.695 0.374 0.695 0.377 0.693 0.377 0.692 0.378 0.691 0.378 0.687 0.377 0.686 0.377 0.685 0.374 0.683 0.373 0.683 0.371 0.681
4 0.41 0.67 0.409 0.67 0.406 0.67 0.398 0.677 0.398 0.679 0.397 0.68 0.397 0.685 0.398 0.686 0.398 0.688 0.406 0.694 0.409 0.694 0.41 0.695 0.418 0.695 0.419 0.694 0.421 0.694 0.429 0.688 0.429 0.686 0.43 0.685 0.43 0.68 0.429 0.679 0.429 0.677 0.421 0.67 0.419 0.67 0.418 0.67
4 0.135 0.652 0.134 0.653 0.131 0.653 0.13 0.654 0.129 0.654 0.127 0.655 0.126 0.655 0.12 0.66 0.12 0.661 0.119 0.662 0.119 0.662 0.118 0.663 0.118 0.664 0.117 0.665 0.117 0.667 0.116 0.668 0.116 0.674 0.117 0.675 0.117 0.677 0.118 0.678 0.118 0.679 0.119 0.68 0.119 0.68 0.12 0.681 0.12 0.682 0.126 0.687 0.127 0.687 0.129 0.688 0.13 0.688 0.131 0.689 0.134 0.689 0.135 0.69 0.144 0.69 0.145 0.689 0.148 0.689 0.149 0.688 0.15 0.688 0.151 0.688 0.152 0.688 0.159 0.682 0.159 0.681 0.16 0.68 0.16 0.68 0.161 0.679 0.161 0.678 0.162 0.677 0.162 0.675 0.164 0.674 0.164 0.668 0.162 0.667 0.162 0.665 0.161 0.664 0.161 0.663 0.16 0.662 0.16 0.662 0.159 0.661 0.159 0.66 0.152 0.655 0.151 0.655 0.15 0.654 0.149 0.654 0.148 0.653 0.145 0.653 0.144 0.652
4 0.452 0.646 0.451 0.647 0.448 0.647 0.44 0.653 0.44 0.655 0.439 0.656 0.439 0.662 0.44 0.662 0.44 0.664 0.448 0.67 0.451 0.67 0.452 0.671 0.459 0.671 0.46 0.67 0.462 0.67 0.471 0.664 0.471 0.662 0.472 0.662 0.472 0.656 0.471 0.655 0.471 0.653 0.462 0.647 0.46 0.647 0.459 0.646
4 0.579 0.63 0.578 0.63 0.575 0.63 0.574 0.631 0.573 0.631 0.571 0.633 0.57 0.633 0.564 0.638 0.564 0.638 0.562 0.639 0.562 0.64 0.561 0.641 0.561 0.641 0.56 0.642 0.56 0.645 0.559 0.645 0.559 0.652 0.56 0.652 0.56 0.655 0.561 0.655 0.561 0.656 0.562 0.657 0.562 0.658 0.564 0.659 0.564 0.659 0.57 0.664 0.571 0.664 0.573 0.666 0.574 0.666 0.575 0.666 0.578 0.666 0.579 0.667 0.588 0.667 0.589 0.666 0.592 0.666 0.593 0.666 0.594 0.666 0.595 0.665 0.596 0.665 0.603 0.659 0.603 0.659 0.604 0.658 0.604 0.657 0.605 0.656 0.605 0.655 0.606 0.655 0.606 0.652 0.607 0.652 0.607 0.645 0.606 0.645 0.606 0.642 0.605 0.641 0.605 0.641 0.604 0.64 0.604 0.639 0.603 0.638 0.603 0.638 0.596 0.632 0.595 0.632 0.594 0.631 0.593 0.631 0.592 0.63 0.589 0.63 0.588 0.63
4 0.484 0.616 0.483 0.616 0.482 0.616 0.478 0.62 0.478 0.62 0.477 0.621 0.477 0.626 0.478 0.627 0.478 0.627 0.482 0.63 0.483 0.63 0.484 0.631 0.491 0.631 0.493 0.63 0.494 0.63 0.497 0.627 0.497 0.627 0.498 0.626 0.498 0.621 0.497 0.62 0.497 0.62 0.494 0.617 0.493 0.617 0.491 0.616
4 0.648 0.608 0.647 0.609 0.644 0.609 0.643 0.609 0.642 0.609 0.64 0.611 0.639 0.611 0.632 0.616 0.632 0.616 0.631 0.617 0.631 0.618 0.63 0.619 0.63 0.62 0.629 0.62 0.629 0.623 0.628 0.623 0.628 0.63 0.629 0.63 0.629 0.633 0.63 0.634 0.63 0.634 0.631 0.635 0.631 0.636 0.632 0.637 0.632 0.638 0.639 0.642 0.64 0.642 0.642 0.644 0.643 0.644 0.644 0.645 0.647 0.645 0.648 0.645 0.656 0.645 0.657 0.645 0.66 0.645 0.661 0.644 0.662 0.644 0.664 0.643 0.665 0.643 0.672 0.638 0.672 0.637 0.673 0.636 0.673 0.635 0.674 0.634 0.674 0.634 0.675 0.633 0.675 0.63 0.676 0.63 0.676 0.623 0.675 0.623 0.675 0.62 0.674 0.62 0.674 0.619 0.673 0.618 0.673 0.617 0.672 0.616 0.672 0.616 0.665 0.61 0.664 0.61 0.662 0.609 0.661 0.609 0.66 0.609 0.657 0.609 0.656 0.608
4 0.311 0.598 0.31 0.598 0.307 0.598 0.299 0.605 0.299 0.607 0.298 0.608 0.298 0.613 0.299 0.614 0.299 0.616 0.307 0.622 0.31 0.622 0.311 0.623 0.319 0.623 0.32 0.622 0.322 0.622 0.33 0.616 0.33 0.614 0.331 0.613 0.331 0.608 0.33 0.607 0.33 0.605 0.322 0.598 0.32 0.598 0.319 0.598
4 0.63 0.566 0.629 0.567 0.626 0.567 0.625 0.568 0.624 0.568 0.622 0.57 0.621 0.57 0.615 0.574 0.615 0.575 0.614 0.576 0.614 0.577 0.612 0.577 0.612 0.578 0.611 0.579 0.611 0.581 0.61 0.582 0.61 0.588 0.611 0.589 0.611 0.591 0.612 0.592 0.612 0.593 0.614 0.594 0.614 0.595 0.615 0.595 0.615 0.596 0.621 0.601 0.622 0.601 0.624 0.602 0.625 0.602 0.626 0.603 0.629 0.603 0.63 0.604 0.639 0.604 0.64 0.603 0.643 0.603 0.644 0.602 0.645 0.602 0.646 0.602 0.647 0.602 0.654 0.596 0.654 0.595 0.655 0.595 0.655 0.594 0.656 0.593 0.656 0.592 0.657 0.591 0.657 0.589 0.658 0.588 0.658 0.582 0.657 0.581 0.657 0.579 0.656 0.578 0.656 0.577 0.655 0.577 0.655 0.576 0.654 0.575 0.654 0.574 0.647 0.569 0.646 0.569 0.645 0.568 0.644 0.568 0.643 0.567 0.64 0.567 0.639 0.566
4 0.44 0.541 0.439 0.542 0.438 0.542 0.433 0.545 0.433 0.546 0.432 0.547 0.432 0.552 0.433 0.552 0.433 0.553 0.438 0.556 0.439 0.556 0.44 0.557 0.446 0.557 0.448 0.555 0.449 0.555 0.452 0.553 0.452 0.552 0.453 0.552 0.453 0.547 0.452 0.546 0.452 0.545 0.449 0.543 0.448 0.543 0.446 0.541
4 0.415 0.52 0.414 0.52 0.412 0.52 0.408 0.523 0.408 0.524 0.407 0.525 0.407 0.53 0.408 0.53 0.408 0.531 0.412 0.534 0.414 0.534 0.415 0.535 0.421 0.535 0.423 0.534 0.424 0.534 0.427 0.531 0.427 0.53 0.428 0.53 0.428 0.525 0.427 0.524 0.427 0.523 0.424 0.521 0.423 0.521 0.421 0.52
4 0.436 0.499 0.435 0.5 0.434 0.5 0.43 0.503 0.43 0.504 0.429 0.505 0.429 0.509 0.43 0.51 0.43 0.511 0.434 0.514 0.435 0.514 0.436 0.515 0.443 0.515 0.445 0.513 0.446 0.513 0.449 0.511 0.449 0.51 0.45 0.509 0.45 0.505 0.449 0.504 0.449 0.503 0.446 0.501 0.445 0.501 0.443 0.499
4 0.183 0.49 0.182 0.491 0.179 0.491 0.171 0.497 0.171 0.499 0.17 0.5 0.17 0.505 0.171 0.506 0.171 0.508 0.179 0.514 0.182 0.514 0.183 0.515 0.191 0.515 0.192 0.514 0.194 0.514 0.202 0.508 0.202 0.506 0.203 0.505 0.203 0.5 0.202 0.499 0.202 0.497 0.194 0.491 0.192 0.491 0.191 0.49
4 0.211 0.473 0.21 0.474 0.207 0.474 0.199 0.48 0.199 0.483 0.198 0.484 0.198 0.489 0.199 0.49 0.199 0.491 0.207 0.498 0.21 0.498 0.211 0.498 0.219 0.498 0.22 0.498 0.222 0.498 0.23 0.491 0.23 0.49 0.231 0.489 0.231 0.484 0.23 0.483 0.23 0.48 0.222 0.474 0.22 0.474 0.219 0.473
4 0.278 0.472 0.277 0.473 0.274 0.473 0.266 0.479 0.266 0.481 0.265 0.482 0.265 0.488 0.266 0.488 0.266 0.49 0.274 0.496 0.277 0.496 0.278 0.497 0.285 0.497 0.286 0.496 0.289 0.496 0.297 0.49 0.297 0.488 0.298 0.488 0.298 0.482 0.297 0.481 0.297 0.479 0.289 0.473 0.286 0.473 0.285 0.472
4 0.332 0.47 0.331 0.471 0.328 0.471 0.32 0.477 0.32 0.48 0.319 0.48 0.319 0.486 0.32 0.487 0.32 0.488 0.328 0.495 0.331 0.495 0.332 0.495 0.34 0.495 0.341 0.495 0.343 0.495 0.351 0.488 0.351 0.487 0.352 0.486 0.352 0.48 0.351 0.48 0.351 0.477 0.343 0.471 0.341 0.471 0.34 0.47
4 0.49 0.452 0.489 0.453 0.485 0.453 0.484 0.454 0.483 0.454 0.481 0.455 0.48 0.455 0.474 0.46 0.474 0.461 0.473 0.462 0.473 0.462 0.472 0.463 0.472 0.464 0.471 0.465 0.471 0.467 0.47 0.468 0.47 0.474 0.471 0.475 0.471 0.477 0.472 0.478 0.472 0.479 0.473 0.48 0.473 0.48 0.474 0.481 0.474 0.482 0.48 0.487 0.481 0.487 0.483 0.488 0.484 0.488 0.485 0.489 0.489 0.489 0.49 0.49 0.498 0.49 0.499 0.489 0.502 0.489 0.503 0.488 0.504 0.488 0.505 0.488 0.506 0.488 0.514 0.482 0.514 0.481 0.515 0.48 0.515 0.48 0.516 0.479 0.516 0.478 0.517 0.477 0.517 0.475 0.518 0.474 0.518 0.468 0.517 0.467 0.517 0.465 0.516 0.464 0.516 0.463 0.515 0.462 0.515 0.462 0.514 0.461 0.514 0.46 0.506 0.455 0.505 0.455 0.504 0.454 0.503 0.454 0.502 0.453 0.499 0.453 0.498 0.452
4 0.179 0.426 0.178 0.427 0.175 0.427 0.174 0.427 0.173 0.427 0.171 0.429 0.17 0.429 0.164 0.434 0.164 0.434 0.162 0.435 0.162 0.436 0.161 0.437 0.161 0.438 0.16 0.438 0.16 0.441 0.159 0.441 0.159 0.448 0.16 0.448 0.16 0.451 0.161 0.452 0.161 0.452 0.162 0.453 0.162 0.454 0.164 0.455 0.164 0.455 0.17 0.46 0.171 0.46 0.173 0.462 0.174 0.462 0.175 0.462 0.178 0.462 0.179 0.463 0.188 0.463 0.189 0.462 0.192 0.462 0.193 0.462 0.194 0.462 0.195 0.461 0.196 0.461 0.203 0.455 0.203 0.455 0.204 0.454 0.204 0.453 0.205 0.452 0.205 0.452 0.206 0.451 0.206 0.448 0.207 0.448 0.207 0.441 0.206 0.441 0.206 0.438 0.205 0.438 0.205 0.437 0.204 0.436 0.204 0.435 0.203 0.434 0.203 0.434 0.196 0.428 0.195 0.428 0.194 0.427 0.193 0.427 0.192 0.427 0.189 0.427 0.188 0.426
4 0.528 0.423 0.527 0.423 0.524 0.423 0.523 0.424 0.522 0.424 0.52 0.426 0.519 0.426 0.512 0.43 0.512 0.431 0.511 0.432 0.511 0.433 0.51 0.434 0.51 0.434 0.509 0.435 0.509 0.438 0.508 0.438 0.508 0.445 0.509 0.445 0.509 0.448 0.51 0.448 0.51 0.449 0.511 0.45 0.511 0.451 0.512 0.452 0.512 0.452 0.519 0.457 0.52 0.457 0.522 0.459 0.523 0.459 0.524 0.459 0.527 0.459 0.528 0.46 0.536 0.46 0.538 0.459 0.541 0.459 0.542 0.459 0.543 0.459 0.544 0.458 0.545 0.458 0.552 0.452 0.552 0.452 0.553 0.451 0.553 0.45 0.554 0.449 0.554 0.448 0.555 0.448 0.555 0.445 0.556 0.445 0.556 0.438 0.555 0.438 0.555 0.435 0.554 0.434 0.554 0.434 0.553 0.433 0.553 0.432 0.552 0.431 0.552 0.43 0.545 0.425 0.544 0.425 0.543 0.424 0.542 0.424 0.541 0.423 0.538 0.423 0.536 0.423
