1 0.518 0.762 0.517 0.762 0.515 0.762 0.511 0.765 0.511 0.766 0.51 0.767 0.51 0.769 0.511 0.77 0.511 0.771 0.515 0.773 0.517 0.773 0.518 0.774 0.52 0.774 0.521 0.773 0.523 0.773 0.526 0.771 0.526 0.77 0.527 0.769 0.527 0.767 0.526 0.766 0.526 0.765 0.523 0.762 0.521 0.762 0.52 0.762
1 0.684 0.75 0.683 0.751 0.681 0.751 0.678 0.753 0.678 0.755 0.677 0.755 0.677 0.757 0.678 0.758 0.678 0.759 0.681 0.762 0.683 0.762 0.684 0.762 0.686 0.762 0.688 0.762 0.69 0.762 0.693 0.759 0.693 0.758 0.694 0.757 0.694 0.755 0.693 0.755 0.693 0.753 0.69 0.751 0.688 0.751 0.686 0.75
1 0.554 0.73 0.553 0.73 0.551 0.73 0.548 0.733 0.548 0.734 0.547 0.735 0.547 0.737 0.548 0.738 0.548 0.739 0.551 0.741 0.553 0.741 0.554 0.742 0.556 0.742 0.557 0.741 0.559 0.741 0.562 0.739 0.562 0.738 0.564 0.737 0.564 0.735 0.562 0.734 0.562 0.733 0.559 0.73 0.557 0.73 0.556 0.73
1 0.593 0.729 0.592 0.73 0.59 0.73 0.586 0.732 0.586 0.734 0.585 0.734 0.585 0.736 0.586 0.737 0.586 0.738 0.59 0.741 0.592 0.741 0.593 0.741 0.595 0.741 0.596 0.741 0.598 0.741 0.601 0.738 0.601 0.737 0.602 0.736 0.602 0.734 0.601 0.734 0.601 0.732 0.598 0.73 0.596 0.73 0.595 0.729
1 0.365 0.725 0.364 0.726 0.361 0.726 0.358 0.728 0.358 0.73 0.357 0.73 0.357 0.732 0.358 0.733 0.358 0.734 0.361 0.737 0.364 0.737 0.365 0.738 0.367 0.738 0.368 0.737 0.37 0.737 0.373 0.734 0.373 0.733 0.374 0.732 0.374 0.73 0.373 0.73 0.373 0.728 0.37 0.726 0.368 0.726 0.367 0.725
1 0.408 0.723 0.407 0.724 0.405 0.724 0.402 0.727 0.402 0.728 0.401 0.729 0.401 0.73 0.402 0.731 0.402 0.733 0.405 0.735 0.407 0.735 0.408 0.736 0.41 0.736 0.411 0.735 0.414 0.735 0.417 0.733 0.417 0.731 0.418 0.73 0.418 0.729 0.417 0.728 0.417 0.727 0.414 0.724 0.411 0.724 0.41 0.723
1 0.441 0.716 0.44 0.716 0.439 0.716 0.435 0.719 0.435 0.72 0.434 0.72 0.434 0.723 0.435 0.723 0.435 0.724 0.439 0.727 0.439 0.728 0.438 0.729 0.438 0.73 0.439 0.731 0.439 0.732 0.438 0.733 0.436 0.733 0.433 0.735 0.433 0.736 0.432 0.737 0.432 0.739 0.433 0.74 0.433 0.741 0.435 0.742 0.438 0.742 0.439 0.743 0.441 0.743 0.442 0.742 0.444 0.742 0.446 0.741 0.446 0.74 0.447 0.739 0.447 0.736 0.448 0.735 0.45 0.735 0.453 0.733 0.453 0.731 0.454 0.73 0.454 0.729 0.453 0.728 0.453 0.727 0.45 0.724 0.449 0.724 0.448 0.723 0.449 0.723 0.449 0.72 0.448 0.72 0.448 0.718 0.446 0.716 0.444 0.716 0.443 0.716
1 0.564 0.715 0.562 0.716 0.56 0.716 0.557 0.718 0.557 0.72 0.556 0.72 0.556 0.722 0.557 0.723 0.557 0.724 0.56 0.727 0.562 0.727 0.564 0.727 0.566 0.727 0.567 0.727 0.569 0.727 0.572 0.724 0.572 0.723 0.573 0.722 0.573 0.72 0.572 0.72 0.572 0.718 0.569 0.716 0.567 0.716 0.566 0.715
1 0.502 0.705 0.501 0.705 0.499 0.705 0.496 0.708 0.496 0.709 0.495 0.71 0.495 0.712 0.496 0.712 0.496 0.714 0.499 0.716 0.501 0.716 0.502 0.717 0.504 0.717 0.505 0.716 0.507 0.716 0.51 0.714 0.51 0.712 0.511 0.712 0.511 0.71 0.51 0.709 0.51 0.708 0.507 0.705 0.505 0.705 0.504 0.705
1 0.759 0.702 0.758 0.703 0.756 0.703 0.753 0.705 0.753 0.707 0.752 0.708 0.752 0.709 0.753 0.71 0.753 0.712 0.756 0.714 0.758 0.714 0.759 0.715 0.761 0.715 0.762 0.714 0.765 0.714 0.768 0.712 0.768 0.71 0.769 0.709 0.769 0.708 0.768 0.707 0.768 0.705 0.765 0.703 0.762 0.703 0.761 0.702
1 0.71 0.696 0.709 0.697 0.707 0.697 0.704 0.699 0.704 0.701 0.703 0.702 0.703 0.703 0.704 0.704 0.704 0.705 0.707 0.708 0.709 0.708 0.71 0.709 0.712 0.709 0.714 0.708 0.716 0.708 0.719 0.705 0.719 0.704 0.72 0.703 0.72 0.702 0.719 0.701 0.719 0.699 0.716 0.697 0.714 0.697 0.712 0.696
1 0.376 0.695 0.375 0.695 0.373 0.695 0.37 0.698 0.37 0.699 0.369 0.7 0.369 0.702 0.37 0.702 0.37 0.704 0.373 0.706 0.375 0.706 0.376 0.707 0.378 0.707 0.379 0.706 0.381 0.706 0.384 0.704 0.384 0.702 0.385 0.702 0.385 0.7 0.384 0.699 0.384 0.698 0.381 0.695 0.379 0.695 0.378 0.695
1 0.551 0.693 0.55 0.694 0.549 0.694 0.546 0.696 0.546 0.697 0.545 0.698 0.545 0.7 0.546 0.701 0.546 0.702 0.548 0.703 0.55 0.703 0.551 0.704 0.553 0.704 0.554 0.703 0.556 0.703 0.558 0.702 0.558 0.701 0.559 0.7 0.559 0.698 0.558 0.697 0.558 0.695 0.556 0.694 0.554 0.694 0.553 0.693
1 0.517 0.691 0.516 0.692 0.514 0.692 0.51 0.695 0.51 0.696 0.509 0.697 0.509 0.698 0.51 0.699 0.51 0.701 0.514 0.703 0.516 0.703 0.517 0.704 0.519 0.704 0.52 0.703 0.522 0.703 0.525 0.701 0.525 0.699 0.526 0.698 0.526 0.697 0.525 0.696 0.525 0.695 0.522 0.692 0.52 0.692 0.519 0.691
1 0.335 0.691 0.334 0.692 0.332 0.692 0.329 0.695 0.329 0.696 0.328 0.697 0.328 0.698 0.329 0.699 0.329 0.701 0.332 0.703 0.334 0.703 0.335 0.704 0.338 0.704 0.339 0.703 0.341 0.703 0.344 0.701 0.344 0.699 0.345 0.698 0.345 0.697 0.344 0.696 0.344 0.695 0.341 0.692 0.339 0.692 0.338 0.691
1 0.285 0.687 0.284 0.688 0.282 0.688 0.279 0.69 0.279 0.691 0.278 0.692 0.278 0.694 0.279 0.695 0.279 0.696 0.282 0.698 0.284 0.698 0.285 0.699 0.288 0.699 0.289 0.698 0.291 0.698 0.294 0.696 0.294 0.695 0.295 0.694 0.295 0.692 0.294 0.691 0.294 0.69 0.291 0.688 0.289 0.688 0.288 0.687
1 0.448 0.678 0.447 0.679 0.446 0.679 0.443 0.681 0.443 0.682 0.442 0.683 0.442 0.685 0.443 0.686 0.443 0.687 0.445 0.688 0.446 0.688 0.447 0.689 0.446 0.69 0.445 0.69 0.442 0.692 0.442 0.693 0.441 0.694 0.441 0.696 0.442 0.697 0.442 0.698 0.444 0.699 0.443 0.7 0.442 0.7 0.44 0.702 0.439 0.701 0.439 0.698 0.438 0.698 0.438 0.696 0.435 0.695 0.433 0.695 0.432 0.694 0.43 0.694 0.429 0.695 0.428 0.695 0.425 0.697 0.425 0.698 0.424 0.698 0.424 0.701 0.425 0.702 0.425 0.702 0.427 0.704 0.429 0.704 0.43 0.705 0.432 0.705 0.433 0.704 0.435 0.704 0.436 0.703 0.438 0.704 0.438 0.706 0.439 0.707 0.439 0.708 0.441 0.709 0.443 0.709 0.444 0.71 0.446 0.71 0.447 0.709 0.449 0.709 0.451 0.708 0.451 0.707 0.452 0.706 0.452 0.704 0.451 0.703 0.451 0.702 0.449 0.7 0.45 0.699 0.452 0.699 0.454 0.698 0.454 0.697 0.455 0.696 0.455 0.694 0.454 0.693 0.454 0.691 0.452 0.69 0.451 0.69 0.45 0.689 0.451 0.688 0.453 0.688 0.455 0.687 0.455 0.686 0.456 0.685 0.456 0.683 0.455 0.682 0.455 0.68 0.453 0.679 0.451 0.679 0.45 0.678
1 0.339 0.677 0.338 0.677 0.335 0.677 0.332 0.68 0.332 0.681 0.331 0.682 0.331 0.684 0.332 0.684 0.332 0.686 0.335 0.688 0.338 0.688 0.339 0.689 0.341 0.689 0.342 0.688 0.344 0.688 0.347 0.686 0.347 0.684 0.348 0.684 0.348 0.682 0.347 0.681 0.347 0.68 0.344 0.677 0.342 0.677 0.341 0.677
1 0.551 0.673 0.55 0.674 0.549 0.674 0.546 0.677 0.546 0.677 0.545 0.678 0.545 0.68 0.546 0.681 0.545 0.682 0.543 0.682 0.542 0.681 0.54 0.681 0.539 0.682 0.538 0.682 0.534 0.684 0.534 0.685 0.533 0.686 0.533 0.688 0.534 0.689 0.534 0.69 0.536 0.691 0.539 0.691 0.54 0.692 0.542 0.692 0.543 0.691 0.545 0.691 0.547 0.69 0.547 0.689 0.548 0.688 0.548 0.686 0.547 0.685 0.547 0.684 0.548 0.684 0.55 0.684 0.551 0.684 0.553 0.684 0.554 0.685 0.554 0.688 0.555 0.688 0.555 0.689 0.557 0.691 0.559 0.691 0.56 0.691 0.562 0.691 0.564 0.691 0.566 0.691 0.568 0.689 0.568 0.688 0.569 0.688 0.569 0.685 0.568 0.684 0.568 0.683 0.566 0.681 0.564 0.681 0.562 0.68 0.56 0.68 0.559 0.68 0.559 0.678 0.558 0.677 0.558 0.676 0.556 0.674 0.554 0.674 0.553 0.673
1 0.465 0.673 0.464 0.674 0.462 0.674 0.459 0.677 0.459 0.677 0.458 0.678 0.458 0.68 0.459 0.681 0.459 0.682 0.461 0.684 0.464 0.684 0.465 0.684 0.467 0.684 0.468 0.684 0.47 0.684 0.472 0.682 0.472 0.681 0.473 0.68 0.474 0.681 0.474 0.683 0.475 0.684 0.475 0.684 0.477 0.686 0.479 0.686 0.48 0.687 0.482 0.687 0.483 0.686 0.485 0.686 0.488 0.684 0.488 0.684 0.489 0.683 0.489 0.68 0.488 0.68 0.488 0.678 0.485 0.677 0.483 0.677 0.482 0.676 0.48 0.676 0.479 0.677 0.478 0.677 0.475 0.679 0.475 0.68 0.474 0.68 0.473 0.68 0.473 0.678 0.472 0.677 0.472 0.676 0.47 0.674 0.468 0.674 0.467 0.673
1 0.87 0.673 0.869 0.673 0.867 0.673 0.864 0.676 0.864 0.677 0.862 0.678 0.862 0.68 0.864 0.68 0.864 0.682 0.867 0.684 0.869 0.684 0.87 0.685 0.872 0.685 0.873 0.684 0.875 0.684 0.878 0.682 0.878 0.68 0.879 0.68 0.879 0.678 0.878 0.677 0.878 0.676 0.875 0.673 0.873 0.673 0.872 0.673
1 0.289 0.673 0.288 0.673 0.285 0.673 0.282 0.676 0.282 0.677 0.281 0.678 0.281 0.68 0.282 0.68 0.282 0.682 0.285 0.684 0.288 0.684 0.289 0.685 0.291 0.685 0.292 0.684 0.294 0.684 0.297 0.682 0.297 0.68 0.298 0.68 0.298 0.678 0.297 0.677 0.297 0.676 0.294 0.673 0.292 0.673 0.291 0.673
1 0.697 0.67 0.696 0.671 0.694 0.671 0.691 0.673 0.691 0.675 0.69 0.676 0.69 0.677 0.691 0.678 0.691 0.68 0.694 0.682 0.696 0.682 0.697 0.683 0.699 0.683 0.7 0.682 0.702 0.682 0.705 0.68 0.705 0.678 0.706 0.677 0.706 0.676 0.705 0.675 0.705 0.673 0.702 0.671 0.7 0.671 0.699 0.67
1 0.374 0.668 0.373 0.669 0.372 0.669 0.369 0.671 0.369 0.672 0.368 0.673 0.368 0.675 0.369 0.676 0.369 0.677 0.365 0.68 0.365 0.681 0.364 0.682 0.364 0.684 0.365 0.684 0.365 0.686 0.368 0.688 0.37 0.688 0.371 0.689 0.373 0.689 0.374 0.688 0.376 0.688 0.379 0.686 0.379 0.684 0.38 0.684 0.38 0.682 0.379 0.681 0.379 0.68 0.378 0.679 0.381 0.677 0.381 0.676 0.382 0.675 0.382 0.673 0.381 0.672 0.381 0.67 0.379 0.669 0.377 0.669 0.376 0.668
1 0.353 0.666 0.352 0.667 0.351 0.667 0.348 0.67 0.348 0.67 0.347 0.671 0.347 0.673 0.348 0.674 0.348 0.675 0.35 0.677 0.352 0.677 0.353 0.677 0.355 0.677 0.356 0.677 0.358 0.677 0.36 0.675 0.36 0.674 0.361 0.673 0.361 0.671 0.36 0.67 0.36 0.669 0.358 0.667 0.356 0.667 0.355 0.666
1 0.304 0.665 0.303 0.666 0.301 0.666 0.298 0.668 0.298 0.67 0.297 0.67 0.297 0.672 0.298 0.673 0.298 0.674 0.301 0.677 0.303 0.677 0.304 0.677 0.306 0.677 0.307 0.677 0.309 0.677 0.312 0.674 0.312 0.673 0.314 0.672 0.314 0.67 0.312 0.67 0.312 0.668 0.309 0.666 0.307 0.666 0.306 0.665
1 0.278 0.661 0.277 0.662 0.275 0.662 0.272 0.664 0.272 0.666 0.271 0.666 0.271 0.668 0.272 0.669 0.272 0.67 0.275 0.673 0.277 0.673 0.278 0.673 0.28 0.673 0.281 0.673 0.283 0.673 0.286 0.67 0.286 0.669 0.288 0.668 0.288 0.666 0.286 0.666 0.286 0.664 0.283 0.662 0.281 0.662 0.28 0.661
1 0.854 0.66 0.853 0.661 0.851 0.661 0.848 0.663 0.848 0.665 0.847 0.666 0.847 0.667 0.848 0.668 0.848 0.67 0.851 0.672 0.853 0.672 0.854 0.673 0.856 0.673 0.857 0.672 0.859 0.672 0.862 0.67 0.862 0.668 0.864 0.667 0.864 0.666 0.862 0.665 0.862 0.663 0.859 0.661 0.857 0.661 0.856 0.66
1 0.468 0.66 0.467 0.661 0.466 0.661 0.462 0.663 0.462 0.664 0.461 0.665 0.461 0.667 0.462 0.668 0.462 0.669 0.465 0.67 0.467 0.67 0.468 0.671 0.47 0.671 0.471 0.67 0.473 0.67 0.475 0.669 0.475 0.668 0.476 0.667 0.476 0.665 0.475 0.664 0.475 0.662 0.473 0.661 0.471 0.661 0.47 0.66
1 0.324 0.659 0.323 0.66 0.321 0.66 0.318 0.662 0.318 0.664 0.317 0.665 0.317 0.666 0.318 0.667 0.318 0.669 0.321 0.671 0.323 0.671 0.324 0.672 0.326 0.672 0.327 0.671 0.329 0.671 0.332 0.669 0.332 0.667 0.333 0.666 0.333 0.665 0.332 0.664 0.332 0.662 0.329 0.66 0.327 0.66 0.326 0.659
1 0.617 0.659 0.616 0.659 0.615 0.659 0.611 0.662 0.611 0.662 0.61 0.663 0.61 0.666 0.611 0.666 0.611 0.667 0.612 0.668 0.608 0.671 0.608 0.673 0.607 0.673 0.607 0.675 0.608 0.676 0.608 0.677 0.611 0.68 0.614 0.68 0.615 0.68 0.617 0.68 0.618 0.68 0.62 0.68 0.623 0.677 0.623 0.676 0.624 0.675 0.624 0.673 0.623 0.673 0.623 0.671 0.621 0.67 0.624 0.667 0.624 0.666 0.625 0.666 0.625 0.663 0.624 0.662 0.624 0.661 0.622 0.659 0.62 0.659 0.619 0.659
1 0.553 0.657 0.552 0.658 0.551 0.658 0.548 0.66 0.548 0.661 0.547 0.662 0.547 0.664 0.548 0.665 0.548 0.666 0.55 0.667 0.552 0.667 0.553 0.668 0.555 0.668 0.556 0.667 0.558 0.667 0.56 0.666 0.56 0.665 0.561 0.664 0.561 0.662 0.56 0.661 0.56 0.659 0.558 0.658 0.556 0.658 0.555 0.657
1 0.431 0.657 0.43 0.658 0.429 0.658 0.426 0.66 0.426 0.661 0.425 0.662 0.425 0.664 0.426 0.665 0.426 0.666 0.428 0.667 0.43 0.667 0.432 0.669 0.431 0.67 0.431 0.67 0.43 0.671 0.43 0.673 0.431 0.674 0.431 0.675 0.433 0.677 0.435 0.677 0.436 0.677 0.439 0.677 0.44 0.677 0.442 0.677 0.444 0.675 0.444 0.674 0.445 0.673 0.445 0.671 0.444 0.67 0.444 0.669 0.442 0.667 0.44 0.667 0.439 0.666 0.439 0.665 0.44 0.664 0.44 0.662 0.439 0.661 0.439 0.659 0.436 0.658 0.434 0.658 0.433 0.657
1 0.369 0.655 0.368 0.655 0.367 0.655 0.364 0.658 0.364 0.659 0.362 0.659 0.362 0.662 0.364 0.662 0.364 0.663 0.366 0.665 0.368 0.665 0.369 0.666 0.371 0.666 0.372 0.665 0.374 0.665 0.376 0.663 0.376 0.662 0.377 0.662 0.377 0.659 0.376 0.659 0.376 0.657 0.374 0.655 0.372 0.655 0.371 0.655
1 0.45 0.65 0.449 0.651 0.448 0.651 0.445 0.653 0.445 0.654 0.444 0.655 0.444 0.657 0.445 0.658 0.445 0.659 0.447 0.66 0.449 0.66 0.45 0.661 0.452 0.661 0.453 0.66 0.455 0.66 0.457 0.659 0.457 0.658 0.458 0.657 0.458 0.655 0.457 0.654 0.457 0.652 0.455 0.651 0.453 0.651 0.452 0.65
1 0.304 0.65 0.303 0.651 0.301 0.651 0.298 0.653 0.298 0.655 0.297 0.655 0.297 0.657 0.298 0.658 0.298 0.659 0.301 0.662 0.303 0.662 0.304 0.662 0.306 0.662 0.307 0.662 0.309 0.662 0.312 0.659 0.312 0.658 0.314 0.657 0.314 0.655 0.312 0.655 0.312 0.653 0.309 0.651 0.307 0.651 0.306 0.65
1 0.759 0.648 0.758 0.648 0.756 0.648 0.753 0.651 0.753 0.652 0.752 0.653 0.752 0.655 0.753 0.655 0.753 0.657 0.756 0.659 0.758 0.659 0.759 0.66 0.761 0.66 0.762 0.659 0.765 0.659 0.768 0.657 0.768 0.655 0.769 0.655 0.769 0.653 0.768 0.652 0.768 0.651 0.765 0.648 0.762 0.648 0.761 0.648
1 0.396 0.648 0.395 0.648 0.393 0.648 0.39 0.651 0.39 0.652 0.389 0.653 0.389 0.655 0.39 0.655 0.39 0.657 0.393 0.659 0.395 0.659 0.396 0.66 0.398 0.66 0.399 0.659 0.401 0.659 0.402 0.659 0.403 0.659 0.403 0.661 0.402 0.662 0.402 0.663 0.403 0.664 0.403 0.666 0.406 0.668 0.408 0.668 0.409 0.669 0.411 0.669 0.412 0.668 0.415 0.668 0.418 0.666 0.418 0.664 0.419 0.663 0.419 0.662 0.418 0.661 0.418 0.659 0.415 0.657 0.412 0.657 0.411 0.656 0.409 0.656 0.408 0.657 0.406 0.657 0.405 0.658 0.404 0.657 0.404 0.655 0.405 0.655 0.405 0.653 0.404 0.652 0.404 0.651 0.401 0.648 0.399 0.648 0.398 0.648
1 0.665 0.645 0.664 0.646 0.662 0.646 0.659 0.648 0.659 0.649 0.658 0.65 0.658 0.652 0.659 0.653 0.659 0.654 0.661 0.655 0.664 0.655 0.665 0.656 0.667 0.656 0.668 0.655 0.67 0.655 0.672 0.654 0.672 0.653 0.673 0.652 0.673 0.65 0.672 0.649 0.672 0.648 0.67 0.646 0.668 0.646 0.667 0.645
1 0.728 0.645 0.727 0.645 0.725 0.645 0.722 0.648 0.722 0.649 0.721 0.65 0.721 0.652 0.722 0.652 0.722 0.654 0.725 0.656 0.727 0.656 0.728 0.657 0.73 0.657 0.731 0.656 0.733 0.656 0.736 0.654 0.736 0.652 0.738 0.652 0.738 0.65 0.736 0.649 0.736 0.648 0.733 0.645 0.731 0.645 0.73 0.645
1 0.491 0.641 0.49 0.641 0.489 0.641 0.485 0.644 0.485 0.645 0.484 0.645 0.484 0.648 0.485 0.648 0.485 0.649 0.488 0.651 0.49 0.651 0.491 0.652 0.493 0.652 0.494 0.651 0.496 0.651 0.498 0.649 0.498 0.648 0.499 0.648 0.499 0.645 0.498 0.645 0.498 0.643 0.496 0.641 0.494 0.641 0.493 0.641
1 0.434 0.64 0.433 0.641 0.432 0.641 0.429 0.643 0.429 0.644 0.428 0.645 0.428 0.647 0.429 0.648 0.429 0.648 0.431 0.65 0.433 0.65 0.434 0.651 0.436 0.651 0.438 0.65 0.44 0.65 0.442 0.648 0.442 0.648 0.443 0.647 0.443 0.645 0.442 0.644 0.442 0.642 0.44 0.641 0.438 0.641 0.436 0.64
1 0.409 0.638 0.408 0.638 0.407 0.638 0.404 0.641 0.404 0.641 0.403 0.642 0.403 0.645 0.404 0.645 0.404 0.646 0.406 0.648 0.408 0.648 0.409 0.648 0.411 0.648 0.412 0.648 0.415 0.648 0.417 0.646 0.417 0.645 0.418 0.645 0.418 0.642 0.417 0.641 0.417 0.64 0.415 0.638 0.412 0.638 0.411 0.638
1 0.281 0.635 0.28 0.636 0.279 0.636 0.276 0.638 0.276 0.639 0.275 0.64 0.275 0.642 0.276 0.643 0.276 0.644 0.278 0.645 0.28 0.645 0.281 0.646 0.283 0.646 0.284 0.645 0.286 0.645 0.289 0.644 0.289 0.643 0.29 0.642 0.29 0.64 0.289 0.639 0.289 0.638 0.286 0.636 0.284 0.636 0.283 0.635
1 0.227 0.633 0.226 0.634 0.224 0.634 0.221 0.636 0.221 0.638 0.22 0.638 0.22 0.64 0.221 0.641 0.221 0.642 0.224 0.645 0.226 0.645 0.227 0.645 0.229 0.645 0.23 0.645 0.232 0.645 0.235 0.642 0.235 0.641 0.236 0.64 0.236 0.638 0.235 0.638 0.235 0.636 0.232 0.634 0.23 0.634 0.229 0.633
1 0.591 0.63 0.59 0.631 0.588 0.631 0.584 0.634 0.584 0.635 0.583 0.636 0.583 0.638 0.584 0.638 0.584 0.64 0.588 0.642 0.59 0.642 0.591 0.643 0.593 0.643 0.594 0.642 0.596 0.642 0.599 0.64 0.599 0.638 0.6 0.638 0.6 0.636 0.599 0.635 0.599 0.634 0.596 0.631 0.594 0.631 0.593 0.63
1 0.629 0.629 0.628 0.63 0.627 0.63 0.624 0.632 0.624 0.633 0.623 0.634 0.623 0.636 0.624 0.637 0.624 0.638 0.626 0.639 0.628 0.639 0.629 0.64 0.631 0.64 0.632 0.639 0.634 0.639 0.636 0.638 0.636 0.637 0.638 0.636 0.638 0.634 0.636 0.633 0.636 0.631 0.634 0.63 0.632 0.63 0.631 0.629
1 0.298 0.629 0.297 0.63 0.296 0.63 0.293 0.632 0.293 0.633 0.292 0.634 0.292 0.636 0.293 0.637 0.293 0.638 0.295 0.639 0.297 0.639 0.298 0.64 0.3 0.64 0.301 0.639 0.303 0.639 0.305 0.638 0.305 0.637 0.306 0.636 0.306 0.634 0.305 0.633 0.305 0.631 0.303 0.63 0.301 0.63 0.3 0.629
1 0.795 0.628 0.794 0.629 0.792 0.629 0.789 0.631 0.789 0.633 0.788 0.634 0.788 0.635 0.786 0.636 0.783 0.634 0.781 0.634 0.78 0.633 0.778 0.633 0.777 0.634 0.775 0.634 0.772 0.636 0.772 0.638 0.771 0.638 0.771 0.64 0.772 0.641 0.772 0.642 0.775 0.645 0.777 0.645 0.778 0.645 0.78 0.645 0.781 0.645 0.783 0.645 0.786 0.642 0.786 0.641 0.788 0.64 0.788 0.638 0.789 0.638 0.792 0.64 0.794 0.64 0.795 0.641 0.797 0.641 0.798 0.64 0.8 0.64 0.803 0.638 0.803 0.636 0.804 0.635 0.804 0.634 0.803 0.633 0.803 0.631 0.8 0.629 0.798 0.629 0.797 0.628
1 0.554 0.627 0.553 0.627 0.552 0.627 0.549 0.63 0.549 0.63 0.548 0.631 0.548 0.634 0.549 0.634 0.549 0.635 0.551 0.637 0.553 0.637 0.554 0.638 0.556 0.638 0.557 0.637 0.559 0.637 0.561 0.635 0.561 0.634 0.562 0.634 0.562 0.631 0.561 0.63 0.561 0.629 0.559 0.627 0.557 0.627 0.556 0.627
1 0.418 0.625 0.417 0.626 0.416 0.626 0.412 0.628 0.412 0.629 0.411 0.63 0.411 0.632 0.412 0.633 0.412 0.634 0.415 0.635 0.417 0.635 0.418 0.636 0.42 0.636 0.421 0.635 0.423 0.635 0.425 0.634 0.425 0.633 0.426 0.632 0.426 0.63 0.425 0.629 0.425 0.627 0.423 0.626 0.421 0.626 0.42 0.625
1 0.505 0.624 0.504 0.625 0.503 0.625 0.5 0.627 0.5 0.628 0.499 0.629 0.499 0.631 0.5 0.632 0.5 0.633 0.502 0.634 0.504 0.634 0.505 0.635 0.507 0.635 0.508 0.634 0.51 0.634 0.512 0.633 0.512 0.632 0.514 0.631 0.514 0.629 0.512 0.628 0.512 0.627 0.51 0.625 0.508 0.625 0.507 0.624
1 0.469 0.62 0.468 0.62 0.466 0.62 0.462 0.623 0.462 0.624 0.461 0.625 0.461 0.627 0.462 0.627 0.462 0.629 0.466 0.631 0.468 0.631 0.469 0.632 0.471 0.632 0.472 0.631 0.474 0.631 0.477 0.629 0.477 0.627 0.478 0.627 0.478 0.625 0.477 0.624 0.477 0.623 0.474 0.62 0.472 0.62 0.471 0.62
1 0.331 0.618 0.33 0.619 0.329 0.619 0.326 0.621 0.326 0.622 0.325 0.623 0.325 0.625 0.326 0.626 0.326 0.627 0.328 0.628 0.33 0.628 0.331 0.629 0.333 0.629 0.334 0.628 0.336 0.628 0.339 0.627 0.339 0.626 0.34 0.625 0.34 0.623 0.339 0.622 0.339 0.62 0.336 0.619 0.334 0.619 0.333 0.618
1 0.61 0.616 0.609 0.617 0.608 0.617 0.605 0.62 0.605 0.62 0.604 0.621 0.604 0.623 0.605 0.624 0.605 0.625 0.607 0.627 0.607 0.627 0.606 0.628 0.606 0.629 0.605 0.63 0.605 0.632 0.606 0.633 0.606 0.634 0.608 0.635 0.61 0.635 0.611 0.636 0.614 0.636 0.615 0.635 0.617 0.635 0.619 0.634 0.619 0.633 0.62 0.632 0.62 0.63 0.619 0.629 0.619 0.627 0.617 0.626 0.618 0.625 0.618 0.624 0.619 0.623 0.619 0.621 0.618 0.62 0.618 0.619 0.616 0.617 0.614 0.617 0.612 0.616
1 0.435 0.612 0.434 0.612 0.433 0.612 0.43 0.615 0.43 0.616 0.429 0.616 0.429 0.619 0.43 0.62 0.43 0.62 0.432 0.622 0.434 0.622 0.435 0.623 0.438 0.623 0.439 0.622 0.441 0.622 0.442 0.623 0.442 0.623 0.443 0.624 0.443 0.625 0.445 0.627 0.447 0.627 0.448 0.627 0.45 0.627 0.451 0.627 0.453 0.627 0.455 0.625 0.455 0.624 0.456 0.623 0.456 0.621 0.455 0.62 0.455 0.619 0.453 0.617 0.451 0.617 0.45 0.616 0.448 0.616 0.447 0.617 0.446 0.617 0.445 0.618 0.444 0.617 0.444 0.616 0.443 0.616 0.443 0.614 0.441 0.612 0.439 0.612 0.438 0.612
1 0.251 0.609 0.25 0.61 0.248 0.61 0.245 0.612 0.245 0.614 0.244 0.615 0.244 0.616 0.245 0.617 0.245 0.619 0.248 0.621 0.25 0.621 0.251 0.622 0.253 0.622 0.254 0.621 0.256 0.621 0.259 0.619 0.259 0.617 0.26 0.616 0.26 0.615 0.259 0.614 0.259 0.612 0.256 0.61 0.254 0.61 0.253 0.609
1 0.833 0.599 0.832 0.6 0.83 0.6 0.827 0.602 0.827 0.604 0.826 0.605 0.826 0.606 0.827 0.607 0.827 0.609 0.83 0.611 0.832 0.611 0.833 0.612 0.835 0.612 0.836 0.611 0.839 0.611 0.842 0.609 0.842 0.607 0.843 0.606 0.843 0.605 0.842 0.604 0.842 0.602 0.839 0.6 0.836 0.6 0.835 0.599
1 0.298 0.595 0.297 0.596 0.295 0.596 0.292 0.598 0.292 0.6 0.291 0.601 0.291 0.602 0.292 0.603 0.292 0.605 0.295 0.607 0.297 0.607 0.298 0.608 0.3 0.608 0.301 0.607 0.303 0.607 0.306 0.605 0.306 0.603 0.307 0.602 0.307 0.601 0.306 0.6 0.306 0.598 0.303 0.596 0.301 0.596 0.3 0.595
1 0.357 0.593 0.356 0.594 0.355 0.594 0.352 0.596 0.352 0.597 0.351 0.598 0.351 0.6 0.352 0.601 0.352 0.602 0.354 0.603 0.356 0.603 0.357 0.604 0.359 0.604 0.36 0.603 0.362 0.603 0.365 0.602 0.365 0.601 0.366 0.6 0.366 0.598 0.365 0.597 0.365 0.595 0.362 0.594 0.36 0.594 0.359 0.593
1 0.324 0.592 0.323 0.593 0.322 0.593 0.319 0.595 0.319 0.596 0.318 0.597 0.318 0.599 0.319 0.6 0.319 0.601 0.321 0.602 0.323 0.602 0.324 0.603 0.326 0.603 0.327 0.602 0.329 0.602 0.331 0.601 0.331 0.6 0.332 0.599 0.332 0.597 0.331 0.596 0.331 0.595 0.329 0.593 0.327 0.593 0.326 0.592
1 0.619 0.591 0.618 0.591 0.617 0.591 0.614 0.594 0.614 0.595 0.612 0.595 0.612 0.598 0.614 0.598 0.614 0.599 0.616 0.601 0.618 0.601 0.619 0.602 0.621 0.602 0.622 0.601 0.624 0.601 0.626 0.599 0.626 0.598 0.627 0.598 0.627 0.595 0.626 0.595 0.626 0.593 0.624 0.591 0.622 0.591 0.621 0.591
1 0.255 0.591 0.254 0.591 0.252 0.591 0.249 0.594 0.249 0.595 0.248 0.596 0.248 0.598 0.249 0.598 0.249 0.6 0.252 0.602 0.254 0.602 0.255 0.603 0.257 0.603 0.258 0.602 0.26 0.602 0.264 0.6 0.264 0.598 0.265 0.598 0.265 0.596 0.264 0.595 0.264 0.594 0.26 0.591 0.258 0.591 0.257 0.591
1 0.678 0.59 0.677 0.591 0.676 0.591 0.673 0.593 0.673 0.594 0.672 0.595 0.672 0.597 0.673 0.598 0.673 0.598 0.675 0.6 0.677 0.6 0.678 0.601 0.68 0.601 0.681 0.6 0.683 0.6 0.685 0.598 0.685 0.598 0.686 0.597 0.686 0.595 0.685 0.594 0.685 0.592 0.683 0.591 0.681 0.591 0.68 0.59
1 0.179 0.58 0.178 0.581 0.176 0.581 0.173 0.584 0.173 0.585 0.172 0.586 0.172 0.588 0.173 0.588 0.173 0.59 0.176 0.592 0.178 0.592 0.179 0.593 0.181 0.593 0.182 0.592 0.184 0.592 0.188 0.59 0.188 0.588 0.189 0.588 0.189 0.586 0.188 0.585 0.188 0.584 0.184 0.581 0.182 0.581 0.181 0.58
1 0.742 0.578 0.741 0.579 0.739 0.579 0.735 0.581 0.735 0.583 0.734 0.584 0.734 0.585 0.735 0.586 0.735 0.588 0.736 0.588 0.735 0.589 0.734 0.589 0.733 0.588 0.731 0.588 0.73 0.589 0.728 0.589 0.725 0.591 0.725 0.593 0.724 0.594 0.724 0.595 0.725 0.596 0.725 0.598 0.724 0.598 0.722 0.598 0.719 0.601 0.719 0.602 0.718 0.603 0.718 0.605 0.719 0.605 0.719 0.607 0.722 0.609 0.724 0.609 0.725 0.61 0.727 0.61 0.728 0.609 0.73 0.609 0.732 0.608 0.733 0.609 0.733 0.609 0.736 0.612 0.739 0.612 0.74 0.612 0.742 0.612 0.743 0.612 0.745 0.612 0.748 0.609 0.748 0.608 0.749 0.607 0.749 0.605 0.748 0.605 0.748 0.604 0.749 0.603 0.75 0.603 0.751 0.602 0.753 0.602 0.756 0.6 0.756 0.598 0.757 0.598 0.757 0.596 0.756 0.595 0.756 0.594 0.753 0.591 0.751 0.591 0.75 0.591 0.748 0.591 0.747 0.59 0.75 0.588 0.75 0.586 0.751 0.585 0.751 0.584 0.75 0.583 0.75 0.581 0.747 0.579 0.745 0.579 0.744 0.578
1 0.292 0.577 0.291 0.578 0.289 0.578 0.285 0.58 0.285 0.582 0.284 0.583 0.284 0.584 0.285 0.585 0.285 0.587 0.289 0.589 0.291 0.589 0.292 0.59 0.294 0.59 0.295 0.589 0.297 0.589 0.3 0.587 0.3 0.585 0.301 0.584 0.301 0.583 0.3 0.582 0.3 0.58 0.297 0.578 0.295 0.578 0.294 0.577
1 0.459 0.577 0.458 0.577 0.457 0.577 0.456 0.578 0.456 0.579 0.455 0.58 0.455 0.582 0.456 0.583 0.456 0.584 0.457 0.584 0.457 0.585 0.464 0.585 0.465 0.586 0.468 0.586 0.468 0.584 0.467 0.583 0.467 0.581 0.469 0.58 0.469 0.579 0.468 0.578 0.467 0.578 0.466 0.577 0.465 0.577 0.464 0.577
1 0.231 0.577 0.23 0.577 0.228 0.577 0.225 0.58 0.225 0.581 0.224 0.582 0.224 0.584 0.225 0.584 0.225 0.586 0.228 0.588 0.23 0.588 0.231 0.589 0.233 0.589 0.234 0.588 0.236 0.588 0.24 0.586 0.24 0.584 0.241 0.584 0.241 0.582 0.24 0.581 0.24 0.58 0.236 0.577 0.234 0.577 0.233 0.577
1 0.658 0.573 0.657 0.574 0.656 0.574 0.653 0.577 0.653 0.577 0.652 0.578 0.652 0.58 0.653 0.581 0.653 0.582 0.655 0.584 0.657 0.584 0.658 0.584 0.66 0.584 0.661 0.584 0.664 0.584 0.666 0.582 0.666 0.581 0.667 0.58 0.667 0.578 0.666 0.577 0.666 0.576 0.664 0.574 0.661 0.574 0.66 0.573
1 0.371 0.573 0.37 0.574 0.369 0.574 0.366 0.577 0.366 0.577 0.365 0.578 0.365 0.58 0.366 0.581 0.366 0.582 0.368 0.584 0.37 0.584 0.371 0.584 0.373 0.584 0.374 0.584 0.376 0.584 0.378 0.582 0.378 0.581 0.379 0.58 0.379 0.578 0.378 0.577 0.378 0.576 0.376 0.574 0.374 0.574 0.373 0.573
1 0.634 0.573 0.633 0.573 0.632 0.573 0.629 0.576 0.629 0.577 0.628 0.577 0.628 0.58 0.629 0.58 0.629 0.581 0.631 0.583 0.633 0.583 0.634 0.584 0.636 0.584 0.638 0.583 0.64 0.583 0.642 0.581 0.642 0.58 0.643 0.58 0.643 0.577 0.642 0.577 0.642 0.575 0.64 0.573 0.638 0.573 0.636 0.573
1 0.86 0.572 0.859 0.573 0.857 0.573 0.854 0.575 0.854 0.577 0.853 0.577 0.853 0.579 0.854 0.58 0.854 0.581 0.857 0.584 0.859 0.584 0.86 0.584 0.862 0.584 0.864 0.584 0.866 0.584 0.869 0.581 0.869 0.58 0.87 0.579 0.87 0.577 0.869 0.577 0.869 0.575 0.866 0.573 0.864 0.573 0.862 0.572
1 0.309 0.571 0.308 0.572 0.306 0.572 0.303 0.574 0.303 0.576 0.302 0.577 0.302 0.578 0.303 0.579 0.303 0.58 0.306 0.583 0.308 0.583 0.309 0.584 0.311 0.584 0.312 0.583 0.315 0.583 0.318 0.58 0.318 0.579 0.319 0.578 0.319 0.577 0.318 0.576 0.318 0.574 0.315 0.572 0.312 0.572 0.311 0.571
1 0.809 0.566 0.808 0.567 0.806 0.567 0.803 0.57 0.803 0.571 0.802 0.572 0.802 0.573 0.803 0.574 0.803 0.576 0.806 0.578 0.805 0.579 0.803 0.579 0.802 0.578 0.8 0.578 0.799 0.579 0.797 0.579 0.794 0.581 0.794 0.583 0.793 0.584 0.793 0.585 0.794 0.586 0.794 0.588 0.797 0.59 0.799 0.59 0.8 0.591 0.802 0.591 0.803 0.59 0.805 0.59 0.808 0.588 0.808 0.586 0.809 0.585 0.809 0.584 0.808 0.583 0.808 0.581 0.805 0.579 0.806 0.578 0.808 0.578 0.809 0.579 0.811 0.579 0.812 0.578 0.815 0.578 0.818 0.576 0.818 0.574 0.819 0.573 0.819 0.572 0.818 0.571 0.818 0.57 0.815 0.567 0.812 0.567 0.811 0.566
1 0.395 0.566 0.394 0.567 0.393 0.567 0.39 0.57 0.39 0.57 0.389 0.571 0.389 0.573 0.39 0.574 0.39 0.575 0.392 0.577 0.394 0.577 0.395 0.577 0.397 0.577 0.398 0.577 0.4 0.577 0.402 0.575 0.402 0.574 0.403 0.573 0.403 0.571 0.402 0.57 0.402 0.569 0.4 0.567 0.398 0.567 0.397 0.566
1 0.842 0.563 0.841 0.564 0.839 0.564 0.835 0.566 0.835 0.568 0.834 0.569 0.834 0.57 0.835 0.571 0.835 0.573 0.839 0.575 0.841 0.575 0.842 0.576 0.844 0.576 0.845 0.575 0.847 0.575 0.85 0.573 0.85 0.571 0.851 0.57 0.851 0.569 0.85 0.568 0.85 0.566 0.847 0.564 0.845 0.564 0.844 0.563
1 0.566 0.562 0.565 0.563 0.564 0.563 0.56 0.566 0.56 0.566 0.559 0.567 0.559 0.57 0.56 0.57 0.56 0.571 0.562 0.573 0.565 0.573 0.566 0.573 0.568 0.573 0.569 0.573 0.571 0.573 0.573 0.571 0.573 0.57 0.574 0.57 0.574 0.567 0.573 0.566 0.573 0.565 0.571 0.563 0.569 0.563 0.568 0.562
1 0.424 0.562 0.423 0.562 0.422 0.562 0.419 0.565 0.419 0.566 0.418 0.566 0.418 0.568 0.417 0.569 0.416 0.569 0.415 0.568 0.412 0.568 0.411 0.569 0.41 0.569 0.407 0.571 0.407 0.572 0.406 0.573 0.406 0.575 0.407 0.576 0.407 0.577 0.409 0.578 0.411 0.578 0.412 0.579 0.415 0.579 0.416 0.578 0.417 0.578 0.418 0.579 0.417 0.58 0.417 0.58 0.416 0.581 0.416 0.584 0.417 0.584 0.417 0.585 0.419 0.587 0.421 0.587 0.422 0.588 0.424 0.588 0.425 0.587 0.427 0.587 0.429 0.585 0.429 0.584 0.43 0.584 0.43 0.581 0.429 0.58 0.429 0.579 0.427 0.577 0.425 0.577 0.424 0.577 0.422 0.577 0.421 0.577 0.42 0.577 0.42 0.576 0.421 0.575 0.421 0.573 0.422 0.572 0.423 0.572 0.424 0.573 0.426 0.573 0.427 0.572 0.429 0.572 0.431 0.57 0.431 0.57 0.432 0.569 0.432 0.566 0.431 0.566 0.431 0.564 0.429 0.562 0.427 0.562 0.426 0.562
1 0.223 0.562 0.222 0.562 0.22 0.562 0.217 0.565 0.217 0.566 0.216 0.567 0.216 0.569 0.217 0.57 0.217 0.571 0.22 0.573 0.222 0.573 0.223 0.574 0.225 0.574 0.226 0.573 0.228 0.573 0.231 0.571 0.231 0.57 0.232 0.569 0.232 0.567 0.231 0.566 0.231 0.565 0.228 0.562 0.226 0.562 0.225 0.562
1 0.738 0.561 0.736 0.562 0.734 0.562 0.731 0.564 0.731 0.566 0.73 0.566 0.73 0.568 0.731 0.569 0.731 0.57 0.734 0.573 0.736 0.573 0.738 0.573 0.74 0.573 0.741 0.573 0.743 0.573 0.746 0.57 0.746 0.569 0.747 0.568 0.747 0.566 0.746 0.566 0.746 0.564 0.743 0.562 0.741 0.562 0.74 0.561
1 0.651 0.558 0.65 0.559 0.649 0.559 0.646 0.561 0.646 0.562 0.645 0.562 0.645 0.565 0.646 0.566 0.646 0.566 0.648 0.568 0.65 0.568 0.651 0.569 0.653 0.569 0.654 0.568 0.656 0.568 0.658 0.566 0.658 0.566 0.659 0.565 0.659 0.562 0.658 0.562 0.658 0.56 0.656 0.559 0.654 0.559 0.653 0.558
1 0.257 0.557 0.256 0.558 0.254 0.558 0.251 0.56 0.251 0.562 0.25 0.562 0.25 0.564 0.251 0.565 0.251 0.566 0.254 0.569 0.256 0.569 0.257 0.57 0.259 0.57 0.26 0.569 0.262 0.569 0.266 0.566 0.266 0.565 0.267 0.564 0.267 0.562 0.266 0.562 0.266 0.56 0.262 0.558 0.26 0.558 0.259 0.557
1 0.761 0.555 0.76 0.556 0.758 0.556 0.755 0.559 0.755 0.56 0.754 0.561 0.754 0.562 0.755 0.563 0.755 0.565 0.756 0.566 0.755 0.566 0.754 0.566 0.753 0.567 0.751 0.567 0.748 0.57 0.748 0.571 0.747 0.572 0.747 0.573 0.748 0.574 0.748 0.576 0.751 0.578 0.753 0.578 0.754 0.579 0.756 0.579 0.757 0.578 0.759 0.578 0.762 0.576 0.762 0.574 0.764 0.573 0.764 0.572 0.762 0.571 0.762 0.57 0.761 0.569 0.762 0.568 0.764 0.568 0.765 0.567 0.767 0.567 0.768 0.566 0.769 0.566 0.772 0.569 0.774 0.569 0.775 0.57 0.777 0.57 0.778 0.569 0.78 0.569 0.783 0.566 0.783 0.565 0.784 0.564 0.784 0.562 0.783 0.562 0.783 0.56 0.78 0.558 0.778 0.558 0.777 0.557 0.775 0.557 0.774 0.558 0.772 0.558 0.771 0.559 0.77 0.559 0.767 0.556 0.765 0.556 0.764 0.555
1 0.632 0.555 0.631 0.555 0.63 0.555 0.627 0.558 0.627 0.559 0.626 0.559 0.626 0.562 0.627 0.562 0.627 0.563 0.629 0.565 0.631 0.565 0.632 0.566 0.634 0.566 0.635 0.565 0.638 0.565 0.64 0.563 0.64 0.562 0.641 0.562 0.641 0.559 0.64 0.559 0.64 0.557 0.638 0.555 0.635 0.555 0.634 0.555
1 0.688 0.554 0.686 0.555 0.685 0.555 0.682 0.557 0.682 0.558 0.681 0.559 0.681 0.561 0.682 0.562 0.682 0.562 0.684 0.564 0.686 0.564 0.688 0.565 0.69 0.565 0.691 0.564 0.693 0.564 0.695 0.562 0.695 0.562 0.696 0.561 0.696 0.559 0.695 0.558 0.695 0.556 0.693 0.555 0.691 0.555 0.69 0.554
1 0.34 0.552 0.339 0.552 0.338 0.552 0.334 0.555 0.334 0.555 0.333 0.556 0.333 0.559 0.334 0.559 0.33 0.562 0.33 0.563 0.329 0.564 0.329 0.566 0.33 0.567 0.33 0.568 0.332 0.57 0.334 0.57 0.335 0.57 0.338 0.57 0.339 0.57 0.341 0.57 0.342 0.569 0.343 0.57 0.343 0.57 0.344 0.571 0.344 0.572 0.346 0.573 0.348 0.573 0.349 0.574 0.348 0.575 0.342 0.575 0.34 0.577 0.34 0.579 0.341 0.58 0.341 0.582 0.342 0.582 0.343 0.583 0.349 0.583 0.35 0.582 0.351 0.582 0.354 0.58 0.354 0.579 0.355 0.578 0.354 0.577 0.354 0.576 0.353 0.576 0.351 0.574 0.352 0.573 0.354 0.573 0.356 0.572 0.356 0.571 0.357 0.57 0.357 0.568 0.356 0.567 0.356 0.566 0.354 0.564 0.352 0.564 0.351 0.563 0.349 0.563 0.348 0.564 0.347 0.564 0.345 0.566 0.344 0.565 0.344 0.564 0.343 0.563 0.343 0.562 0.344 0.562 0.345 0.562 0.347 0.56 0.347 0.559 0.348 0.559 0.348 0.556 0.347 0.555 0.347 0.554 0.345 0.552 0.343 0.552 0.342 0.552
1 0.28 0.549 0.279 0.55 0.277 0.55 0.274 0.552 0.274 0.554 0.273 0.555 0.273 0.556 0.274 0.557 0.274 0.559 0.277 0.561 0.279 0.561 0.28 0.562 0.282 0.562 0.283 0.561 0.285 0.561 0.289 0.559 0.289 0.557 0.29 0.556 0.29 0.555 0.289 0.554 0.289 0.552 0.285 0.55 0.283 0.55 0.282 0.549
1 0.705 0.548 0.704 0.548 0.703 0.548 0.7 0.551 0.7 0.552 0.699 0.552 0.699 0.555 0.7 0.555 0.7 0.556 0.702 0.558 0.704 0.558 0.705 0.559 0.707 0.559 0.708 0.558 0.71 0.558 0.712 0.556 0.712 0.555 0.714 0.555 0.714 0.552 0.712 0.552 0.712 0.55 0.71 0.548 0.708 0.548 0.707 0.548
1 0.378 0.547 0.377 0.548 0.376 0.548 0.373 0.55 0.373 0.551 0.372 0.552 0.372 0.554 0.373 0.555 0.373 0.555 0.375 0.557 0.377 0.557 0.378 0.558 0.378 0.559 0.377 0.559 0.377 0.562 0.378 0.562 0.378 0.563 0.38 0.565 0.382 0.565 0.383 0.566 0.385 0.566 0.386 0.565 0.389 0.565 0.391 0.563 0.391 0.562 0.392 0.562 0.392 0.559 0.391 0.559 0.391 0.558 0.392 0.557 0.394 0.559 0.396 0.559 0.397 0.559 0.399 0.559 0.4 0.559 0.402 0.559 0.404 0.557 0.404 0.556 0.405 0.555 0.405 0.553 0.404 0.552 0.404 0.551 0.402 0.549 0.4 0.549 0.399 0.548 0.397 0.548 0.396 0.549 0.395 0.549 0.392 0.552 0.392 0.552 0.391 0.553 0.391 0.555 0.39 0.556 0.389 0.555 0.386 0.555 0.385 0.555 0.386 0.554 0.386 0.552 0.385 0.551 0.385 0.549 0.383 0.548 0.381 0.548 0.38 0.547
1 0.606 0.545 0.605 0.546 0.604 0.546 0.601 0.548 0.601 0.549 0.6 0.55 0.6 0.552 0.601 0.553 0.601 0.554 0.603 0.555 0.605 0.555 0.606 0.556 0.608 0.556 0.609 0.555 0.611 0.555 0.614 0.554 0.614 0.553 0.615 0.552 0.615 0.55 0.614 0.549 0.614 0.548 0.611 0.546 0.609 0.546 0.608 0.545
1 0.722 0.544 0.721 0.545 0.72 0.545 0.717 0.547 0.717 0.548 0.716 0.548 0.716 0.551 0.717 0.552 0.717 0.552 0.719 0.554 0.721 0.554 0.722 0.555 0.724 0.555 0.725 0.554 0.727 0.554 0.729 0.552 0.729 0.552 0.73 0.551 0.73 0.548 0.729 0.548 0.729 0.546 0.727 0.545 0.725 0.545 0.724 0.544
1 0.689 0.541 0.688 0.541 0.686 0.541 0.683 0.544 0.683 0.545 0.682 0.545 0.682 0.548 0.683 0.548 0.683 0.549 0.685 0.551 0.688 0.551 0.689 0.552 0.691 0.552 0.692 0.551 0.694 0.551 0.696 0.549 0.696 0.548 0.697 0.548 0.697 0.545 0.696 0.545 0.696 0.543 0.694 0.541 0.692 0.541 0.691 0.541
1 0.753 0.535 0.752 0.536 0.751 0.536 0.748 0.538 0.748 0.539 0.747 0.54 0.747 0.542 0.748 0.543 0.748 0.544 0.75 0.545 0.752 0.545 0.753 0.546 0.755 0.546 0.756 0.545 0.758 0.545 0.76 0.544 0.76 0.543 0.761 0.542 0.761 0.54 0.76 0.539 0.76 0.538 0.758 0.536 0.756 0.536 0.755 0.535
1 0.772 0.53 0.771 0.53 0.77 0.53 0.767 0.533 0.767 0.534 0.766 0.534 0.766 0.537 0.767 0.538 0.767 0.538 0.769 0.54 0.769 0.541 0.766 0.543 0.766 0.544 0.765 0.545 0.765 0.547 0.766 0.548 0.766 0.548 0.768 0.55 0.77 0.55 0.771 0.551 0.773 0.551 0.774 0.55 0.776 0.55 0.778 0.548 0.778 0.548 0.779 0.547 0.779 0.545 0.778 0.544 0.778 0.542 0.776 0.541 0.779 0.538 0.779 0.538 0.78 0.537 0.781 0.538 0.781 0.54 0.782 0.541 0.782 0.541 0.785 0.544 0.782 0.546 0.782 0.547 0.781 0.548 0.781 0.55 0.782 0.551 0.782 0.552 0.784 0.553 0.786 0.553 0.788 0.554 0.79 0.554 0.791 0.553 0.793 0.553 0.795 0.552 0.795 0.551 0.796 0.55 0.796 0.548 0.795 0.547 0.795 0.545 0.793 0.544 0.793 0.543 0.795 0.541 0.795 0.541 0.796 0.54 0.796 0.538 0.795 0.537 0.795 0.535 0.793 0.534 0.791 0.534 0.79 0.533 0.788 0.533 0.786 0.534 0.785 0.534 0.782 0.536 0.782 0.537 0.781 0.538 0.78 0.537 0.78 0.534 0.779 0.534 0.779 0.532 0.777 0.53 0.775 0.53 0.774 0.53
1 0.242 0.528 0.241 0.529 0.239 0.529 0.235 0.531 0.235 0.533 0.234 0.534 0.234 0.535 0.235 0.536 0.235 0.538 0.239 0.54 0.241 0.54 0.242 0.541 0.244 0.541 0.245 0.54 0.247 0.54 0.25 0.538 0.25 0.536 0.251 0.535 0.251 0.534 0.25 0.533 0.25 0.531 0.247 0.529 0.245 0.529 0.244 0.528
1 0.157 0.527 0.156 0.528 0.154 0.528 0.151 0.53 0.151 0.532 0.15 0.533 0.15 0.534 0.151 0.535 0.151 0.537 0.154 0.539 0.156 0.539 0.157 0.54 0.159 0.54 0.16 0.539 0.162 0.539 0.166 0.537 0.166 0.535 0.167 0.534 0.167 0.533 0.166 0.532 0.166 0.53 0.162 0.528 0.16 0.528 0.159 0.527
1 0.71 0.523 0.709 0.524 0.708 0.524 0.705 0.527 0.705 0.527 0.704 0.528 0.701 0.526 0.699 0.526 0.698 0.525 0.696 0.525 0.695 0.526 0.694 0.526 0.691 0.528 0.691 0.529 0.69 0.53 0.69 0.532 0.691 0.533 0.691 0.534 0.693 0.535 0.695 0.535 0.696 0.536 0.698 0.536 0.699 0.535 0.701 0.535 0.703 0.534 0.703 0.533 0.704 0.532 0.705 0.532 0.707 0.534 0.709 0.534 0.71 0.534 0.712 0.534 0.714 0.534 0.716 0.534 0.718 0.532 0.718 0.531 0.719 0.53 0.719 0.528 0.718 0.527 0.718 0.526 0.716 0.524 0.714 0.524 0.712 0.523
1 0.212 0.516 0.211 0.517 0.209 0.517 0.206 0.52 0.206 0.521 0.205 0.522 0.205 0.523 0.206 0.524 0.206 0.526 0.209 0.528 0.211 0.528 0.212 0.529 0.215 0.529 0.216 0.528 0.218 0.528 0.221 0.526 0.221 0.524 0.222 0.523 0.222 0.522 0.221 0.521 0.221 0.52 0.218 0.517 0.216 0.517 0.215 0.516
1 0.286 0.513 0.285 0.514 0.284 0.514 0.281 0.516 0.281 0.517 0.28 0.518 0.28 0.52 0.281 0.521 0.281 0.522 0.283 0.523 0.285 0.523 0.286 0.524 0.289 0.524 0.29 0.523 0.292 0.523 0.294 0.522 0.294 0.521 0.295 0.52 0.295 0.518 0.294 0.517 0.294 0.516 0.292 0.514 0.29 0.514 0.289 0.513
1 0.686 0.51 0.685 0.511 0.684 0.511 0.681 0.513 0.681 0.514 0.68 0.515 0.68 0.517 0.681 0.518 0.681 0.519 0.682 0.52 0.681 0.52 0.68 0.52 0.679 0.52 0.677 0.52 0.676 0.52 0.675 0.52 0.672 0.523 0.672 0.523 0.671 0.524 0.671 0.527 0.672 0.527 0.672 0.528 0.674 0.53 0.676 0.53 0.677 0.53 0.679 0.53 0.68 0.53 0.682 0.53 0.684 0.528 0.684 0.527 0.685 0.527 0.685 0.524 0.684 0.523 0.684 0.522 0.683 0.521 0.684 0.52 0.685 0.52 0.686 0.521 0.689 0.521 0.69 0.52 0.692 0.52 0.694 0.519 0.694 0.518 0.695 0.517 0.695 0.515 0.694 0.514 0.694 0.512 0.692 0.511 0.69 0.511 0.689 0.51
1 0.771 0.508 0.77 0.509 0.769 0.509 0.766 0.511 0.766 0.512 0.765 0.512 0.765 0.515 0.766 0.516 0.766 0.516 0.768 0.518 0.77 0.518 0.771 0.519 0.773 0.519 0.774 0.52 0.774 0.52 0.773 0.521 0.773 0.523 0.774 0.524 0.774 0.525 0.776 0.527 0.778 0.527 0.779 0.527 0.781 0.527 0.782 0.527 0.784 0.527 0.786 0.525 0.786 0.524 0.788 0.523 0.788 0.521 0.786 0.52 0.786 0.519 0.784 0.517 0.782 0.517 0.781 0.516 0.779 0.516 0.778 0.516 0.779 0.515 0.779 0.512 0.778 0.512 0.778 0.51 0.776 0.509 0.774 0.509 0.773 0.508
1 0.232 0.508 0.231 0.509 0.229 0.509 0.226 0.511 0.226 0.512 0.225 0.513 0.225 0.515 0.226 0.516 0.226 0.517 0.229 0.52 0.231 0.52 0.232 0.52 0.234 0.52 0.235 0.52 0.238 0.52 0.241 0.517 0.241 0.516 0.242 0.515 0.242 0.513 0.241 0.512 0.241 0.511 0.238 0.509 0.235 0.509 0.234 0.508
1 0.743 0.505 0.742 0.506 0.741 0.506 0.738 0.509 0.738 0.509 0.736 0.51 0.736 0.512 0.738 0.513 0.735 0.515 0.733 0.515 0.73 0.517 0.73 0.519 0.729 0.52 0.729 0.521 0.73 0.522 0.73 0.523 0.733 0.526 0.735 0.526 0.736 0.527 0.739 0.527 0.74 0.526 0.742 0.526 0.745 0.523 0.745 0.522 0.746 0.521 0.746 0.52 0.745 0.519 0.745 0.516 0.746 0.516 0.748 0.516 0.75 0.514 0.75 0.513 0.751 0.512 0.751 0.51 0.75 0.509 0.75 0.508 0.748 0.506 0.746 0.506 0.745 0.505
1 0.827 0.503 0.826 0.504 0.824 0.504 0.821 0.506 0.821 0.508 0.82 0.509 0.82 0.51 0.821 0.511 0.821 0.512 0.824 0.515 0.826 0.515 0.827 0.516 0.829 0.516 0.83 0.515 0.832 0.515 0.835 0.512 0.835 0.511 0.836 0.51 0.836 0.509 0.835 0.508 0.835 0.506 0.832 0.504 0.83 0.504 0.829 0.503
1 0.667 0.503 0.666 0.504 0.665 0.504 0.661 0.506 0.661 0.507 0.66 0.508 0.66 0.51 0.661 0.511 0.661 0.512 0.664 0.513 0.666 0.513 0.667 0.514 0.669 0.514 0.67 0.513 0.672 0.513 0.674 0.512 0.674 0.511 0.675 0.51 0.675 0.508 0.674 0.507 0.674 0.505 0.672 0.504 0.67 0.504 0.669 0.503
1 0.211 0.502 0.21 0.503 0.208 0.503 0.205 0.505 0.205 0.507 0.204 0.508 0.204 0.509 0.205 0.51 0.205 0.512 0.208 0.514 0.21 0.514 0.211 0.515 0.214 0.515 0.215 0.514 0.217 0.514 0.22 0.512 0.22 0.51 0.221 0.509 0.221 0.508 0.22 0.507 0.22 0.505 0.217 0.503 0.215 0.503 0.214 0.502
1 0.796 0.5 0.795 0.501 0.794 0.501 0.791 0.503 0.791 0.504 0.79 0.505 0.79 0.507 0.791 0.508 0.791 0.509 0.793 0.51 0.795 0.51 0.796 0.511 0.798 0.511 0.799 0.512 0.797 0.513 0.797 0.514 0.796 0.515 0.796 0.517 0.797 0.518 0.797 0.519 0.799 0.52 0.8 0.52 0.801 0.521 0.8 0.522 0.799 0.522 0.796 0.524 0.796 0.525 0.795 0.526 0.795 0.528 0.796 0.529 0.796 0.53 0.798 0.531 0.8 0.531 0.801 0.532 0.803 0.532 0.804 0.531 0.806 0.531 0.807 0.53 0.808 0.531 0.808 0.532 0.809 0.533 0.809 0.534 0.811 0.535 0.814 0.535 0.815 0.536 0.817 0.536 0.818 0.535 0.82 0.535 0.822 0.534 0.822 0.533 0.823 0.532 0.823 0.53 0.822 0.529 0.822 0.527 0.82 0.526 0.818 0.526 0.817 0.525 0.815 0.525 0.814 0.526 0.812 0.526 0.81 0.527 0.809 0.527 0.809 0.526 0.808 0.525 0.808 0.523 0.806 0.522 0.805 0.522 0.804 0.521 0.805 0.52 0.807 0.52 0.809 0.519 0.809 0.518 0.81 0.517 0.81 0.515 0.809 0.514 0.809 0.512 0.807 0.511 0.805 0.511 0.804 0.51 0.803 0.51 0.802 0.509 0.803 0.509 0.803 0.508 0.804 0.507 0.804 0.505 0.803 0.504 0.803 0.502 0.801 0.501 0.799 0.501 0.798 0.5
1 0.282 0.497 0.281 0.498 0.28 0.498 0.277 0.5 0.277 0.501 0.276 0.502 0.276 0.504 0.277 0.505 0.277 0.505 0.279 0.507 0.281 0.507 0.282 0.508 0.284 0.508 0.285 0.507 0.288 0.507 0.29 0.505 0.29 0.505 0.291 0.504 0.291 0.502 0.29 0.501 0.29 0.499 0.288 0.498 0.285 0.498 0.284 0.497
1 0.768 0.492 0.767 0.493 0.765 0.493 0.761 0.495 0.761 0.497 0.76 0.498 0.76 0.499 0.761 0.5 0.761 0.502 0.765 0.504 0.767 0.504 0.768 0.505 0.77 0.505 0.771 0.504 0.773 0.504 0.776 0.502 0.776 0.5 0.777 0.499 0.777 0.498 0.776 0.497 0.776 0.495 0.773 0.493 0.771 0.493 0.77 0.492
1 0.71 0.491 0.709 0.491 0.708 0.491 0.705 0.494 0.705 0.495 0.704 0.495 0.704 0.498 0.705 0.498 0.705 0.499 0.707 0.501 0.709 0.501 0.71 0.502 0.71 0.502 0.709 0.503 0.708 0.503 0.705 0.505 0.705 0.506 0.704 0.507 0.704 0.509 0.705 0.51 0.705 0.511 0.707 0.512 0.709 0.512 0.71 0.513 0.712 0.513 0.714 0.512 0.716 0.512 0.718 0.511 0.718 0.51 0.719 0.509 0.719 0.508 0.72 0.507 0.722 0.507 0.723 0.508 0.725 0.508 0.726 0.507 0.728 0.507 0.73 0.505 0.73 0.505 0.731 0.504 0.731 0.502 0.73 0.501 0.73 0.499 0.728 0.498 0.726 0.498 0.725 0.497 0.723 0.497 0.722 0.498 0.721 0.498 0.72 0.498 0.719 0.498 0.719 0.495 0.718 0.495 0.718 0.493 0.716 0.491 0.714 0.491 0.712 0.491
1 0.859 0.489 0.858 0.49 0.856 0.49 0.853 0.492 0.853 0.494 0.852 0.495 0.852 0.496 0.853 0.497 0.853 0.498 0.856 0.501 0.858 0.501 0.859 0.502 0.861 0.502 0.862 0.501 0.865 0.501 0.868 0.498 0.868 0.497 0.869 0.496 0.869 0.495 0.868 0.494 0.868 0.492 0.865 0.49 0.862 0.49 0.861 0.489
1 0.744 0.487 0.743 0.488 0.742 0.488 0.739 0.49 0.739 0.491 0.738 0.491 0.738 0.494 0.739 0.495 0.739 0.495 0.741 0.497 0.743 0.497 0.744 0.498 0.746 0.498 0.747 0.497 0.749 0.497 0.751 0.495 0.751 0.495 0.752 0.494 0.752 0.491 0.751 0.491 0.751 0.489 0.749 0.488 0.747 0.488 0.746 0.487
1 0.756 0.474 0.755 0.475 0.754 0.475 0.751 0.477 0.751 0.478 0.75 0.479 0.75 0.481 0.751 0.482 0.751 0.483 0.753 0.484 0.755 0.484 0.756 0.485 0.758 0.485 0.759 0.484 0.761 0.484 0.764 0.483 0.764 0.482 0.765 0.481 0.765 0.479 0.764 0.478 0.764 0.477 0.761 0.475 0.759 0.475 0.758 0.474
1 0.72 0.474 0.719 0.475 0.718 0.475 0.715 0.477 0.715 0.478 0.714 0.479 0.714 0.481 0.715 0.482 0.715 0.483 0.717 0.484 0.719 0.484 0.72 0.485 0.722 0.485 0.723 0.484 0.725 0.484 0.727 0.483 0.727 0.482 0.728 0.481 0.728 0.479 0.727 0.478 0.727 0.477 0.725 0.475 0.723 0.475 0.722 0.474
1 0.801 0.47 0.8 0.47 0.798 0.47 0.795 0.473 0.795 0.474 0.794 0.475 0.794 0.477 0.795 0.477 0.795 0.479 0.798 0.481 0.8 0.481 0.801 0.482 0.802 0.482 0.803 0.483 0.802 0.484 0.8 0.484 0.797 0.486 0.797 0.488 0.796 0.488 0.796 0.489 0.795 0.49 0.794 0.489 0.792 0.489 0.79 0.488 0.79 0.487 0.791 0.486 0.791 0.484 0.79 0.483 0.79 0.481 0.788 0.48 0.785 0.48 0.784 0.479 0.782 0.479 0.781 0.48 0.78 0.48 0.777 0.482 0.777 0.483 0.776 0.484 0.776 0.486 0.777 0.487 0.777 0.488 0.779 0.489 0.781 0.489 0.782 0.49 0.783 0.49 0.784 0.491 0.783 0.491 0.783 0.492 0.782 0.493 0.782 0.495 0.783 0.496 0.783 0.497 0.785 0.498 0.788 0.498 0.789 0.499 0.791 0.499 0.792 0.498 0.794 0.498 0.796 0.497 0.796 0.496 0.797 0.495 0.797 0.494 0.798 0.493 0.8 0.495 0.802 0.495 0.803 0.495 0.805 0.495 0.806 0.495 0.808 0.495 0.811 0.492 0.811 0.491 0.812 0.49 0.812 0.488 0.811 0.488 0.811 0.486 0.808 0.484 0.806 0.484 0.805 0.483 0.804 0.483 0.803 0.482 0.804 0.481 0.806 0.481 0.809 0.479 0.809 0.478 0.81 0.477 0.811 0.478 0.811 0.48 0.815 0.482 0.817 0.482 0.818 0.483 0.82 0.483 0.821 0.482 0.823 0.482 0.826 0.48 0.826 0.478 0.827 0.477 0.827 0.476 0.826 0.475 0.826 0.473 0.823 0.471 0.821 0.471 0.82 0.47 0.818 0.47 0.817 0.471 0.815 0.471 0.811 0.473 0.811 0.474 0.81 0.475 0.809 0.474 0.809 0.473 0.806 0.47 0.804 0.47 0.803 0.47
1 0.217 0.46 0.216 0.461 0.214 0.461 0.212 0.462 0.211 0.462 0.208 0.464 0.208 0.465 0.207 0.466 0.207 0.466 0.206 0.467 0.206 0.472 0.207 0.473 0.207 0.473 0.208 0.474 0.208 0.475 0.211 0.477 0.212 0.477 0.214 0.478 0.216 0.478 0.217 0.479 0.223 0.479 0.224 0.478 0.225 0.478 0.226 0.477 0.228 0.477 0.231 0.475 0.231 0.474 0.232 0.473 0.232 0.473 0.233 0.472 0.233 0.467 0.232 0.466 0.232 0.466 0.231 0.465 0.231 0.464 0.228 0.462 0.226 0.462 0.225 0.461 0.224 0.461 0.223 0.46
1 0.776 0.453 0.775 0.454 0.774 0.454 0.771 0.456 0.771 0.457 0.77 0.458 0.77 0.46 0.771 0.461 0.771 0.462 0.773 0.463 0.774 0.463 0.775 0.464 0.773 0.466 0.773 0.466 0.772 0.467 0.772 0.47 0.773 0.47 0.773 0.471 0.775 0.473 0.777 0.473 0.778 0.473 0.78 0.473 0.781 0.473 0.783 0.473 0.785 0.471 0.785 0.47 0.786 0.47 0.786 0.467 0.785 0.466 0.785 0.465 0.782 0.462 0.783 0.462 0.783 0.461 0.784 0.46 0.784 0.458 0.783 0.457 0.783 0.455 0.781 0.454 0.779 0.454 0.778 0.453
1 0.312 0.453 0.311 0.454 0.31 0.454 0.307 0.456 0.307 0.457 0.306 0.458 0.306 0.46 0.307 0.461 0.307 0.462 0.309 0.463 0.311 0.463 0.312 0.464 0.315 0.464 0.316 0.463 0.318 0.463 0.32 0.462 0.32 0.461 0.321 0.46 0.321 0.458 0.32 0.457 0.32 0.455 0.318 0.454 0.316 0.454 0.315 0.453
1 0.756 0.447 0.755 0.448 0.754 0.448 0.751 0.45 0.751 0.451 0.75 0.452 0.75 0.454 0.751 0.455 0.751 0.455 0.753 0.457 0.755 0.457 0.756 0.458 0.755 0.459 0.754 0.459 0.753 0.459 0.752 0.459 0.749 0.462 0.749 0.462 0.748 0.463 0.748 0.466 0.749 0.466 0.749 0.467 0.751 0.469 0.753 0.469 0.754 0.47 0.756 0.47 0.757 0.469 0.759 0.469 0.761 0.467 0.761 0.466 0.762 0.466 0.762 0.463 0.761 0.462 0.761 0.461 0.759 0.459 0.757 0.459 0.756 0.459 0.757 0.458 0.758 0.458 0.759 0.457 0.761 0.457 0.764 0.455 0.764 0.455 0.765 0.454 0.765 0.452 0.764 0.451 0.764 0.449 0.761 0.448 0.759 0.448 0.758 0.447
1 0.186 0.444 0.185 0.445 0.183 0.445 0.18 0.447 0.18 0.448 0.179 0.449 0.179 0.451 0.18 0.452 0.18 0.453 0.183 0.455 0.185 0.455 0.186 0.456 0.189 0.456 0.19 0.455 0.192 0.455 0.195 0.453 0.195 0.452 0.196 0.451 0.196 0.449 0.195 0.448 0.195 0.447 0.192 0.445 0.19 0.445 0.189 0.444
1 0.802 0.443 0.801 0.444 0.8 0.444 0.797 0.446 0.797 0.447 0.796 0.448 0.796 0.45 0.797 0.451 0.797 0.452 0.799 0.453 0.801 0.453 0.803 0.455 0.801 0.456 0.801 0.457 0.8 0.458 0.8 0.46 0.801 0.461 0.801 0.462 0.803 0.463 0.805 0.463 0.806 0.464 0.808 0.464 0.809 0.463 0.811 0.463 0.814 0.462 0.814 0.461 0.815 0.46 0.815 0.458 0.814 0.457 0.814 0.455 0.811 0.454 0.809 0.454 0.808 0.453 0.808 0.452 0.809 0.452 0.809 0.451 0.81 0.45 0.81 0.448 0.809 0.447 0.809 0.445 0.807 0.444 0.805 0.444 0.804 0.443
1 0.71 0.441 0.709 0.442 0.708 0.442 0.705 0.445 0.705 0.445 0.704 0.446 0.704 0.448 0.705 0.449 0.705 0.45 0.707 0.452 0.709 0.452 0.71 0.452 0.712 0.452 0.714 0.452 0.716 0.452 0.718 0.45 0.718 0.449 0.719 0.448 0.719 0.446 0.718 0.445 0.718 0.444 0.716 0.442 0.714 0.442 0.712 0.441
1 0.786 0.436 0.785 0.437 0.784 0.437 0.781 0.439 0.781 0.44 0.78 0.441 0.78 0.443 0.781 0.444 0.781 0.445 0.783 0.446 0.785 0.446 0.786 0.447 0.789 0.447 0.79 0.446 0.792 0.446 0.794 0.445 0.794 0.444 0.795 0.443 0.795 0.441 0.794 0.44 0.794 0.438 0.792 0.437 0.79 0.437 0.789 0.436
1 0.651 0.435 0.65 0.436 0.649 0.436 0.646 0.438 0.646 0.439 0.645 0.44 0.645 0.442 0.646 0.443 0.646 0.444 0.648 0.445 0.65 0.445 0.651 0.446 0.653 0.446 0.654 0.445 0.656 0.445 0.658 0.444 0.658 0.443 0.659 0.442 0.659 0.44 0.658 0.439 0.658 0.438 0.656 0.436 0.654 0.436 0.653 0.435
1 0.757 0.434 0.756 0.435 0.755 0.435 0.752 0.438 0.752 0.438 0.751 0.439 0.751 0.441 0.752 0.442 0.752 0.443 0.754 0.445 0.756 0.445 0.757 0.445 0.759 0.445 0.76 0.445 0.762 0.445 0.765 0.443 0.765 0.442 0.766 0.441 0.766 0.439 0.765 0.438 0.765 0.437 0.762 0.435 0.76 0.435 0.759 0.434
1 0.697 0.429 0.696 0.43 0.695 0.43 0.692 0.432 0.692 0.433 0.691 0.434 0.691 0.436 0.692 0.437 0.692 0.438 0.694 0.439 0.696 0.439 0.697 0.44 0.699 0.44 0.7 0.439 0.702 0.439 0.704 0.438 0.704 0.437 0.705 0.436 0.705 0.434 0.704 0.433 0.704 0.431 0.702 0.43 0.7 0.43 0.699 0.429
1 0.283 0.423 0.282 0.424 0.28 0.424 0.277 0.427 0.277 0.428 0.276 0.429 0.276 0.43 0.277 0.431 0.277 0.433 0.28 0.435 0.282 0.435 0.283 0.436 0.285 0.436 0.286 0.435 0.289 0.435 0.292 0.433 0.292 0.431 0.293 0.43 0.293 0.429 0.292 0.428 0.292 0.427 0.289 0.424 0.286 0.424 0.285 0.423
1 0.728 0.421 0.727 0.422 0.726 0.422 0.723 0.424 0.723 0.425 0.722 0.426 0.722 0.428 0.723 0.429 0.723 0.43 0.725 0.431 0.725 0.432 0.724 0.433 0.724 0.435 0.725 0.436 0.725 0.437 0.727 0.438 0.729 0.438 0.731 0.44 0.729 0.441 0.729 0.442 0.728 0.443 0.728 0.445 0.729 0.446 0.729 0.447 0.731 0.448 0.733 0.448 0.734 0.449 0.736 0.449 0.738 0.448 0.74 0.448 0.742 0.447 0.742 0.446 0.743 0.445 0.743 0.443 0.742 0.442 0.742 0.441 0.74 0.439 0.738 0.439 0.736 0.438 0.736 0.438 0.738 0.437 0.738 0.436 0.739 0.435 0.739 0.433 0.738 0.432 0.738 0.43 0.735 0.429 0.736 0.428 0.736 0.426 0.735 0.425 0.735 0.423 0.733 0.422 0.731 0.422 0.73 0.421
1 0.811 0.418 0.81 0.419 0.808 0.419 0.805 0.421 0.805 0.423 0.804 0.423 0.804 0.425 0.805 0.426 0.805 0.427 0.808 0.43 0.81 0.43 0.811 0.43 0.814 0.43 0.815 0.43 0.817 0.43 0.82 0.427 0.82 0.426 0.821 0.425 0.821 0.423 0.82 0.423 0.82 0.421 0.817 0.419 0.815 0.419 0.814 0.418
1 0.758 0.417 0.757 0.418 0.756 0.418 0.753 0.42 0.753 0.421 0.752 0.422 0.752 0.424 0.753 0.425 0.753 0.426 0.755 0.427 0.757 0.427 0.758 0.428 0.76 0.428 0.761 0.427 0.764 0.427 0.766 0.426 0.766 0.425 0.767 0.424 0.767 0.422 0.766 0.421 0.766 0.42 0.764 0.418 0.761 0.418 0.76 0.417
1 0.723 0.407 0.722 0.408 0.721 0.408 0.718 0.41 0.718 0.411 0.717 0.412 0.717 0.414 0.718 0.415 0.718 0.416 0.72 0.417 0.722 0.417 0.723 0.418 0.725 0.418 0.726 0.417 0.728 0.417 0.73 0.416 0.73 0.415 0.731 0.414 0.731 0.412 0.73 0.411 0.73 0.409 0.728 0.408 0.726 0.408 0.725 0.407
1 0.714 0.395 0.712 0.396 0.711 0.396 0.708 0.398 0.708 0.399 0.707 0.4 0.707 0.402 0.708 0.403 0.708 0.404 0.71 0.405 0.712 0.405 0.714 0.406 0.716 0.406 0.717 0.405 0.719 0.405 0.721 0.404 0.721 0.403 0.722 0.402 0.722 0.4 0.721 0.399 0.721 0.398 0.719 0.396 0.717 0.396 0.716 0.395
1 0.649 0.395 0.648 0.395 0.647 0.395 0.644 0.398 0.644 0.398 0.643 0.399 0.643 0.402 0.644 0.402 0.644 0.403 0.646 0.405 0.648 0.405 0.649 0.405 0.651 0.405 0.652 0.405 0.654 0.405 0.656 0.403 0.656 0.402 0.657 0.402 0.657 0.399 0.656 0.398 0.656 0.397 0.654 0.395 0.652 0.395 0.651 0.395
1 0.305 0.393 0.304 0.394 0.302 0.394 0.299 0.396 0.299 0.398 0.298 0.398 0.298 0.4 0.299 0.401 0.299 0.402 0.302 0.405 0.304 0.405 0.305 0.405 0.307 0.405 0.308 0.405 0.31 0.405 0.314 0.402 0.314 0.401 0.315 0.4 0.315 0.398 0.314 0.398 0.314 0.396 0.31 0.394 0.308 0.394 0.307 0.393
1 0.335 0.392 0.334 0.393 0.332 0.393 0.329 0.395 0.329 0.397 0.328 0.398 0.328 0.399 0.329 0.4 0.329 0.402 0.332 0.404 0.334 0.404 0.335 0.405 0.338 0.405 0.339 0.404 0.341 0.404 0.344 0.402 0.344 0.4 0.345 0.399 0.345 0.398 0.344 0.397 0.344 0.395 0.341 0.393 0.339 0.393 0.338 0.392
1 0.757 0.384 0.756 0.385 0.754 0.385 0.751 0.388 0.751 0.389 0.75 0.39 0.75 0.391 0.751 0.392 0.751 0.394 0.754 0.396 0.756 0.396 0.757 0.397 0.759 0.397 0.76 0.396 0.762 0.396 0.766 0.394 0.766 0.392 0.767 0.391 0.767 0.39 0.766 0.389 0.766 0.388 0.762 0.385 0.76 0.385 0.759 0.384
1 0.702 0.383 0.701 0.384 0.7 0.384 0.697 0.386 0.697 0.387 0.696 0.388 0.696 0.39 0.697 0.391 0.697 0.391 0.699 0.393 0.701 0.393 0.702 0.394 0.704 0.394 0.705 0.393 0.707 0.393 0.709 0.391 0.709 0.391 0.71 0.39 0.71 0.388 0.709 0.387 0.709 0.385 0.707 0.384 0.705 0.384 0.704 0.383
1 0.272 0.377 0.271 0.377 0.269 0.377 0.266 0.38 0.266 0.381 0.265 0.382 0.265 0.384 0.266 0.384 0.266 0.386 0.269 0.388 0.271 0.388 0.272 0.389 0.274 0.389 0.275 0.388 0.277 0.388 0.28 0.386 0.28 0.384 0.281 0.384 0.281 0.382 0.28 0.381 0.28 0.38 0.277 0.377 0.275 0.377 0.274 0.377
1 0.427 0.373 0.426 0.374 0.425 0.374 0.422 0.377 0.422 0.377 0.421 0.378 0.421 0.381 0.422 0.382 0.422 0.383 0.425 0.385 0.426 0.385 0.427 0.386 0.429 0.386 0.43 0.385 0.432 0.385 0.432 0.384 0.434 0.383 0.434 0.382 0.435 0.381 0.435 0.378 0.434 0.377 0.434 0.377 0.432 0.375 0.432 0.374 0.43 0.374 0.429 0.373
1 0.357 0.37 0.356 0.371 0.354 0.371 0.35 0.374 0.35 0.376 0.349 0.377 0.349 0.379 0.35 0.38 0.35 0.381 0.353 0.384 0.356 0.384 0.357 0.384 0.359 0.384 0.36 0.384 0.364 0.384 0.367 0.381 0.367 0.38 0.368 0.379 0.368 0.377 0.367 0.376 0.367 0.373 0.364 0.371 0.36 0.371 0.359 0.37
1 0.609 0.362 0.608 0.363 0.606 0.363 0.603 0.366 0.603 0.367 0.602 0.368 0.602 0.37 0.603 0.37 0.603 0.372 0.606 0.374 0.608 0.374 0.609 0.375 0.611 0.375 0.612 0.374 0.615 0.374 0.618 0.372 0.618 0.37 0.619 0.37 0.619 0.368 0.618 0.367 0.618 0.366 0.615 0.363 0.612 0.363 0.611 0.362
1 0.72 0.358 0.719 0.359 0.718 0.359 0.715 0.361 0.715 0.362 0.714 0.362 0.714 0.365 0.715 0.366 0.715 0.366 0.717 0.368 0.719 0.368 0.72 0.369 0.722 0.369 0.723 0.368 0.725 0.368 0.727 0.366 0.727 0.366 0.728 0.365 0.728 0.362 0.727 0.362 0.727 0.36 0.725 0.359 0.723 0.359 0.722 0.358
1 0.699 0.358 0.698 0.359 0.697 0.359 0.694 0.361 0.694 0.362 0.693 0.362 0.693 0.365 0.694 0.366 0.694 0.366 0.696 0.368 0.698 0.368 0.699 0.369 0.701 0.369 0.702 0.368 0.704 0.368 0.706 0.366 0.706 0.366 0.707 0.365 0.707 0.362 0.706 0.362 0.706 0.36 0.704 0.359 0.702 0.359 0.701 0.358
1 0.667 0.353 0.666 0.354 0.664 0.354 0.66 0.356 0.66 0.358 0.659 0.359 0.659 0.36 0.66 0.361 0.66 0.362 0.664 0.365 0.666 0.365 0.667 0.366 0.669 0.366 0.67 0.365 0.672 0.365 0.675 0.362 0.675 0.361 0.676 0.36 0.676 0.359 0.675 0.358 0.675 0.356 0.672 0.354 0.67 0.354 0.669 0.353
1 0.625 0.348 0.624 0.348 0.622 0.348 0.619 0.351 0.619 0.352 0.618 0.353 0.618 0.355 0.619 0.355 0.619 0.357 0.622 0.359 0.624 0.359 0.625 0.36 0.627 0.36 0.628 0.359 0.63 0.359 0.633 0.357 0.633 0.355 0.634 0.355 0.634 0.353 0.633 0.352 0.633 0.351 0.63 0.348 0.628 0.348 0.627 0.348
1 0.711 0.346 0.71 0.347 0.709 0.347 0.706 0.349 0.706 0.35 0.705 0.351 0.705 0.353 0.706 0.354 0.706 0.355 0.708 0.356 0.71 0.356 0.711 0.357 0.714 0.357 0.715 0.356 0.717 0.356 0.719 0.355 0.719 0.354 0.72 0.353 0.72 0.351 0.719 0.35 0.719 0.348 0.717 0.347 0.715 0.347 0.714 0.346
1 0.342 0.341 0.341 0.342 0.339 0.342 0.335 0.345 0.335 0.346 0.334 0.347 0.334 0.348 0.335 0.349 0.335 0.351 0.339 0.353 0.341 0.353 0.342 0.354 0.344 0.354 0.345 0.353 0.347 0.353 0.35 0.351 0.35 0.349 0.351 0.348 0.351 0.347 0.35 0.346 0.35 0.345 0.347 0.342 0.345 0.342 0.344 0.341
1 0.371 0.338 0.37 0.338 0.368 0.338 0.365 0.341 0.365 0.342 0.364 0.343 0.364 0.345 0.365 0.345 0.365 0.347 0.368 0.349 0.37 0.349 0.371 0.35 0.373 0.35 0.374 0.349 0.376 0.349 0.379 0.347 0.379 0.345 0.38 0.345 0.38 0.343 0.379 0.342 0.379 0.341 0.376 0.338 0.374 0.338 0.373 0.338
1 0.736 0.337 0.735 0.338 0.734 0.338 0.731 0.34 0.731 0.341 0.73 0.341 0.73 0.344 0.731 0.345 0.731 0.345 0.733 0.347 0.735 0.347 0.736 0.348 0.739 0.348 0.74 0.347 0.742 0.347 0.744 0.345 0.744 0.345 0.745 0.344 0.745 0.341 0.744 0.341 0.744 0.339 0.742 0.338 0.74 0.338 0.739 0.337
1 0.545 0.337 0.544 0.338 0.542 0.338 0.539 0.34 0.539 0.341 0.538 0.342 0.538 0.344 0.539 0.345 0.539 0.346 0.542 0.348 0.544 0.348 0.545 0.349 0.547 0.349 0.548 0.348 0.55 0.348 0.553 0.346 0.553 0.345 0.554 0.344 0.554 0.342 0.553 0.341 0.553 0.34 0.55 0.338 0.548 0.338 0.547 0.337
1 0.323 0.336 0.322 0.337 0.32 0.337 0.317 0.339 0.317 0.341 0.316 0.341 0.316 0.343 0.317 0.344 0.317 0.345 0.318 0.346 0.317 0.347 0.315 0.347 0.311 0.349 0.311 0.351 0.31 0.352 0.31 0.353 0.311 0.354 0.311 0.355 0.315 0.358 0.317 0.358 0.318 0.359 0.32 0.359 0.321 0.358 0.323 0.358 0.326 0.355 0.326 0.354 0.327 0.353 0.327 0.352 0.326 0.351 0.326 0.349 0.325 0.348 0.326 0.348 0.328 0.348 0.331 0.345 0.331 0.344 0.332 0.343 0.332 0.341 0.331 0.341 0.331 0.339 0.328 0.337 0.326 0.337 0.325 0.336
1 0.796 0.334 0.795 0.335 0.793 0.335 0.79 0.338 0.79 0.339 0.789 0.34 0.789 0.341 0.79 0.342 0.79 0.344 0.793 0.346 0.795 0.346 0.796 0.347 0.798 0.347 0.799 0.346 0.801 0.346 0.804 0.344 0.804 0.342 0.805 0.341 0.805 0.34 0.804 0.339 0.804 0.338 0.801 0.335 0.799 0.335 0.798 0.334
1 0.415 0.332 0.414 0.333 0.411 0.333 0.408 0.335 0.408 0.337 0.407 0.338 0.407 0.339 0.408 0.34 0.408 0.341 0.411 0.344 0.414 0.344 0.415 0.345 0.417 0.345 0.418 0.344 0.42 0.344 0.423 0.341 0.423 0.34 0.424 0.339 0.424 0.338 0.423 0.337 0.423 0.335 0.42 0.333 0.418 0.333 0.417 0.332
1 0.452 0.33 0.451 0.33 0.449 0.33 0.446 0.333 0.446 0.334 0.445 0.335 0.444 0.335 0.442 0.334 0.44 0.334 0.439 0.333 0.436 0.333 0.435 0.334 0.433 0.334 0.43 0.336 0.43 0.338 0.429 0.338 0.429 0.34 0.43 0.341 0.43 0.342 0.433 0.345 0.435 0.345 0.436 0.345 0.439 0.345 0.44 0.345 0.442 0.345 0.445 0.342 0.445 0.341 0.446 0.34 0.447 0.34 0.449 0.341 0.451 0.341 0.452 0.342 0.454 0.342 0.455 0.341 0.457 0.341 0.46 0.339 0.46 0.338 0.461 0.337 0.461 0.335 0.46 0.334 0.46 0.333 0.457 0.33 0.455 0.33 0.454 0.33
1 0.622 0.326 0.621 0.327 0.619 0.327 0.616 0.329 0.616 0.33 0.615 0.331 0.615 0.333 0.616 0.334 0.616 0.335 0.619 0.338 0.621 0.338 0.622 0.338 0.624 0.338 0.625 0.338 0.627 0.338 0.63 0.335 0.63 0.334 0.631 0.333 0.631 0.331 0.63 0.33 0.63 0.329 0.627 0.327 0.625 0.327 0.624 0.326
1 0.655 0.325 0.654 0.326 0.652 0.326 0.649 0.328 0.649 0.33 0.648 0.33 0.648 0.332 0.649 0.333 0.649 0.334 0.652 0.337 0.654 0.337 0.655 0.338 0.657 0.338 0.658 0.337 0.66 0.337 0.664 0.334 0.664 0.333 0.665 0.332 0.665 0.33 0.664 0.33 0.664 0.328 0.66 0.326 0.658 0.326 0.657 0.325
1 0.473 0.318 0.472 0.319 0.47 0.319 0.467 0.321 0.467 0.323 0.466 0.323 0.466 0.325 0.467 0.326 0.467 0.327 0.47 0.33 0.472 0.33 0.473 0.33 0.473 0.333 0.474 0.334 0.474 0.335 0.477 0.338 0.479 0.338 0.48 0.338 0.482 0.338 0.483 0.338 0.485 0.338 0.489 0.335 0.489 0.334 0.49 0.333 0.49 0.331 0.489 0.33 0.489 0.329 0.485 0.327 0.483 0.327 0.482 0.326 0.482 0.323 0.481 0.323 0.481 0.321 0.478 0.319 0.476 0.319 0.475 0.318
1 0.389 0.313 0.388 0.314 0.385 0.314 0.382 0.316 0.382 0.318 0.381 0.319 0.381 0.32 0.382 0.321 0.382 0.323 0.385 0.325 0.388 0.325 0.389 0.326 0.391 0.326 0.392 0.325 0.394 0.325 0.397 0.323 0.397 0.321 0.398 0.32 0.398 0.319 0.397 0.318 0.397 0.316 0.394 0.314 0.392 0.314 0.391 0.313
1 0.58 0.309 0.579 0.309 0.577 0.309 0.574 0.312 0.574 0.313 0.573 0.314 0.573 0.316 0.574 0.316 0.574 0.318 0.577 0.32 0.579 0.32 0.58 0.321 0.582 0.321 0.583 0.32 0.585 0.32 0.589 0.318 0.589 0.316 0.59 0.316 0.59 0.314 0.589 0.313 0.589 0.312 0.585 0.309 0.583 0.309 0.582 0.309
1 0.445 0.303 0.444 0.304 0.442 0.304 0.439 0.306 0.439 0.308 0.438 0.309 0.438 0.31 0.439 0.311 0.439 0.312 0.442 0.315 0.444 0.315 0.445 0.316 0.447 0.316 0.448 0.315 0.45 0.315 0.453 0.312 0.453 0.311 0.454 0.31 0.454 0.309 0.453 0.308 0.453 0.306 0.45 0.304 0.448 0.304 0.447 0.303
1 0.624 0.297 0.623 0.298 0.621 0.298 0.618 0.3 0.618 0.302 0.617 0.302 0.617 0.304 0.618 0.305 0.618 0.306 0.621 0.309 0.623 0.309 0.624 0.309 0.626 0.309 0.627 0.309 0.629 0.309 0.632 0.306 0.632 0.305 0.633 0.304 0.633 0.302 0.632 0.302 0.632 0.3 0.629 0.298 0.627 0.298 0.626 0.297
1 0.557 0.287 0.556 0.288 0.554 0.288 0.551 0.29 0.551 0.291 0.55 0.292 0.55 0.294 0.551 0.295 0.551 0.296 0.552 0.297 0.551 0.298 0.549 0.298 0.548 0.297 0.546 0.297 0.545 0.298 0.543 0.298 0.542 0.297 0.542 0.296 0.543 0.295 0.543 0.294 0.542 0.293 0.542 0.291 0.539 0.289 0.536 0.289 0.535 0.288 0.533 0.288 0.532 0.289 0.53 0.289 0.527 0.291 0.527 0.293 0.526 0.294 0.526 0.295 0.525 0.296 0.523 0.296 0.522 0.295 0.52 0.295 0.519 0.296 0.517 0.296 0.514 0.298 0.514 0.3 0.512 0.301 0.512 0.302 0.514 0.303 0.514 0.305 0.517 0.307 0.519 0.307 0.52 0.308 0.522 0.308 0.523 0.307 0.525 0.307 0.528 0.305 0.528 0.303 0.529 0.302 0.529 0.301 0.53 0.3 0.532 0.3 0.533 0.301 0.535 0.301 0.536 0.3 0.539 0.3 0.54 0.301 0.54 0.302 0.539 0.302 0.539 0.304 0.54 0.305 0.54 0.306 0.543 0.309 0.545 0.309 0.546 0.309 0.548 0.309 0.549 0.309 0.551 0.309 0.554 0.306 0.554 0.305 0.555 0.304 0.555 0.302 0.554 0.302 0.554 0.3 0.553 0.299 0.554 0.298 0.556 0.298 0.557 0.299 0.559 0.299 0.56 0.298 0.562 0.298 0.566 0.296 0.566 0.295 0.567 0.294 0.567 0.292 0.566 0.291 0.566 0.29 0.562 0.288 0.56 0.288 0.559 0.287
1 0.517 0.273 0.516 0.273 0.514 0.273 0.51 0.276 0.51 0.277 0.509 0.278 0.509 0.28 0.51 0.28 0.51 0.282 0.514 0.284 0.516 0.284 0.517 0.285 0.519 0.285 0.52 0.284 0.522 0.284 0.525 0.282 0.525 0.28 0.526 0.28 0.526 0.278 0.525 0.277 0.525 0.276 0.522 0.273 0.52 0.273 0.519 0.273
1 0.584 0.27 0.583 0.271 0.581 0.271 0.578 0.273 0.578 0.275 0.577 0.276 0.577 0.277 0.578 0.278 0.578 0.28 0.581 0.282 0.583 0.282 0.584 0.283 0.586 0.283 0.588 0.282 0.59 0.282 0.593 0.28 0.593 0.278 0.594 0.277 0.594 0.276 0.593 0.275 0.593 0.273 0.59 0.271 0.588 0.271 0.586 0.27
