7 0.344 0.733 0.343 0.734 0.342 0.734 0.341 0.734 0.34 0.734 0.336 0.737 0.336 0.738 0.335 0.738 0.335 0.739 0.334 0.74 0.334 0.745 0.335 0.745 0.335 0.746 0.336 0.747 0.336 0.748 0.34 0.75 0.341 0.75 0.342 0.751 0.343 0.751 0.344 0.752 0.35 0.752 0.351 0.751 0.352 0.751 0.353 0.75 0.354 0.75 0.357 0.748 0.357 0.747 0.358 0.746 0.358 0.745 0.359 0.745 0.359 0.74 0.358 0.739 0.358 0.738 0.357 0.738 0.357 0.737 0.354 0.734 0.353 0.734 0.352 0.734 0.351 0.734 0.35 0.733
7 0.624 0.666 0.623 0.667 0.622 0.667 0.621 0.668 0.62 0.668 0.617 0.67 0.617 0.671 0.616 0.672 0.616 0.673 0.615 0.673 0.615 0.678 0.616 0.679 0.616 0.68 0.617 0.68 0.617 0.681 0.62 0.684 0.621 0.684 0.622 0.684 0.623 0.684 0.624 0.685 0.63 0.685 0.631 0.684 0.632 0.684 0.633 0.684 0.634 0.684 0.638 0.681 0.638 0.68 0.639 0.68 0.639 0.679 0.64 0.678 0.64 0.673 0.639 0.673 0.639 0.672 0.638 0.671 0.638 0.67 0.634 0.668 0.633 0.668 0.632 0.667 0.631 0.667 0.63 0.666
7 0.635 0.643 0.634 0.644 0.633 0.644 0.632 0.645 0.631 0.645 0.628 0.647 0.628 0.648 0.627 0.648 0.627 0.649 0.626 0.65 0.626 0.655 0.627 0.655 0.627 0.656 0.628 0.657 0.628 0.658 0.631 0.66 0.632 0.66 0.633 0.661 0.634 0.661 0.635 0.662 0.642 0.662 0.643 0.661 0.644 0.661 0.645 0.66 0.646 0.66 0.649 0.658 0.649 0.657 0.65 0.656 0.65 0.655 0.651 0.655 0.651 0.65 0.65 0.649 0.65 0.648 0.649 0.648 0.649 0.647 0.646 0.645 0.645 0.645 0.644 0.644 0.643 0.644 0.642 0.643
7 0.519 0.626 0.518 0.627 0.517 0.627 0.512 0.63 0.512 0.63 0.511 0.631 0.511 0.636 0.512 0.637 0.512 0.638 0.517 0.641 0.518 0.641 0.519 0.641 0.525 0.641 0.527 0.64 0.528 0.64 0.531 0.638 0.531 0.637 0.532 0.636 0.532 0.631 0.531 0.63 0.531 0.63 0.528 0.627 0.527 0.627 0.525 0.626
7 0.584 0.621 0.583 0.622 0.582 0.622 0.578 0.625 0.578 0.626 0.577 0.627 0.577 0.631 0.578 0.632 0.578 0.633 0.582 0.636 0.583 0.636 0.584 0.637 0.591 0.637 0.593 0.635 0.594 0.635 0.597 0.633 0.597 0.632 0.598 0.631 0.598 0.627 0.597 0.626 0.597 0.625 0.594 0.623 0.593 0.623 0.591 0.621
7 0.469 0.615 0.468 0.616 0.466 0.616 0.462 0.618 0.462 0.62 0.46 0.621 0.459 0.62 0.457 0.62 0.456 0.621 0.454 0.621 0.451 0.623 0.451 0.625 0.45 0.626 0.45 0.627 0.451 0.628 0.451 0.63 0.454 0.632 0.456 0.632 0.457 0.633 0.459 0.633 0.46 0.632 0.462 0.632 0.466 0.63 0.466 0.628 0.468 0.627 0.469 0.627 0.471 0.627 0.472 0.627 0.474 0.627 0.477 0.624 0.477 0.623 0.478 0.622 0.478 0.62 0.477 0.62 0.477 0.618 0.474 0.616 0.472 0.616 0.471 0.615
7 0.633 0.612 0.632 0.612 0.63 0.612 0.627 0.615 0.627 0.616 0.626 0.617 0.626 0.619 0.627 0.62 0.627 0.621 0.63 0.623 0.632 0.623 0.633 0.624 0.635 0.624 0.636 0.623 0.639 0.623 0.642 0.621 0.642 0.62 0.643 0.619 0.643 0.617 0.642 0.616 0.642 0.615 0.639 0.612 0.636 0.612 0.635 0.612
7 0.56 0.607 0.559 0.608 0.557 0.608 0.554 0.61 0.554 0.612 0.553 0.612 0.553 0.614 0.554 0.615 0.554 0.616 0.557 0.619 0.559 0.619 0.56 0.62 0.562 0.62 0.564 0.619 0.566 0.619 0.569 0.616 0.569 0.615 0.57 0.614 0.57 0.612 0.569 0.612 0.569 0.61 0.566 0.608 0.564 0.608 0.562 0.607
7 0.522 0.605 0.521 0.605 0.519 0.605 0.516 0.608 0.516 0.609 0.515 0.61 0.515 0.612 0.516 0.612 0.516 0.614 0.519 0.616 0.521 0.616 0.522 0.617 0.524 0.617 0.525 0.616 0.526 0.616 0.527 0.617 0.527 0.619 0.528 0.62 0.528 0.621 0.531 0.623 0.533 0.623 0.534 0.624 0.536 0.624 0.538 0.623 0.54 0.623 0.543 0.621 0.543 0.62 0.544 0.619 0.544 0.617 0.543 0.616 0.543 0.615 0.544 0.614 0.544 0.612 0.545 0.612 0.545 0.61 0.544 0.609 0.544 0.608 0.541 0.605 0.539 0.605 0.538 0.605 0.535 0.605 0.534 0.605 0.532 0.605 0.53 0.607 0.529 0.607 0.527 0.605 0.525 0.605 0.524 0.605
7 0.494 0.599 0.493 0.6 0.491 0.6 0.488 0.602 0.488 0.604 0.486 0.605 0.486 0.606 0.485 0.607 0.484 0.607 0.483 0.608 0.481 0.608 0.478 0.61 0.478 0.612 0.477 0.612 0.477 0.614 0.478 0.615 0.478 0.616 0.481 0.619 0.483 0.619 0.484 0.62 0.486 0.62 0.488 0.619 0.49 0.619 0.493 0.616 0.493 0.615 0.494 0.614 0.494 0.612 0.495 0.612 0.496 0.612 0.497 0.611 0.499 0.611 0.502 0.609 0.502 0.607 0.503 0.606 0.503 0.605 0.502 0.604 0.502 0.602 0.499 0.6 0.497 0.6 0.496 0.599
7 0.696 0.598 0.695 0.599 0.694 0.599 0.693 0.6 0.692 0.6 0.689 0.602 0.689 0.603 0.688 0.604 0.688 0.605 0.686 0.605 0.686 0.61 0.688 0.611 0.688 0.612 0.689 0.612 0.689 0.613 0.692 0.616 0.693 0.616 0.694 0.616 0.695 0.616 0.696 0.617 0.702 0.617 0.703 0.616 0.704 0.616 0.705 0.616 0.706 0.616 0.709 0.613 0.709 0.612 0.71 0.612 0.71 0.611 0.711 0.61 0.711 0.605 0.71 0.605 0.71 0.604 0.709 0.603 0.709 0.602 0.706 0.6 0.705 0.6 0.704 0.599 0.703 0.599 0.702 0.598
7 0.382 0.598 0.381 0.599 0.38 0.599 0.379 0.6 0.378 0.6 0.375 0.602 0.375 0.603 0.374 0.604 0.374 0.605 0.373 0.605 0.373 0.61 0.374 0.611 0.374 0.612 0.375 0.612 0.375 0.613 0.378 0.616 0.379 0.616 0.38 0.616 0.381 0.616 0.382 0.617 0.389 0.617 0.39 0.616 0.391 0.616 0.392 0.616 0.393 0.616 0.396 0.613 0.396 0.612 0.397 0.612 0.397 0.611 0.398 0.61 0.398 0.605 0.397 0.605 0.397 0.604 0.396 0.603 0.396 0.602 0.393 0.6 0.392 0.6 0.391 0.599 0.39 0.599 0.389 0.598
7 0.64 0.595 0.639 0.595 0.636 0.595 0.633 0.598 0.633 0.599 0.632 0.6 0.632 0.602 0.633 0.602 0.633 0.604 0.636 0.606 0.639 0.606 0.64 0.607 0.642 0.607 0.643 0.606 0.645 0.606 0.648 0.604 0.648 0.602 0.649 0.602 0.649 0.6 0.648 0.599 0.648 0.598 0.645 0.595 0.643 0.595 0.642 0.595
7 0.459 0.593 0.458 0.594 0.456 0.594 0.453 0.596 0.453 0.598 0.452 0.598 0.452 0.6 0.453 0.601 0.453 0.602 0.456 0.605 0.458 0.605 0.459 0.605 0.461 0.605 0.462 0.605 0.465 0.605 0.468 0.602 0.468 0.601 0.469 0.6 0.469 0.598 0.468 0.598 0.468 0.596 0.465 0.594 0.462 0.594 0.461 0.593
7 0.562 0.588 0.561 0.588 0.559 0.588 0.556 0.591 0.556 0.592 0.555 0.593 0.555 0.595 0.556 0.595 0.556 0.597 0.559 0.599 0.561 0.599 0.562 0.6 0.565 0.6 0.566 0.599 0.568 0.599 0.571 0.597 0.571 0.595 0.572 0.595 0.572 0.593 0.571 0.592 0.571 0.591 0.568 0.588 0.566 0.588 0.565 0.588
7 0.542 0.587 0.541 0.588 0.539 0.588 0.535 0.59 0.535 0.591 0.534 0.592 0.534 0.594 0.535 0.595 0.535 0.596 0.539 0.598 0.541 0.598 0.542 0.599 0.544 0.599 0.545 0.598 0.547 0.598 0.55 0.596 0.55 0.595 0.551 0.594 0.551 0.592 0.55 0.591 0.55 0.59 0.547 0.588 0.545 0.588 0.544 0.587
7 0.603 0.584 0.602 0.585 0.6 0.585 0.597 0.588 0.597 0.589 0.596 0.59 0.596 0.591 0.597 0.592 0.597 0.594 0.6 0.596 0.602 0.596 0.603 0.597 0.605 0.597 0.606 0.596 0.608 0.596 0.611 0.594 0.611 0.592 0.612 0.591 0.612 0.59 0.611 0.589 0.611 0.588 0.608 0.585 0.606 0.585 0.605 0.584
7 0.664 0.581 0.662 0.582 0.661 0.582 0.657 0.585 0.657 0.586 0.656 0.587 0.656 0.591 0.657 0.592 0.657 0.593 0.661 0.596 0.662 0.596 0.664 0.597 0.67 0.597 0.672 0.595 0.673 0.595 0.676 0.593 0.676 0.592 0.677 0.591 0.677 0.587 0.676 0.586 0.676 0.585 0.673 0.583 0.672 0.583 0.67 0.581
7 0.819 0.58 0.818 0.581 0.817 0.581 0.816 0.582 0.815 0.582 0.811 0.584 0.811 0.585 0.81 0.586 0.81 0.587 0.809 0.588 0.809 0.592 0.81 0.593 0.81 0.594 0.811 0.595 0.811 0.595 0.815 0.598 0.816 0.598 0.817 0.598 0.818 0.598 0.819 0.599 0.825 0.599 0.826 0.598 0.827 0.598 0.828 0.598 0.829 0.598 0.832 0.595 0.832 0.595 0.833 0.594 0.833 0.593 0.834 0.592 0.834 0.588 0.833 0.587 0.833 0.586 0.832 0.585 0.832 0.584 0.829 0.582 0.828 0.582 0.827 0.581 0.826 0.581 0.825 0.58
7 0.421 0.579 0.42 0.58 0.419 0.58 0.415 0.583 0.415 0.584 0.414 0.584 0.414 0.589 0.415 0.59 0.415 0.591 0.419 0.594 0.42 0.594 0.421 0.595 0.427 0.595 0.429 0.593 0.43 0.593 0.433 0.591 0.433 0.59 0.434 0.589 0.434 0.584 0.433 0.584 0.433 0.583 0.43 0.58 0.429 0.58 0.427 0.579
7 0.588 0.573 0.586 0.573 0.584 0.573 0.581 0.576 0.581 0.577 0.58 0.578 0.58 0.58 0.581 0.58 0.581 0.582 0.584 0.584 0.586 0.584 0.588 0.585 0.59 0.585 0.591 0.584 0.593 0.584 0.596 0.582 0.596 0.58 0.597 0.58 0.597 0.578 0.596 0.577 0.596 0.576 0.593 0.573 0.591 0.573 0.59 0.573
7 0.496 0.571 0.495 0.572 0.493 0.572 0.49 0.574 0.49 0.576 0.489 0.577 0.489 0.578 0.49 0.579 0.49 0.58 0.493 0.583 0.495 0.583 0.496 0.584 0.498 0.584 0.499 0.583 0.501 0.583 0.504 0.58 0.504 0.579 0.505 0.578 0.505 0.577 0.504 0.576 0.504 0.574 0.501 0.572 0.499 0.572 0.498 0.571
7 0.616 0.57 0.615 0.57 0.612 0.57 0.609 0.573 0.609 0.574 0.608 0.575 0.608 0.577 0.609 0.577 0.609 0.579 0.612 0.581 0.615 0.581 0.616 0.582 0.618 0.582 0.619 0.581 0.621 0.581 0.622 0.582 0.622 0.584 0.621 0.584 0.621 0.586 0.622 0.587 0.622 0.588 0.625 0.591 0.627 0.591 0.628 0.591 0.63 0.591 0.631 0.591 0.633 0.591 0.636 0.588 0.636 0.587 0.638 0.586 0.638 0.584 0.636 0.584 0.636 0.582 0.633 0.58 0.631 0.58 0.63 0.579 0.628 0.579 0.627 0.58 0.625 0.58 0.624 0.579 0.624 0.577 0.625 0.577 0.625 0.575 0.624 0.574 0.624 0.573 0.621 0.57 0.619 0.57 0.618 0.57
7 0.564 0.562 0.562 0.563 0.56 0.563 0.557 0.566 0.557 0.567 0.556 0.568 0.556 0.57 0.557 0.57 0.557 0.572 0.56 0.574 0.562 0.574 0.564 0.575 0.566 0.575 0.567 0.574 0.569 0.574 0.572 0.572 0.572 0.57 0.573 0.57 0.573 0.568 0.572 0.567 0.572 0.566 0.569 0.563 0.567 0.563 0.566 0.562
7 0.43 0.562 0.429 0.562 0.428 0.562 0.424 0.566 0.424 0.566 0.423 0.567 0.423 0.572 0.424 0.573 0.424 0.573 0.428 0.577 0.429 0.577 0.43 0.577 0.436 0.577 0.439 0.576 0.44 0.576 0.443 0.573 0.443 0.573 0.444 0.572 0.444 0.567 0.443 0.566 0.443 0.566 0.44 0.563 0.439 0.563 0.436 0.562
7 0.711 0.555 0.71 0.556 0.709 0.556 0.708 0.557 0.707 0.557 0.704 0.559 0.704 0.56 0.703 0.561 0.703 0.562 0.702 0.562 0.702 0.567 0.703 0.568 0.703 0.569 0.704 0.57 0.704 0.57 0.707 0.573 0.708 0.573 0.709 0.573 0.71 0.573 0.711 0.574 0.718 0.574 0.719 0.573 0.72 0.573 0.721 0.573 0.722 0.573 0.725 0.57 0.725 0.57 0.726 0.569 0.726 0.568 0.727 0.567 0.727 0.562 0.726 0.562 0.726 0.561 0.725 0.56 0.725 0.559 0.722 0.557 0.721 0.557 0.72 0.556 0.719 0.556 0.718 0.555
7 0.457 0.552 0.456 0.553 0.454 0.553 0.451 0.555 0.451 0.557 0.45 0.558 0.45 0.559 0.451 0.56 0.451 0.562 0.454 0.564 0.456 0.564 0.457 0.565 0.459 0.565 0.46 0.564 0.462 0.564 0.466 0.562 0.466 0.56 0.467 0.559 0.467 0.558 0.466 0.557 0.466 0.555 0.462 0.553 0.46 0.553 0.459 0.552
7 0.62 0.551 0.619 0.552 0.617 0.552 0.614 0.554 0.614 0.555 0.612 0.556 0.612 0.558 0.614 0.559 0.614 0.56 0.617 0.562 0.619 0.562 0.62 0.563 0.622 0.563 0.623 0.562 0.625 0.562 0.628 0.56 0.628 0.559 0.629 0.558 0.629 0.556 0.628 0.555 0.628 0.554 0.625 0.552 0.623 0.552 0.622 0.551
7 0.605 0.541 0.604 0.541 0.602 0.541 0.599 0.544 0.599 0.545 0.598 0.546 0.598 0.548 0.599 0.548 0.599 0.55 0.602 0.552 0.604 0.552 0.605 0.553 0.607 0.553 0.608 0.552 0.61 0.552 0.614 0.55 0.614 0.548 0.615 0.548 0.615 0.546 0.614 0.545 0.614 0.544 0.61 0.541 0.608 0.541 0.607 0.541
7 0.442 0.54 0.441 0.541 0.439 0.541 0.435 0.543 0.435 0.545 0.434 0.545 0.434 0.547 0.435 0.548 0.435 0.549 0.439 0.552 0.441 0.552 0.442 0.552 0.444 0.552 0.445 0.552 0.447 0.552 0.45 0.549 0.45 0.548 0.451 0.547 0.451 0.545 0.45 0.545 0.45 0.543 0.447 0.541 0.445 0.541 0.444 0.54
7 0.471 0.532 0.47 0.533 0.468 0.533 0.465 0.535 0.465 0.537 0.464 0.538 0.464 0.539 0.465 0.54 0.465 0.541 0.468 0.544 0.47 0.544 0.471 0.545 0.473 0.545 0.474 0.544 0.476 0.544 0.479 0.541 0.479 0.54 0.48 0.539 0.48 0.538 0.479 0.537 0.479 0.535 0.476 0.533 0.474 0.533 0.473 0.532
7 0.58 0.523 0.579 0.524 0.577 0.524 0.574 0.527 0.574 0.528 0.573 0.529 0.573 0.53 0.574 0.531 0.574 0.533 0.577 0.535 0.579 0.535 0.58 0.536 0.582 0.536 0.583 0.535 0.585 0.535 0.589 0.533 0.589 0.531 0.59 0.53 0.59 0.529 0.589 0.528 0.589 0.527 0.585 0.524 0.583 0.524 0.582 0.523
7 0.633 0.522 0.632 0.523 0.63 0.523 0.627 0.525 0.627 0.527 0.626 0.527 0.626 0.529 0.627 0.53 0.627 0.532 0.626 0.533 0.626 0.534 0.625 0.535 0.625 0.537 0.626 0.538 0.626 0.539 0.629 0.541 0.631 0.541 0.632 0.542 0.634 0.542 0.635 0.541 0.638 0.541 0.641 0.539 0.641 0.538 0.642 0.537 0.642 0.535 0.641 0.534 0.641 0.532 0.642 0.531 0.642 0.53 0.643 0.529 0.643 0.527 0.642 0.527 0.642 0.525 0.639 0.523 0.636 0.523 0.635 0.522
7 0.615 0.521 0.614 0.522 0.611 0.522 0.608 0.524 0.608 0.526 0.607 0.527 0.607 0.528 0.608 0.529 0.608 0.53 0.611 0.533 0.614 0.533 0.615 0.534 0.617 0.534 0.618 0.533 0.62 0.533 0.623 0.53 0.623 0.529 0.624 0.528 0.624 0.527 0.623 0.526 0.623 0.524 0.62 0.522 0.618 0.522 0.617 0.521
7 0.4 0.509 0.399 0.509 0.397 0.509 0.394 0.512 0.394 0.513 0.393 0.514 0.393 0.516 0.394 0.516 0.394 0.518 0.397 0.52 0.399 0.52 0.4 0.521 0.402 0.521 0.403 0.52 0.405 0.52 0.408 0.518 0.408 0.516 0.409 0.516 0.409 0.514 0.408 0.513 0.408 0.512 0.405 0.509 0.403 0.509 0.402 0.509
7 0.6 0.508 0.599 0.509 0.597 0.509 0.594 0.511 0.594 0.512 0.593 0.513 0.593 0.515 0.594 0.516 0.594 0.517 0.597 0.52 0.599 0.52 0.6 0.52 0.602 0.52 0.603 0.52 0.605 0.52 0.608 0.517 0.608 0.516 0.609 0.515 0.609 0.513 0.608 0.512 0.608 0.511 0.605 0.509 0.603 0.509 0.602 0.508
7 0.429 0.508 0.428 0.509 0.426 0.509 0.423 0.511 0.423 0.512 0.422 0.513 0.422 0.515 0.423 0.516 0.423 0.517 0.426 0.52 0.428 0.52 0.429 0.52 0.431 0.52 0.432 0.52 0.434 0.52 0.438 0.517 0.438 0.516 0.439 0.515 0.439 0.513 0.438 0.512 0.438 0.511 0.434 0.509 0.432 0.509 0.431 0.508
7 0.365 0.506 0.364 0.507 0.362 0.507 0.361 0.508 0.36 0.508 0.357 0.51 0.357 0.511 0.356 0.512 0.356 0.512 0.355 0.513 0.355 0.518 0.356 0.519 0.356 0.52 0.357 0.52 0.357 0.521 0.36 0.523 0.361 0.523 0.362 0.524 0.364 0.524 0.365 0.525 0.371 0.525 0.372 0.524 0.373 0.524 0.374 0.523 0.375 0.523 0.378 0.521 0.378 0.52 0.379 0.52 0.379 0.519 0.38 0.518 0.38 0.513 0.379 0.512 0.379 0.512 0.378 0.511 0.378 0.51 0.375 0.508 0.374 0.508 0.373 0.507 0.372 0.507 0.371 0.506
7 0.722 0.497 0.721 0.498 0.72 0.498 0.719 0.498 0.718 0.498 0.715 0.501 0.715 0.502 0.714 0.502 0.714 0.503 0.712 0.504 0.712 0.509 0.714 0.509 0.714 0.51 0.715 0.511 0.715 0.512 0.718 0.514 0.719 0.514 0.72 0.515 0.721 0.515 0.722 0.516 0.728 0.516 0.729 0.515 0.73 0.515 0.731 0.514 0.732 0.514 0.735 0.512 0.735 0.511 0.736 0.51 0.736 0.509 0.738 0.509 0.738 0.504 0.736 0.503 0.736 0.502 0.735 0.502 0.735 0.501 0.732 0.498 0.731 0.498 0.73 0.498 0.729 0.498 0.728 0.497
7 0.445 0.495 0.444 0.496 0.442 0.496 0.439 0.498 0.439 0.5 0.438 0.501 0.438 0.502 0.439 0.503 0.439 0.505 0.442 0.507 0.444 0.507 0.445 0.508 0.447 0.508 0.448 0.507 0.45 0.507 0.453 0.505 0.453 0.503 0.454 0.502 0.454 0.501 0.453 0.5 0.453 0.498 0.45 0.496 0.448 0.496 0.447 0.495
7 0.333 0.495 0.332 0.495 0.331 0.495 0.33 0.496 0.329 0.496 0.326 0.498 0.326 0.499 0.325 0.5 0.325 0.501 0.324 0.502 0.324 0.506 0.325 0.507 0.325 0.508 0.326 0.509 0.326 0.509 0.329 0.512 0.33 0.512 0.331 0.512 0.332 0.512 0.333 0.513 0.34 0.513 0.341 0.512 0.342 0.512 0.343 0.512 0.344 0.512 0.347 0.509 0.347 0.509 0.348 0.508 0.348 0.507 0.349 0.506 0.349 0.502 0.348 0.501 0.348 0.5 0.347 0.499 0.347 0.498 0.344 0.496 0.343 0.496 0.342 0.495 0.341 0.495 0.34 0.495
7 0.554 0.494 0.553 0.495 0.551 0.495 0.548 0.497 0.548 0.498 0.547 0.499 0.547 0.501 0.548 0.502 0.548 0.503 0.551 0.505 0.553 0.505 0.554 0.506 0.556 0.506 0.557 0.505 0.559 0.505 0.562 0.503 0.562 0.502 0.564 0.501 0.564 0.499 0.562 0.498 0.562 0.497 0.559 0.495 0.557 0.495 0.556 0.494
7 0.631 0.489 0.63 0.49 0.628 0.49 0.625 0.492 0.625 0.494 0.624 0.495 0.624 0.496 0.625 0.497 0.625 0.498 0.628 0.501 0.63 0.501 0.631 0.502 0.633 0.502 0.634 0.501 0.636 0.501 0.638 0.502 0.635 0.503 0.635 0.505 0.634 0.505 0.634 0.507 0.635 0.508 0.635 0.509 0.639 0.512 0.641 0.512 0.642 0.512 0.644 0.512 0.645 0.512 0.647 0.512 0.65 0.509 0.65 0.508 0.651 0.507 0.651 0.505 0.65 0.505 0.65 0.503 0.647 0.501 0.645 0.501 0.644 0.5 0.642 0.5 0.641 0.501 0.639 0.501 0.638 0.5 0.64 0.498 0.64 0.497 0.641 0.496 0.641 0.495 0.64 0.494 0.64 0.492 0.636 0.49 0.634 0.49 0.633 0.489
7 0.528 0.47 0.527 0.47 0.525 0.47 0.522 0.473 0.522 0.474 0.521 0.475 0.521 0.477 0.522 0.477 0.522 0.479 0.525 0.481 0.527 0.481 0.528 0.482 0.53 0.482 0.531 0.481 0.533 0.481 0.536 0.479 0.536 0.477 0.538 0.477 0.538 0.475 0.536 0.474 0.536 0.473 0.533 0.47 0.531 0.47 0.53 0.47
7 0.427 0.47 0.426 0.47 0.424 0.47 0.42 0.473 0.418 0.472 0.416 0.472 0.415 0.471 0.412 0.471 0.411 0.472 0.409 0.472 0.406 0.474 0.406 0.476 0.405 0.477 0.405 0.478 0.406 0.479 0.406 0.48 0.409 0.483 0.411 0.483 0.412 0.484 0.415 0.484 0.416 0.483 0.418 0.483 0.422 0.48 0.424 0.481 0.426 0.481 0.427 0.482 0.429 0.482 0.43 0.481 0.432 0.481 0.435 0.479 0.435 0.477 0.436 0.477 0.436 0.475 0.435 0.474 0.435 0.473 0.432 0.47 0.43 0.47 0.429 0.47
7 0.652 0.462 0.651 0.463 0.65 0.463 0.649 0.464 0.648 0.464 0.645 0.466 0.645 0.467 0.644 0.468 0.644 0.469 0.643 0.47 0.643 0.474 0.644 0.475 0.644 0.476 0.645 0.477 0.645 0.477 0.648 0.48 0.649 0.48 0.65 0.48 0.651 0.48 0.652 0.481 0.658 0.481 0.659 0.48 0.66 0.48 0.661 0.48 0.662 0.48 0.666 0.477 0.666 0.477 0.667 0.476 0.667 0.475 0.668 0.474 0.668 0.47 0.667 0.469 0.667 0.468 0.666 0.467 0.666 0.466 0.662 0.464 0.661 0.464 0.66 0.463 0.659 0.463 0.658 0.462
7 0.447 0.459 0.446 0.459 0.444 0.459 0.441 0.462 0.441 0.463 0.44 0.464 0.44 0.466 0.441 0.466 0.441 0.468 0.444 0.47 0.446 0.47 0.447 0.471 0.449 0.471 0.45 0.47 0.452 0.47 0.455 0.468 0.455 0.466 0.456 0.466 0.456 0.464 0.455 0.463 0.455 0.462 0.452 0.459 0.45 0.459 0.449 0.459
7 0.408 0.455 0.407 0.455 0.405 0.455 0.402 0.458 0.402 0.459 0.401 0.46 0.401 0.462 0.402 0.462 0.402 0.464 0.405 0.466 0.407 0.466 0.408 0.467 0.41 0.467 0.411 0.466 0.414 0.466 0.417 0.464 0.417 0.462 0.418 0.462 0.418 0.46 0.417 0.459 0.417 0.458 0.414 0.455 0.411 0.455 0.41 0.455
7 0.235 0.443 0.234 0.444 0.233 0.444 0.232 0.445 0.231 0.445 0.228 0.447 0.228 0.448 0.227 0.448 0.227 0.449 0.226 0.45 0.226 0.455 0.227 0.455 0.227 0.456 0.228 0.457 0.228 0.458 0.231 0.46 0.232 0.46 0.233 0.461 0.234 0.461 0.235 0.462 0.242 0.462 0.243 0.461 0.244 0.461 0.245 0.46 0.246 0.46 0.249 0.458 0.249 0.457 0.25 0.456 0.25 0.455 0.251 0.455 0.251 0.45 0.25 0.449 0.25 0.448 0.249 0.448 0.249 0.447 0.246 0.445 0.245 0.445 0.244 0.444 0.243 0.444 0.242 0.443
7 0.556 0.435 0.555 0.436 0.553 0.436 0.55 0.438 0.55 0.44 0.549 0.441 0.549 0.442 0.55 0.443 0.55 0.445 0.553 0.447 0.555 0.447 0.556 0.448 0.558 0.448 0.559 0.447 0.561 0.447 0.565 0.445 0.565 0.443 0.566 0.442 0.566 0.441 0.565 0.44 0.565 0.438 0.561 0.436 0.559 0.436 0.558 0.435
7 0.443 0.435 0.442 0.436 0.44 0.436 0.436 0.438 0.436 0.44 0.435 0.441 0.435 0.442 0.436 0.443 0.436 0.445 0.44 0.447 0.442 0.447 0.443 0.448 0.445 0.448 0.446 0.447 0.448 0.447 0.451 0.445 0.451 0.443 0.452 0.442 0.452 0.441 0.451 0.44 0.451 0.438 0.448 0.436 0.446 0.436 0.445 0.435
7 0.432 0.423 0.431 0.424 0.429 0.424 0.426 0.427 0.426 0.428 0.425 0.429 0.425 0.43 0.426 0.431 0.426 0.433 0.429 0.435 0.431 0.435 0.432 0.436 0.434 0.436 0.435 0.435 0.438 0.435 0.441 0.433 0.441 0.431 0.442 0.43 0.442 0.429 0.441 0.428 0.441 0.427 0.438 0.424 0.435 0.424 0.434 0.423
7 0.553 0.402 0.552 0.403 0.551 0.403 0.55 0.404 0.549 0.404 0.546 0.406 0.546 0.407 0.545 0.408 0.545 0.409 0.544 0.409 0.544 0.414 0.545 0.415 0.545 0.416 0.546 0.416 0.546 0.417 0.549 0.42 0.55 0.42 0.551 0.42 0.552 0.42 0.553 0.421 0.559 0.421 0.56 0.42 0.561 0.42 0.562 0.42 0.564 0.42 0.567 0.417 0.567 0.416 0.568 0.416 0.568 0.415 0.569 0.414 0.569 0.409 0.568 0.409 0.568 0.408 0.567 0.407 0.567 0.406 0.564 0.404 0.562 0.404 0.561 0.403 0.56 0.403 0.559 0.402
7 0.43 0.398 0.429 0.398 0.428 0.398 0.427 0.399 0.426 0.399 0.423 0.402 0.423 0.402 0.422 0.403 0.422 0.404 0.421 0.405 0.421 0.409 0.422 0.41 0.422 0.411 0.423 0.412 0.423 0.412 0.426 0.415 0.427 0.415 0.428 0.416 0.429 0.416 0.43 0.416 0.436 0.416 0.438 0.416 0.439 0.416 0.44 0.415 0.441 0.415 0.444 0.412 0.444 0.412 0.445 0.411 0.445 0.41 0.446 0.409 0.446 0.405 0.445 0.404 0.445 0.403 0.444 0.402 0.444 0.402 0.441 0.399 0.44 0.399 0.439 0.398 0.438 0.398 0.436 0.398
7 0.675 0.38 0.674 0.381 0.673 0.381 0.672 0.382 0.671 0.382 0.668 0.384 0.668 0.385 0.667 0.386 0.667 0.387 0.666 0.388 0.666 0.389 0.665 0.39 0.664 0.389 0.657 0.389 0.656 0.39 0.655 0.39 0.654 0.391 0.653 0.391 0.65 0.393 0.65 0.394 0.649 0.395 0.649 0.395 0.648 0.396 0.648 0.401 0.649 0.402 0.649 0.402 0.65 0.403 0.65 0.404 0.653 0.406 0.654 0.406 0.655 0.407 0.656 0.407 0.657 0.408 0.664 0.408 0.665 0.407 0.666 0.407 0.667 0.406 0.668 0.406 0.671 0.404 0.671 0.403 0.672 0.402 0.672 0.402 0.673 0.401 0.673 0.399 0.674 0.398 0.675 0.399 0.681 0.399 0.682 0.398 0.683 0.398 0.684 0.398 0.685 0.398 0.689 0.395 0.689 0.395 0.69 0.394 0.69 0.393 0.691 0.392 0.691 0.388 0.69 0.387 0.69 0.386 0.689 0.385 0.689 0.384 0.685 0.382 0.684 0.382 0.683 0.381 0.682 0.381 0.681 0.38
7 0.553 0.361 0.552 0.362 0.551 0.362 0.55 0.362 0.549 0.362 0.546 0.365 0.546 0.366 0.545 0.366 0.545 0.367 0.544 0.368 0.544 0.373 0.545 0.373 0.545 0.374 0.546 0.375 0.546 0.376 0.549 0.378 0.55 0.378 0.551 0.379 0.552 0.379 0.553 0.38 0.559 0.38 0.56 0.379 0.561 0.379 0.562 0.378 0.564 0.378 0.567 0.376 0.567 0.375 0.568 0.374 0.568 0.373 0.569 0.373 0.569 0.368 0.568 0.367 0.568 0.366 0.567 0.366 0.567 0.365 0.564 0.362 0.562 0.362 0.561 0.362 0.56 0.362 0.559 0.361
